061987061350019900000100001479000
061987061350019900000200000140000
061987061350019900000300000788000
061987061350019900001500000046000
061987061350019900003300000001000
061987061350019900003700000001000
061987061350019900003800000000000
061987061350019900004800000011000
061987061350019900005400000203000
061987061350019900005500000017000
061987061350019900005700000001000
061987061350019900008400000056000
061987061350019900008500000005000
061987061350019900010400000001000
061987061350019900017400000001000
061987061350029900000100001208000
061987061350029900000200000167000
061987061350029900000300002108000
061987061350029900001500002728000
061987061350029900003300000005000
061987061350029900003700000014000
061987061350029900003800000007000
061987061350029900004800000022000
061987061350029900005400000920000
061987061350029900005500000162000
061987061350029900005700000003000
061987061350029900008400000168000
061987061350029900008500000012000
061987061350029900010400000001000
061987061350029900017400000007000
061987061350039900000100000196000
061987061350039900000200000180000
061987061350039900000300000118000
061987061350039900001600000264000
061987061350039900005500000002000
061987061350039900008700000015000
061987061350039900009000000351000
061987061350049900000100004745000
061987061350049900000200000587000
061987061350049900000300004539000
061987061350049900001500000298000
061987061350049900004800000797000
061987061350049900005400000188000
061987061350049900008400000877000
061987061350049900008900000495000
061987061350059900000100000270000
061987061350059900000200000302000
061987061350059900000300000064000
061987061350059900001500000008000
061987061350059900003300000000000
061987061350059900003700000000000
061987061350059900003800000000000
061987061350059900004800000008000
061987061350059900005400000000000
061987061350059900005500000000000
061987061350059900005700000001000
061987061350059900008400000006000
061987061350059900008500000008000
061987061350059900010400000000000
061987061350059900017400000001000
061987061350069900000100006109000
061987061350069900000200001917000
061987061350069900000300003278000
061987061350069900001500001311000
061987061350069900003300000008000
061987061350069900003700000029000
061987061350069900003800000017000
061987061350069900004800000109000
061987061350069900005400001068000
061987061350069900005500000183000
061987061350069900005700000028000
061987061350069900008400001121000
061987061350069900008500000054000
061987061350069900010400000018000
061987061350069900017400000017000
061987061350079900000100000089000
061987061350079900000200000012000
061987061350079900000300000070000
061987061350079900001600000120000
061987061350079900005500000000000
061987061350079900008700000007000
061987061350079900009000000063000
061987061350089900000100001135000
061987061350089900000200000541000
061987061350089900000300000575000
061987061350089900001500000121000
061987061350089900003300000001000
061987061350089900003700000003000
061987061350089900003800000007000
061987061350089900004800000009000
061987061350089900005400000458000
061987061350089900005500000489000
061987061350089900005700000001000
061987061350089900008400000147000
061987061350089900008500000008000
061987061350089900010400000002000
061987061350089900017400000000000
061987061350099900000100005838000
061987061350099900000200001527000
061987061350099900000300001585000
061987061350099900001500000703000
061987061350099900003300000014000
061987061350099900003700000031000
061987061350099900003800000010000
061987061350099900004800000123000
061987061350099900005400000114000
061987061350099900005500000343000
061987061350099900005700000014000
061987061350099900008400000659000
061987061350099900008500000066000
061987061350099900010400000008000
061987061350099900017400000032000
061987061350109900000100000970000
061987061350109900000200000002000
061987061350109900000300000479000
061987061350109900001500000055000
061987061350109900004800000037000
061987061350109900005400000005000
061987061350109900008400000014000
061987061350109900008900000055000
061987061350119900000100005376000
061987061350119900000200001283000
061987061350119900000300001857000
061987061350119900001500000667000
061987061350119900003300000040000
061987061350119900003700000026000
061987061350119900003800000012000
061987061350119900004800000047000
061987061350119900005400000195000
061987061350119900005500000414000
061987061350119900005700000020000
061987061350119900008400000607000
061987061350119900008500000044000
061987061350119900010400000009000
061987061350119900017400000014000
061987061350129900000100001088000
061987061350129900000200000099000
061987061350129900000300001225000
061987061350129900001500000149000
061987061350129900003300000002000
061987061350129900003700000005000
061987061350129900003800000002000
061987061350129900004800000008000
061987061350129900005400000035000
061987061350129900005500001122000
061987061350129900005700000003000
061987061350129900008400000028000
061987061350129900008500000093000
061987061350129900010400000003000
061987061350129900017400000006000
061987061350139900000100001135000
061987061350139900000200000272000
061987061350139900000300000604000
061987061350139900001500000261000
061987061350139900003300000006000
061987061350139900003700000009000
061987061350139900003800000007000
061987061350139900004800000009000
061987061350139900005400002115000
061987061350139900005500000040000
061987061350139900005700000004000
061987061350139900008400000038000
061987061350139900008500000008000
061987061350139900010400000004000
061987061350139900017400000002000
061987061350149900000100000132000
061987061350149900000200000008000
061987061350149900000300001216000
061987061350149900001600000431000
061987061350149900005500000003000
061987061350149900008700000007000
061987061350149900009000000440000
061987061350159900000100000215000
061987061350159900000200000006000
061987061350159900000300000283000
061987061350159900001600001164000
061987061350159900005500000006000
061987061350159900008700000016000
061987061350159900009000000351000
061987061350169900000100040417000
061987061350169900000200030802000
061987061350169900000300036603000
061987061350169900001500005405000
061987061350169900003300000272000
061987061350169900003700000611000
061987061350169900003800000531000
061987061350169900004800003346000
061987061350169900005400001833000
061987061350169900005500007739000
061987061350169900005700000348000
061987061350169900008400016800000
061987061350169900008500002869000
061987061350169900010400000239000
061987061350169900017400000383000
061987061350179900000100000166000
061987061350179900000200000237000
061987061350179900000300000781000
061987061350179900001600001572000
061987061350179900005500000049000
061987061350179900008700000110000
061987061350179900009000001347000
061987061350189900000100000625000
061987061350189900000200000078000
061987061350189900000300000840000
061987061350189900001500000119000
061987061350189900004800000050000
061987061350189900005400000779000
061987061350189900008400000044000
061987061350189900008900000069000
061987061350199900000100001857000
061987061350199900000200000550000
061987061350199900000300001473000
061987061350199900001500001515000
061987061350199900003300000006000
061987061350199900003700000010000
061987061350199900003800000021000
061987061350199900004800000089000
061987061350199900005400000043000
061987061350199900005500005144000
061987061350199900005700000021000
061987061350199900008400000226000
061987061350199900008500000360000
061987061350199900010400000017000
061987061350199900017400000044000
061987061350209900000100001357000
061987061350209900000200000155000
061987061350209900000300002060000
061987061350209900001500000112000
061987061350209900003300000001000
061987061350209900003700000001000
061987061350209900003800000003000
061987061350209900004800000013000
061987061350209900005400000437000
061987061350209900005500000015000
061987061350209900005700000001000
061987061350209900008400000226000
061987061350209900008500000004000
061987061350209900010400000001000
061987061350209900017400000003000
061987061350219900000100001576000
061987061350219900000200001264000
061987061350219900000300001745000
061987061350219900001500000149000
061987061350219900003300000015000
061987061350219900003700000015000
061987061350219900003800000013000
061987061350219900004800000079000
061987061350219900005400000767000
061987061350219900005500000378000
061987061350219900005700000011000
061987061350219900008400000142000
061987061350219900008500000313000
061987061350219900010400000003000
061987061350219900017400000011000
061987061350229900000100002189000
061987061350229900000200000416000
061987061350229900000300002072000
061987061350229900001500006832000
061987061350229900003300000026000
061987061350229900003700000030000
061987061350229900003800000018000
061987061350229900004800000117000
061987061350229900005400000173000
061987061350229900005500000217000
061987061350229900005700000008000
061987061350229900008400000501000
061987061350229900008500000226000
061987061350229900010400000010000
061987061350229900017400000022000
061987061350239900000100002258000
061987061350239900000200001376000
061987061350239900000300001999000
061987061350239900001500000305000
061987061350239900003300000009000
061987061350239900003700000010000
061987061350239900003800000007000
061987061350239900004800000046000
061987061350239900005400000146000
061987061350239900005500000648000
061987061350239900005700000013000
061987061350239900008400000203000
061987061350239900008500000048000
061987061350239900010400000010000
061987061350239900017400000009000
061987061350249900000100000656000
061987061350249900000200000032000
061987061350249900000300002506000
061987061350249900001500000086000
061987061350249900004800000052000
061987061350249900005400000011000
061987061350249900008400000039000
061987061350249900008900000017000
061987061350259900000100000437000
061987061350259900000200000149000
061987061350259900000300000584000
061987061350259900001500000093000
061987061350259900003300000001000
061987061350259900003700000002000
061987061350259900003800000001000
061987061350259900004800000014000
061987061350259900005400000082000
061987061350259900005500000008000
061987061350259900005700000001000
061987061350259900008400000009000
061987061350259900008500000005000
061987061350259900010400000000000
061987061350259900017400000002000
061987061350269900000100005869000
061987061350269900000200007699000
061987061350269900000300004839000
061987061350269900001500007735000
061987061350269900003300000043000
061987061350269900003700000169000
061987061350269900003800000077000
061987061350269900004800000340000
061987061350269900005400000971000
061987061350269900005500000805000
061987061350269900005700000091000
061987061350269900008400003953000
061987061350269900008500000272000
061987061350269900010400000055000
061987061350269900017400000044000
061987061350279900000100001601000
061987061350279900000200001118000
061987061350279900000300001368000
061987061350279900001500000070000
061987061350279900003300000010000
061987061350279900003700000007000
061987061350279900003800000010000
061987061350279900004800000044000
061987061350279900005400001480000
061987061350279900005500000128000
061987061350279900005700000007000
061987061350279900008400000107000
061987061350279900008500000150000
061987061350279900010400000006000
061987061350279900017400000005000
061987061350289900000100001027000
061987061350289900000200000113000
061987061350289900000300000748000
061987061350289900001500000016000
061987061350289900004800000015000
061987061350289900005400000047000
061987061350289900008400000036000
061987061350289900008900000168000
061987061350299900000100000366000
061987061350299900000200000004000
061987061350299900000300000365000
061987061350299900001500000006000
061987061350299900004800000041000
061987061350299900005400000040000
061987061350299900008400000201000
061987061350299900008900000629000
061987061350309900000100000844000
061987061350309900000200000203000
061987061350309900000300000369000
061987061350309900001600001155000
061987061350309900005500000020000
061987061350309900008700000029000
061987061350309900009000000459000
061987061350319900000100000764000
061987061350319900000200000204000
061987061350319900000300000582000
061987061350319900001500000304000
061987061350319900003300000003000
061987061350319900003700000001000
061987061350319900003800000005000
061987061350319900004800000077000
061987061350319900005400001147000
061987061350319900005500000133000
061987061350319900005700000006000
061987061350319900008400000093000
061987061350319900008500000059000
061987061350319900010400000005000
061987061350319900017400000005000
061987061350329900000100000387000
061987061350329900000200000150000
061987061350329900000300001374000
061987061350329900001500000063000
061987061350329900003300000000000
061987061350329900003700000006000
061987061350329900003800000003000
061987061350329900004800000004000
061987061350329900005400000006000
061987061350329900005500000010000
061987061350329900005700000000000
061987061350329900008400000028000
061987061350329900008500000315000
061987061350329900010400000000000
061987061350329900017400000006000
061987061350339900000100001568000
061987061350339900000200000313000
061987061350339900000300001593000
061987061350339900001500000046000
061987061350339900003300000002000
061987061350339900003700000009000
061987061350339900003800000001000
061987061350339900004800000114000
061987061350339900005400000026000
061987061350339900005500000068000
061987061350339900005700000004000
061987061350339900008400000115000
061987061350339900008500000018000
061987061350339900010400000008000
061987061350339900017400000007000
061987061350349900000100000216000
061987061350349900000200000007000
061987061350349900000300000110000
061987061350349900001500000003000
061987061350349900004800000012000
061987061350349900005400000006000
061987061350349900008400000011000
061987061350349900008900000835000
061987061380019900000100001756000
061987061380019900000200000059000
061987061380019900000300000372000
061987061380019900001500000032000
061987061380019900003100000009000
061987061380019900004800000012000
061987061380019900005000000004000
061987061380019900005200000000000
061987061380019900008400000021000
061987061380019900013300001632000
061987061380029900000100000395000
061987061380029900000200000020000
061987061380029900008400000008000
061987061380029900012600000370000
061987061380029900013800000029000
061987061380039900000100000342000
061987061380039900000200000012000
061987061380039900008400000126000
061987061380039900012600000096000
061987061380039900013800000002000
061987061380049900000100001030000
061987061380049900000200000021000
061987061380049900000300000060000
061987061380049900001500000011000
061987061380049900003100000011000
061987061380049900004800000028000
061987061380049900005000000003000
061987061380049900005200000003000
061987061380049900008400000117000
061987061380049900013300001322000
061987061380059900000100001132000
061987061380059900000200000045000
061987061380059900000300000027000
061987061380059900001500000122000
061987061380059900003100000005000
061987061380059900004800000012000
061987061380059900005000000001000
061987061380059900005200000001000
061987061380059900008400000011000
061987061380059900013300001106000
061987061380069900000100004482000
061987061380069900000200000356000
061987061380069900000300001050000
061987061380069900001500000053000
061987061380069900003100000052000
061987061380069900004800000034000
061987061380069900005000000012000
061987061380069900005200000054000
061987061380069900008400000170000
061987061380069900013300001653000
061987061380079900000100000656000
061987061380079900000200000375000
061987061380079900000300000370000
061987061380079900008400000046000
061987061380079900013400000057000
061987061380089900000100000735000
061987061380089900000200001144000
061987061380089900000300000173000
061987061380089900008400000118000
061987061380089900013400000519000
061987061380099900000100000395000
061987061380099900000200000532000
061987061380099900000300000064000
061987061380099900008400000054000
061987061380099900013400000594000
061987061380109900000100001713000
061987061380109900000200000022000
061987061380109900000300000810000
061987061380109900001500000014000
061987061380109900003100000005000
061987061380109900004800000004000
061987061380109900005000000001000
061987061380109900005200000001000
061987061380109900008400000198000
061987061380109900013300000061000
061987061380119900000100001618000
061987061380119900000200000117000
061987061380119900000300000258000
061987061380119900001500000107000
061987061380119900003100000008000
061987061380119900004800000037000
061987061380119900005000000011000
061987061380119900005200000005000
061987061380119900008400000094000
061987061380119900013300002324000
061987061380129900000100000324000
061987061380129900000200000058000
061987061380129900000300000397000
061987061380129900001500000028000
061987061380129900003100000003000
061987061380129900004800000011000
061987061380129900005000000001000
061987061380129900005200000004000
061987061380129900008400000047000
061987061380129900013300000525000
061987061380139900000100000378000
061987061380139900000200000139000
061987061380139900000300000100000
061987061380139900005300001147000
061987061380149900000100000466000
061987061380149900000200000224000
061987061380149900000300000150000
061987061380149900008400000034000
061987061380149900013400000073000
061987061380159900000100001705000
061987061380159900000200000037000
061987061380159900000300001106000
061987061380159900001500000178000
061987061380159900003100000003000
061987061380159900004800000008000
061987061380159900005000000000000
061987061380159900005200000004000
061987061380159900008400000008000
061987061380159900013300000089000
061987061380169900000100000287000
061987061380169900000200000287000
061987061380169900000300000154000
061987061380169900008400000087000
061987061380169900013400000289000
061987061380179900000100002224000
061987061380179900000200000488000
061987061380179900000300000445000
061987061380179900001500000271000
061987061380179900003100000026000
061987061380179900004800000041000
061987061380179900005000000019000
061987061380179900005200000018000
061987061380179900008400000038000
061987061380179900013300003643000
061987061380189900000100001546000
061987061380189900000200000044000
061987061380189900000300000890000
061987061380189900001500000042000
061987061380189900003100000005000
061987061380189900004800000013000
061987061380189900005000000012000
061987061380189900005200000002000
061987061380189900008400000096000
061987061380189900013300000230000
061987061380199900000100001884000
061987061380199900000200000063000
061987061380199900000300000688000
061987061380199900001500000087000
061987061380199900003100000039000
061987061380199900004800000036000
061987061380199900005000000016000
061987061380199900005200000022000
061987061380199900008400000084000
061987061380199900013300002681000
061987061380209900000100003089000
061987061380209900000200000100000
061987061380209900000300001100000
061987061380209900001500000483000
061987061380209900003100000039000
061987061380209900004800000071000
061987061380209900005000000015000
061987061380209900005200000035000
061987061380209900008400000072000
061987061380209900013300002526000
061987061380219900000100000584000
061987061380219900000200000208000
061987061380219900008400000028000
061987061380219900012600000458000
061987061380219900013800000006000
061987061380229900000100005201000
061987061380229900000200000504000
061987061380229900000300001266000
061987061380229900001500000316000
061987061380229900003100000037000
061987061380229900004800000064000
061987061380229900005000000017000
061987061380229900005200000060000
061987061380229900008400000088000
061987061380229900013300002670000
061987061380239900000100013643000
061987061380239900000200003506000
061987061380239900000300004981000
061987061380239900001500003196000
061987061380239900003100000322000
061987061380239900004800000648000
061987061380239900005000000456000
061987061380239900005200000312000
061987061380239900008400001893000
061987061380239900013300018397000
061987061380249900000100001191000
061987061380249900000200001627000
061987061380249900000300001082000
061987061380249900008400000344000
061987061380249900013400003068000
061987061380259900000100002185000
061987061380259900000200000031000
061987061380259900000300000053000
061987061380259900001500000078000
061987061380259900003100000023000
061987061380259900004800000010000
061987061380259900005000000009000
061987061380259900005200000007000
061987061380259900008400000031000
061987061380259900013300000585000
061987061380269900000100003866000
061987061380269900000200000849000
061987061380269900000300002035000
061987061380269900001500000648000
061987061380269900003100000065000
061987061380269900004800000092000
061987061380269900005000000485000
061987061380269900005200000031000
061987061380269900008400000445000
061987061380269900013300009062000
061987061380279900000100000790000
061987061380279900000200000761000
061987061380279900000300000696000
061987061380279900008400000045000
061987061380279900013400000863000
061987061380289900000100006177000
061987061380289900000200001554000
061987061380289900000300001028000
061987061380289900001500000184000
061987061380289900003100000034000
061987061380289900004800000062000
061987061380289900005000000034000
061987061380289900005200000021000
061987061380289900008400000467000
061987061380289900013300002521000
061987061380299900000100000092000
061987061380299900000200000067000
061987061380299900000300000302000
061987061380299900008400000063000
061987061380299900013400000078000
061987061380309900000100000481000
061987061380309900000200000121000
061987061380309900000300000028000
061987061380309900008400000065000
061987061380309900013400000560000
061987061380319900000100006036000
061987061380319900000200001163000
061987061380319900000300002351000
061987061380319900001500000587000
061987061380319900003100000049000
061987061380319900004800000063000
061987061380319900005000000039000
061987061380319900005200000031000
061987061380319900008400001354000
061987061380319900013300002402000
061987061380329900000100001802000
061987061380329900000200000335000
061987061380329900000300000221000
061987061380329900001500000052000
061987061380329900003100000007000
061987061380329900004800000036000
061987061380329900005000000003000
061987061380329900005200000010000
061987061380329900008400000116000
061987061380329900013300000681000
061987061380339900000100001028000
061987061380339900000200000643000
061987061380339900000300000197000
061987061380339900008400000175000
061987061380339900013400000745000
061987061380349900000100000903000
061987061380349900000200000143000
061987061380349900000300000899000
061987061380349900001500000171000
061987061380349900003100000004000
061987061380349900004800000009000
061987061380349900005000000001000
061987061380349900005200000002000
061987061380349900008400000021000
061987061380349900013300000305000
061987061380359900000100000563000
061987061380359900000200000017000
061987061380359900000300000304000
061987061380359900001500000025000
061987061380359900003100000004000
061987061380359900004800000008000
061987061380359900005000000002000
061987061380359900005200000003000
061987061380359900008400000028000
061987061380359900013300001392000
061987061380369900000100001731000
061987061380369900000200000126000
061987061380369900008400000388000
061987061380369900012600000494000
061987061380369900013800000063000
061987061380379900000100002129000
061987061380379900000200003347000
061987061380379900000300000681000
061987061380379900008400001830000
061987061380379900013400000958000
061987061380389900000100017270000
061987061380389900000200005919000
061987061380389900000300005245000
061987061380389900001500002570000
061987061380389900003100000305000
061987061380389900004800001326000
061987061380389900005000000218000
061987061380389900005200000394000
061987061380389900008400003114000
061987061380389900013300046526000
061987061380399900000100000889000
061987061380399900000200000346000
061987061380399900000300001152000
061987061380399900001500000064000
061987061380399900003100000015000
061987061380399900004800000021000
061987061380399900005000000011000
061987061380399900005200000007000
061987061380399900008400000048000
061987061380399900013300001900000
061987061380409900000100000525000
061987061380409900000200000009000
061987061380409900000300001259000
061987061380409900001500000002000
061987061380409900003100000005000
061987061380409900004800000006000
061987061380409900005000000000000
061987061380409900005200000003000
061987061380409900008400000008000
061987061380409900013300000261000
061987061380419900000100000296000
061987061380419900000200000077000
061987061380419900000300000120000
061987061380419900001500000195000
061987061380419900003100000005000
061987061380419900004800000005000
061987061380419900005000000014000
061987061380419900005200000003000
061987061380419900008400000029000
061987061380419900013300002212000
061987061380429900000100001752000
061987061380429900000200000026000
061987061380429900000300000163000
061987061380429900001500000156000
061987061380429900003100000005000
061987061380429900004800000018000
061987061380429900005000000002000
061987061380429900005200000007000
061987061380429900008400000115000
061987061380429900013300000795000
061987061380439900000100003735000
061987061380439900000200000449000
061987061380439900000300000830000
061987061380439900001500000385000
061987061380439900003100000052000
061987061380439900004800000048000
061987061380439900005000000043000
061987061380439900005200000049000
061987061380439900008400000362000
061987061380439900013300002179000
061987061380449900000100000418000
061987061380449900000200000003000
061987061380449900000300000005000
061987061380449900001500000000000
061987061380449900003100000002000
061987061380449900004800000004000
061987061380449900005000000001000
061987061380449900005200000001000
061987061380449900008400000000000
061987061380449900013300001055000
061987061380459900000100000513000
061987061380459900000200000360000
061987061380459900000300000123000
061987061380459900008400000550000
061987061380459900013400000969000
061987061380469900000100000676000
061987061380469900000200001007000
061987061380469900000300000554000
061987061380469900001500000275000
061987061380469900003100000008000
061987061380469900004800000025000
061987061380469900005000000033000
061987061380469900005200000012000
061987061380469900008400000057000
061987061380469900013300001212000
061987061380479900000100000296000
061987061380479900000200000387000
061987061380479900000300000458000
061987061380479900008400000003000
061987061380479900013400000254000
061987061380489900000100000451000
061987061380489900000200000240000
061987061380489900000300000124000
061987061380489900005300001432000
061987061380499900000100000591000
061987061380499900000200000011000
061987061380499900008400000011000
061987061380499900012600000932000
061987061380499900013800000002000
061987061380509900000100001355000
061987061380509900000200000018000
061987061380509900008400000005000
061987061380509900012600000363000
061987061380509900013800000060000
061987061380519900000100001074000
061987061380519900000200000137000
061987061380519900000300000060000
061987061380519900001500000023000
061987061380519900003100000014000
061987061380519900004800000005000
061987061380519900005000000004000
061987061380519900005200000003000
061987061380519900008400000016000
061987061380519900013300002694000
061987061380529900000100000265000
061987061380529900000200000007000
061987061380529900000300000157000
061987061380529900001500000020000
061987061380529900003100000002000
061987061380529900004800000001000
061987061380529900005000000001000
061987061380529900005200000002000
061987061380529900008400000003000
061987061380529900013300000402000
061987061380539900000100000893000
061987061380539900000200000554000
061987061380539900000300000412000
061987061380539900008400000065000
061987061380539900013400000091000
