031977061140190190060000911700000
031977061140190190090000911000000
031977061070290290020002310700000
031977061070290290110001900000000
031977061170390390030004091900000
031977061170390390050003508000000
031977061170390390090004046600000
031977061010490490010001698100000
031977061010490490150001305900000
031977061010490490160001960400000
031977061080590590010000786500000
031977061080590590040000766000000
031977061080590590120000758200000
031977061100690690020002754400000
031977061100690690060003655700000
031977061100690690090002290400000
031977061080990990010002893900000
031977061080990990050003749400000
031977061080990990120003228600000
031977061101091090010001884700000
031977061101091090030001855400000
031977061101091090080001972700000
031977061011191190030002259300000
031977061011191190110002449000000
031977061011191190130002331400000
031977061171291290040001405400000
031977061171291290110001559800000
031977061171291290180001394400000
031977061071391390120002269300000
031977061071391390130003271200000
031977061071391390170001889100000
031977061011491490030004602100000
031977061011491490070003864500000
031977061011491490180003492300000
031977061111591590040005647800000
031977061111591590080005723900000
031977061111591590110005610600000
031977061071691690010001124800000
031977061071691690130001256200000
031977061071691690160001064800000
031977061091791790020001353000000
031977061091791790120000861300000
031977061091791790150000780500000
031977061011891890010002379700000
031977061090890890100027430400000
031977061090890890160001449600000
031977061071391390090000511000000
031977061071391390150000395700000
031977061071391390190000321000000
031977061011891890050000336300000
031977061011891890060000316300000
031977061011891890090000294000000
031977061112792790190000481600000
031977061122892890110002998800000
031977061122892890150003481000000
031977061122892890160002730200000
031977061133193190080000090200000
031977061133193190140000103900000
031977061133193190160000078800000
031977061113293290190000098600000
031977061033393390120001100900000
031977061033393390140001142600000
031977061063993990020000652700000
031977061063993990150000508100000
031977061063993990160000506600000
031977061084094090020000524900000
031977061014194190050000000000000
031977061014194190140000000000000
031977061014194190170000177000000
031977061014194190190000261700000
031977061024494490080000085700000
031977061024494490120000058700000
031977061024494490170000043500000
031977061074594590010001244700000
031977061074594590100003398400000
031977061074594590130001268400000
031977061174694690020002095500000
031977061174694690120001905600000
031977061174694690290001903100000
031977061084794790040000741500000
031977061084794790070000659300000
031977061084794790090000732800000
031977061025095090100000703200000
031977061025095090110000359800000
031977061025095090140000475800000
031977061025095090150000475300000
031977061040710710020000113800000
031977061040710710030000083800000
031977061040710710100000069100000
031977061140190190040000937400000
031977061011891890070002340900000
031977061011891890150002238800000
031977061071991990010001269800000
031977061071991990040001647500000
031977061071991990130001186000000
031977061012192190100001089600000
031977061012192190130000967300000
031977061012192190140001145700000
031977061022292290050000850300000
031977061022292290100000759400000
031977061022292290130000613400000
031977061012392390140002881400000
031977061012392390150003269200000
031977061012392390170002615100000
031977061082492490040003778700000
031977061082492490050004130400000
031977061082492490110003335000000
031977061092592590040001097700000
031977061092592590060000950300000
031977061092592590070001243800000
031977061162692690030002285800000
031977061162692690100002181300000
031977061162692690130002070100000
031977061112792790020003901800001
031977061112792790110003786900000
031977061112792790140003482500000
031977061122892890030029016100000
031977061122892890050024457900000
031977061122892890190028663800000
031977061012992990010004263300000
031977061012992990060003860700000
031977061012992990190005180700000
031977061153093090010003782600000
031977061153093090050003355200000
031977061153093090090002949600000
031977061113293290070002159000000
031977061113293290100001361400000
031977061113293290180001926600000
031977061033393390060007720800000
031977061033393390130007347300000
031977061033393390200007062600000
031977061083493490010001376300000
031977061083493490080001544800000
031977061083493490130001981200000
031977061113693690030004388700000
031977061113693690120004414600000
031977061083793790010002040100000
031977061083793790080001770500000
031977061083793790090001661600000
031977061063993990130003653300000
031977061063993990180003807400000
031977061063993990190003584100000
031977061011191190150001750000000
031977061011491490010009045400000
031977061170390390160003598200000
031977061080590590080000429500000
031977061080590590110000562700000
031977061080590590150000977600000
031977061101091090190000406700000
031977061171291290070002194300000
031977061011491490120000775000000
031977061012192190030000691700000
031977061012192190050000413400000
031977061012192190170000304200000
031977061011491490050000455400000
031977061011491490090000356800000
031977061011491490160000422100000
031977061011891890030014547300001
031977061011891890110014439900001
031977061011891890180014763900001
031977061170390390020020368300001
031977061011891890160002104100000
031977061153093090110005960400000
031977061153093090130003086100000
031977061153093090160002754900000
031977061014194190010003926500000
031977061014194190220003222800000
031977061024494490020000631000000
031977061040710710130000887000000
031977061040710710170001313700000
031977061012192190190001898800000
031977061012392390090001444600000
031977061012992990090004145400000
031977061171291290020002683000000
031977061171291290140002342800000
031977061171291290210002394400000
031977061022292290020001126100000
031977061022292290060001420600000
031977061022292290120000660700000
031977061122892890010107679800001
031977061122892890270108549400001
031977061122892890290065749900001
031977061012992990020020545300001
031977061012992990070019959900001
031977061012992990110019478300001
031977061033393390070023096800001
031977061033393390080022420800001
031977061033393390170022441400001
031977061101091090100000022500000
031977061071691690080002016300000
031977061022292290140002202000000
031977061074594590060000134400000
031977061074594590160000091000000
031977061025095090050002088200000
031977061025095090180002267300000
031977061053533530030000226600000
031977061024494490040000556300000
031977061024494490050000634800000
031977061024494490110000421900000
031977061025095090040017357000001
031977061025095090090018081100001
031977061025095090160018415700001
031977061025095090130010026100000
031977061025095090170010408600000
031977061025095090200010708200001
031977061033393390050002164100000
031977061033393390090001641100000
031977061033393390100001025600000
031977061033393390110001605700000
031977061033393390150000797400000
031977061040720720010000910400000
031977061040720720070000135400000
031977061040730730030000654000000
031977061040730730020000188000000
031977061053513510030002486400000
031977061090890890170035547900000
031977061090890890200055067800001
031977061101091090050000611400000
031977061101091090120002400500000
031977061153093090060015246700001
031977061153093090070014657600000
031977061153093090100014259500000
031977061063993990080007552200000
031977061063993990110007665200000
031977061094394390010000718300000
031977061094394390050000351300000
031977061174694690240002104200000
031977061053843840100000453000000
031977061063993990050000245100000
031977061063993990090000181000000
031977061063993990100007920800001
031977061063993990170000148100000
031977061070290290040003324800000
031977061070290290050001251500000
031977061070290290080003274700000
031977061070290290030002255000000
031977061070290290090001036900000
031977061071391390040000497300000
031977061071391390100000380200000
031977061071391390010002100900000
031977061071691690070000914100000
031977061074594590030004173100000
031977061080990990020004426400000
031977061080990990080004522300001
031977061080990990140003767600000
031977061080990990070001858800000
031977061080990990130002861800000
031977061082492490010008296900000
031977061082492490030009340000001
031977061082492490060007482100000
031977061083793790030004564500000
031977061083793790060002350900000
031977061083793790100004717000000
031977061083793790130005048400001
031977061084294290030001483500001
031977061084294290050002141900001
031977061084294290060000614900000
031977061084294290070002210200001
031977061084294290090001672400001
031977061084294290100000416300000
031977061084294290180000601300000
031977061084294290200000861000000
031977061084294290020000410400000
031977061084294290040000207500000
031977061084294290080000211700000
031977061084794790120000403100000
031977061084794790160000778400000
031977061090890890080002976000000
031977061090890890140001680300000
031977061090890890150003336800000
031977061091791790010001638700000
031977061091791790080001216700000
031977061091791790110000996900000
031977061091791790050007138900001
031977061091791790060006439100000
031977061091791790070005818900000
031977061092592590050004493100000
031977061094394390070004788200000
031977061094394390110002637500000
031977061094394390130003455600000
031977061092592590110005501000001
031977061092592590130002119900000
031977061100690690040011349400001
031977061100690690080011276000000
031977061100690690110011314200001
031977061100690690070001272600000
031977061100690690100000697500000
031977061111591590020011101900000
031977061111591590100012257800001
031977061111591590130010116200000
031977061113293290030002302400000
031977061113293290050002336800000
031977061113293290110002692500001
031977061113693690020006273300000
031977061113693690040006424400000
031977061113693690090006720700001
031977061113293290010000318900000
031977061113293290080001980500000
031977061113293290140000352200000
031977061122892890080016737800000
031977061122892890090004190100000
031977061122892890130001896600000
031977061122892890120000709300000
031977061142092090090016729400001
031977061142092090140016710300001
031977061142092090180016992700001
031977061133193190020005025400000
031977061133193190070004605600000
031977061133193190130005576100001
031977061144894890160032464800001
031977061144894890190023161900001
031977061144894890200032308100001
031977061133193190100005027500000
031977061133193190010004559600000
031977061133193190210003848400000
031977061133193190270001704000000
031977061133193190250003387600000
031977061133193190030001398200000
031977061133193190120000999800000
031977061133193190180000888100000
031977061140190190100005577300001
031977061162692690020004384400000
031977061162692690080001654000000
031977061162692690140004630100001
031977061162692690150004281300000
031977061171291290270002261600000
031977061171291290150000814400000
031977061171291290200001066800000
031977061174694690040021385000000
031977061174694690090018407200000
031977061174694690030000743000000
031977061174694690060000614100000
031977061174694690100000815200000
031977061195295290040000172500000
031977061053533530010000318200001
031977061162692690040000593900000
031977061063993990040001393700000
031977061140190190010006067600001
031977061070290290060007477600001
031977061170390390010030473900001
031977061170390390140028078000001
031977061080590590030002293300001
031977061080590590090001932400000
031977061080590590140001765200000
031977061101091090140006428000001
031977061101091090170005698500000
031977061101091090210004723500000
031977061171291290090006971000001
031977061171291290100006452900001
031977061171291290130001160100000
031977061171291290160006926000001
031977061071391390030008794000001
031977061071391390140009674300001
031977061071391390160007402500000
031977061011491490020012768100001
031977061011491490060012226100001
031977061011491490110012616600001
031977061071691690090004518600001
031977061071991990060001745100000
031977061071991990080001674600000
031977061071991990100002185600001
031977061012192190090007320000001
031977061012192190160006760900000
031977061012192190180006335800000
031977061022292290030005097500001
031977061022292290110004293500000
031977061012392390050013258800001
031977061012392390070013074000001
031977061012392390180012576900001
031977061112792790030002693400000
031977061112792790040002565800000
031977061112792790120002677600000
031977061083493490040002849000000
031977061083493490110002623400000
031977061083493490140003104100001
031977061084094090080002117300001
031977061084094090090001920000000
031977061084094090110001743900000
031977061014194190080027073200001
031977061014194190110024858900001
031977061014194190210024182000001
031977061084294290110001097300000
031977061084294290160001364700000
031977061084294290170001081700000
031977061024494490010002030800001
031977061024494490100001833700000
031977061024494490200001578800000
031977061074594590090011392300001
031977061074594590120010604800001
031977061174694690130042592200001
031977061174694690180040710800001
031977061174694690230038056300001
031977061084794790050011812700001
031977061084994990010003323600001
031977061084994990050003003900000
031977061084994990120002689600000
031977061025095090070009057700000
031977061185195190010000671500000
031977061185195190070000628800000
031977061195295290050000539500000
031977061195295290090000547300000
031977061053853850030000343900000
031977061040710710070007737300001
031977061040710710120006553900000
031977061053863860030000168800000
031977061040720720040000320100000
031977061053513510100004225500000
031977061053513510120003184700000
031977061053523520010000257000000
031977061053843840010008076100001
031977061053843840070002604400000
031977061063993990060002636500000
031977061063993990120002494500000
031977061174694690140002153000000
031977061174694690170001891800000
031977061174694690200001736900000
031977061174694690220001816600000
031977061040720720030000059400000
031977061080590590100000725700000
031977061100690690010002472200000
031977061100690690130002351400000
031977061101091090130000818900000
031977061101091090220000726500000
031977061171291290250001250000000
031977061071391390020001612800000
031977061071391390060001464800000
031977061071391390080003350200000
031977061011491490190007619900000
031977061111591590120005189800000
031977061071691690020001069000000
031977061071691690180000659300000
031977061071991990090001000400000
031977061162692690060000638900000
031977061162692690070000613000000
031977061162692690090000624100000
031977061112792790010000949000000
031977061112792790050000947500000
031977061112792790100000986000000
031977061122892890020064037100001
031977061122892890040025604300000
031977061122892890070021823900000
031977061113293290090000705100000
031977061033393390040006284600000
031977061033393390160006268900000
031977061033393390190005226000000
031977061083493490030000747100000
031977061083493490070000398200000
031977061113693690010006204000000
031977061083793790020002518000000
031977061084094090030001254100000
031977061074594590070001525000000
031977061074594590170001457600000
031977061084794790110003611900000
031977061144894890110004869200000
031977061144894890130004113300000
031977061084994990110000508100000
031977061185195190030000641600000
031977061185195190040000676800000
031977061195295290010000096500000
031977061195295290020000114200000
031977061053513510060001135100000
031977061053523520030000352700000
031977061053843840040002406700000
031977061174694690150018944000000
031977061170390390080001576000000
031977061170390390100001143000000
031977061101091090020000613100000
031977061101091090060000515500000
031977061101091090070000585900000
031977061011191190080001069900000
031977061011191190120000914300000
031977061011191190170000737500000
031977061171291290260000401300000
031977061011491490130000254900000
031977061011491490140000213700000
031977061111591590030001537100000
031977061071691690140000638200000
031977061011891890080000498100000
031977061011891890190000390500000
031977061012192190010000306900000
031977061012192190110000255900000
031977061012192190150000174100000
031977061092592590010000530300000
031977061112792790090000326500000
031977061112792790130000309500000
031977061112792790180000314600000
031977061122892890170002295800000
031977061122892890230001652500000
031977061122892890240001356700000
031977061122892890250000841000000
031977061012992990030002231100000
031977061153093090140000843800000
031977061113293290130000780600000
031977061113293290170000436200000
031977061014194190030000471600000
031977061014194190060000355300000
031977061014194190100000320900000
031977061024494490030000222700000
031977061024494490150000207200000
031977061024494490190000158300000
031977061040710710060001440200000
031977061140190190050004073800001
031977061140190190080003795300000
031977061140190190130003699400000
031977061070290290010007215700001
031977061070290290070006633600001
031977061070290290100006012900001
031977061170390390040019690700001
031977061170390390130017254100000
031977061170390390180016713600000
031977061010490490020009646200001
031977061010490490040008665900001
031977061010490490130008636000001
031977061080590590020006529000001
031977061080590590050006350800001
031977061080590590060005779900001
031977061100690690140015364800001
031977061100690690150015228800001
031977061090890890070033310500000
031977061090890890110001730100000
031977061090890890180025258400000
031977061080990990030008469500001
031977061080990990040006157500001
031977061080990990110007936300001
031977061101091090040010465000001
031977061101091090110009984300001
031977061101091090180008368800001
031977061011191190070011745300001
031977061011191190140011130300000
031977061011191190200011646200000
031977061171291290050001194800000
031977061171291290080005386900001
031977061171291290120003723400000
031977061171291290170004036700000
031977061171291290190005368200000
031977061071391390050009781900001
031977061071391390110008726000001
031977061071391390180008368500000
031977061011491490040010289700000
031977061011491490100010395800000
031977061011491490170010407300001
031977061111591590060018868600001
031977061111591590090018838300001
031977061111591590170019702200001
031977061071691690060006629800001
031977061071691690100005942500001
031977061071691690110006508100001
031977061091791790030004732900000
031977061091791790040004721800000
031977061091791790100004624100000
031977061011891890040002379700000
031977061011891890100014406000001
031977061011891890120013733200000
031977061011891890140013784600000
031977061071991990020003890300001
031977061071991990030003645900001
031977061071991990140003884800001
031977061012192190040008176000001
031977061012192190070008387800001
031977061012192190120007662200001
031977061022292290040005316400001
031977061022292290070004876900001
031977061022292290080005009900001
031977061012392390060010999500001
031977061012392390100010545800000
031977061012392390160010188200000
031977061082492490070012779100001
031977061082492490080012007200001
031977061082492490100011941400001
031977061092592590080004830100000
031977061092592590090004423700000
031977061162692690010005594200001
031977061162692690050004870700001
031977061162692690110004524600001
031977061112792790070007846500001
031977061112792790160008104800001
031977061112792790170008048200001
031977061122892890100057458000000
031977061122892890140048079500000
031977061122892890180047368300000
031977061012992990050010268100000
031977061012992990200010226700000
031977061012992990210010864700001
031977061153093090020018775600001
031977061153093090080017619500001
031977061153093090120017537400001
031977061133193190090007668800001
031977061133193190200005897600001
031977061133193190260006020500001
031977061113293290060009485500001
031977061113293290120008925000001
031977061113293290150009013600001
031977061033393390010017707700001
031977061033393390020016741400000
031977061033393390030017435900000
031977061083493490020004364200001
031977061083493490060003970500001
031977061083493490100004570100001
031977061113693690050018753400001
031977061113693690060017581900001
031977061113693690110017190900001
031977061083793790040010284900001
031977061083793790050009687100001
031977061083793790110001877400000
031977061083793790120008377500001
031977061063993990030010795100001
031977061063993990070010409700001
031977061063993990140010630200001
031977061084094090010005010500001
031977061084094090060004888600001
031977061084094090100004706100001
031977061014194190090021655700001
031977061014194190130020524300000
031977061014194190200020546800000
031977061094394390040007022200001
031977061094394390090007002900000
031977061094394390100006105300000
031977061024494490060004230600001
031977061024494490070004182600001
031977061024494490140004094700001
031977061074594590020010504800001
031977061074594590140009407500001
031977061074594590150008870500000
031977061174694690190030470400001
031977061174694690260027850500000
031977061174694690270026523600000
031977061084794790020010899300001
031977061084794790080010079700001
031977061084794790130009271900001
031977061144894890050011104100001
031977061084994990060004835800001
031977061084994990070005164000001
031977061084994990150004630800001
031977061185195190020000810100001
031977061185195190080000852300001
031977061195295290030000984700001
031977061195295290080000941700001
031977061053853850020001718400001
031977061040710710010014655000001
031977061040710710110013280300001
031977061053863860050000453800001
031977061040720720050000924800001
031977061040730730050000558500000
031977061053513510010013992300001
031977061053513510040012769700001
031977061053513510110004505000001
031977061053523520040001188400001
031977061053533530020000260600000
031977061053843840020010224900001
031977061053843840090010628400001
031977061092592590100004873600000
031977061040710710040000838400000
031977061040710710150000502700000
031977061040720720060000066600000
031977061040730730010000026900000
031977061011191190060002559500000
031977061011191190180001703500000
031977061012392390010000768500000
031977061012392390020001107000000
031977061014194190260000746300000
031977061014194190280000874500000
031977061010490490030005615500000
031977061010490490080005706500000
031977061010490490120005711800001
031977061011191190020022537600001
031977061011191190090022374400001
031977061011191190100021622200001
031977061084094090040000747200000
031977061084094090050001046500000
031977061014194190160004121400000
031977061014194190290004430200000
031977061014194190300003786900000
031977061084294290140000338600000
031977061084294290150000287000000
031977061084294290190000284700000
031977061094394390030001693700000
031977061094394390060001940700000
031977061094394390140001816600000
031977061024494490130001398900000
031977061024494490160001407900000
031977061024494490180001418000000
031977061074594590080002934500000
031977061074594590110003647300000
031977061174694690050007828600000
031977061174694690070006712200000
031977061174694690160006164700000
031977061084794790010002308200000
031977061084794790030002382800000
031977061084794790140001956600000
031977061144894890040004780000000
031977061144894890070004814000000
031977061144894890210005163300000
031977061084994990030002366000000
031977061084994990090002670000000
031977061084994990100001371600000
031977061084994990180002934400000
031977061025095090010003772000000
031977061025095090080003639200000
031977061025095090190004318900000
031977061195295290060000160900000
031977061195295290070000175100000
031977061053853850010001019200000
031977061040710710080001377900000
031977061040710710160001558100000
031977061053863860020000202600000
031977061040720720020000435500000
031977061040730730040000886200001
031977061053513510070001209300000
031977061053513510080001195000000
031977061053523520020000071500000
031977061053533530040000100000000
031977061053843840030001804500000
031977061053843840050001918500000
031977061185195190050000240700000
031977061185195190060000235800000
031977061140190190020001131300000
031977061140190190070001163000000
031977061170390390060002056600000
031977061170390390110001080800000
031977061170390390170000938400000
031977061010490490070000936400000
031977061010490490100000796600000
031977061010490490140000737600000
031977061100690690050001677200000
031977061171291290060000593600000
031977061171291290220000389200000
031977061171291290230000346100000
031977061111591590050002707500000
031977061111591590140001931600000
031977061111591590160001698000000
031977061071691690120000499400000
031977061012192190060000461000000
031977061082492490020002387300000
031977061082492490090002257900000
031977061162692690120000445700000
031977061162692690160000466000000
031977061122892890200005155000000
031977061122892890210004411800000
031977061122892890260005256100000
031977061012992990140000557400000
031977061012992990160000523900000
031977061153093090040001067600000
031977061153093090170000580100000
031977061014194190070000799900000
031977061144894890120001875300000
031977061084994990020000318400000
031977061084994990160000382400000
031977061111591590010002882600000
031977061111591590180003107100000
031977061112792790060000604500000
031977061112792790080000466300000
031977061112792790150000483100000
031977061113293290020000457200000
031977061113293290040000401100000
031977061113293290160000339400000
031977061113693690070002308400000
031977061113693690080003972100000
031977061084794790060006345800000
031977061084994990040001274900000
031977061084994990080000744100000
031977061084994990170000609000000
031977061010490490050000893000000
031977061080990990100001714200000
031977061101091090160000355600000
031977061101091090200000184200000
031977061011191190190002740100000
031977061011491490150000515400000
031977061011891890200000960600000
031977061012192190080000330700000
031977061012392390040000334600000
031977061012992990100000712500000
031977061014194190150002203800000
031977061084794790100002040800000
031977061080590590130000706200000
031977061011191190010000883700000
031977061011191190040000484900000
031977061011191190160000396600000
031977061171291290010000387700000
031977061171291290030000261900000
031977061171291290240000232800000
031977061071991990050000266000000
031977061071991990070000238200000
031977061071991990120000342800000
031977061022292290090000299100000
031977061084294290010000068000000
031977061084294290120000041400000
031977061084294290130000137200000
031977061084994990130000247300000
031977061033393390180000744600000
031977061033393390210000566300000
031977061080590590070000170100000
031977061071691690030000198500000
031977061071691690040000194800000
031977061071691690170000147400000
031977061153093090150000712800000
031977061133193190040002561800000
031977061133193190110001450000000
031977061133193190150001117800000
031977061142092090020002533000000
031977061142092090110002043000000
031977061142092090160002458100000
031977061113693690100001716700000
031977061090890890010012293100000
031977061090890890030010143800000
031977061090890890130007086700000
031977061080990990060000605900000
031977061080990990090000436800000
031977061012392390080000436600000
031977061083793790070000431900000
031977061074594590050000428800000
031977061174694690010000878600000
031977061174694690110000398400000
031977061174694690210000570500000
031977061144894890020000534600000
031977061144894890060000521700000
031977061144894890080000508800000
031977061144894890170000306200000
031977061025095090060000752900000
031977061040710710050000086000000
031977061040710710090000064800000
031977061024494490090000968300000
031977061025095090020004156900000
031977061025095090030004302800000
031977061025095090120003107300000
031977061140190190120001107200000
031977061142092090010001942900000
031977061142092090070003280800000
031977061142092090080001642500000
031977061144894890030002651700000
031977061144894890090002312600000
031977061144894890150001850300000
031977061142092090130001205100000
031977061142092090150001168400000
031977061090890890060032262800000
031977061090890890120036218500000
031977061090890890190018606900000
031977061142092090060006797800001
031977061142092090100002037500000
031977061142092090170003585100000
031977061142092090040004100500000
031977061142092090120002575200000
031977061071691690150000765000000
031977061012992990080000985100000
031977061012992990150001079600000
031977061012992990180000767800000
031977061014194190120001382900000
031977061133193190060001430300000
031977061133193190230001002500000
031977061133193190240001189100000
031977061011891890020000960500000
031977061011891890130000940900000
031977061011891890170000872300000
031977061012992990040002201400000
031977061012992990130001979800000
031977061012992990170001604100000
031977061014194190020000877400000
031977061014194190230000476600000
031977061014194190240000424300000
031977061012392390110000236800000
031977061084094090070000551100000
031977061101091090090000832500000
031977061101091090150000857800000
031977061071391390070002793200000
031977061011491490080007255200000
031977061071691690050001901100000
031977061071991990110000878200000
031977061142092090030001682000000
031977061142092090050001590100000
031977061012192190020001673200000
031977061022292290010001835100000
031977061012392390030003235100000
031977061012392390120003104900000
031977061012392390130003125900000
031977061153093090030005918700000
031977061133193190050001832000000
031977061014194190040010062400000
031977061014194190250009961800000
031977061014194190270009920200000
031977061024494490220000299000000
031977061024494490230000355500000
031977061074594590040004841900000
031977061084794790150006577200000
031977061144894890010004658300000
031977061144894890140004012200000
031977061144894890180004515600000
031977061040710710140001601700000
031977061053863860010000043000000
031977061053513510050001360800000
031977061053843840060001420200000
031977061140190190110001020800000
031977061053513510020001842700000
031977061111591590070001727400000
031977061111591590150001079900000
031977061122892890060002799600000
031977061122892890220001452300000
031977061122892890280002202700000
031977061014194190180000730700000
031977061024494490210000111800000
031977061140190190030005939900001
031977061053863860040000154600000
031977061053513510090000393000000
031977061053843840080001554600000
031977061090890890020132860700001
031977061090890890040126366900001
031977061090890890050119825600001
031977061091791790090010384200001
031977061091791790130010856800001
031977061091791790140010751900001
031977061092592590020007856100001
031977061092592590030007108100001
031977061092592590120006953500001
031977061094394390020012779200001
031977061094394390080012337700001
031977061094394390120012077900001
031977061063993990010001151800000
031977061083493490050001024300000
031977061083493490090000273900000
031977061083493490120000099100000
031977061133193190170002125600000
031977061133193190190001720400000
031977061133193190220002229200000
031977061011191190050000776400000
031977061012992990120000270100000
031977061174694690080002583200000
031977061174694690250001556700000
031977061174694690280001418800000
031977061084994990140000352600000
031977061144894890100003153400000
031977061170390390070000673500000
031977061170390390120000780000000
031977061170390390150000728800000
031977061010490490060000084800000
031977061010490490090000213500000
031977061010490490110000072300000
031977061100690690030000712400000
031977061100690690120000982700000
031977061090890890090001550900000
