102003051092590000510001719800001
102003051092590000700005664900006
102003051092590017910000374000000
102003051092590017950000025700000
102003051092590017970000022600000
102003051092590018180000022600000
102003051092590018240000011400000
102003051092590018360000105900000
102003051092590018630000023900000
102003051092590018640000041300000
102003051092590018710000027200000
102003051092590018830000015100000
102003051092590019190000048500000
102003051092590019360000010800000
102003051092590019530000021900000
102003051092590019570000013400000
102003051092590019630000185200000
102003051092590021460000021800000
102003051092590021470000206100000
102003051092590023200000010700000
102003051092590023290000024700000
102003051092590027370000032000000
102003051094390000010003246800002
102003051094390000040010988000012
102003051094390000430004345900002
102003051094390000470001564100000
102003051094390000700009893500011
102003051094390016460000060800000
102003051094390016630000044300000
102003051094390016640000027400000
102003051094390016700000123800000
102003051094390017190000259800000
102003051094390017270000107600000
102003051094390017360000183200000
102003051094390017550000049700000
102003051094390017570000085000000
102003051094390017670000018900000
102003051094390017680000017700000
102003051094390017710000029500000
102003051094390017770000044000000
102003051094390017870000027100000
102003051094390017970000064000000
102003051094390018030000046900000
102003051094390018070000061900000
102003051094390018140000230300000
102003051094390018480000046000000
102003051094390027370001276800000
102003051094390027460000077400000
102003051100690000010014804700011
102003051100690000020018740900016
102003051100690000150000143600000
102003051100690000560003192400000
102003051100690001280000389700000
102003051100690012780000034700000
102003051100690012810000046500000
102003051100690012850000061100000
102003051100690012890000107800000
102003051100690012900000028700000
102003051100690012930000134900000
102003051100690012940000161200000
102003051100690012950000039800000
102003051100690012980000032300000
102003051100690012990000089500000
102003051100690013000000077800000
102003051100690013030000038400000
102003051100690013060000060400000
102003051100690013130000026200000
102003051100690013150000030600000
102003051100690013160000028400000
102003051100690013210000041600000
102003051100690013220000078100000
102003051100690013240000171800000
102003051100690013250000060100000
102003051100690027510000024000000
102003051101090000010009657100010
102003051101090000020011898000015
102003051101090000150000905300000
102003051101090000290000463800000
102003051101090000560001471500000
102003051101090000570000102000000
102003051101090001280000098200000
102003051101090009690000046500000
102003051101090009710000028400000
102003051101090009720000010700000
102003051101090009730000016600000
102003051101090009740000235100000
102003051101090009750000012700000
102003051101090009760000034300000
102003051101090009770000016400000
102003051101090009780000025400000
102003051101090009800000152200000
102003051101090009810000009100000
102003051101090009830000023200000
102003051101090009840000038000000
102003051010490000010011756200014
102003051010490000130001216500000
102003051010490000610010496200011
102003051010490000710001214900001
102003051010490001410000270600000
102003051010490013500001896100001
102003051010490013530000012400000
102003051010490013560000147600000
102003051010490013590000020700000
102003051010490013620000187800000
102003051010490013630000022800000
102003051010490013690000017000000
102003051010490013730000024900000
102003051010490013780000038000000
102003051010490013830000020500000
102003051010490013840000060000000
102003051010490013860000017700000
102003051010490013890000040800000
102003051010490027330000376200000
102003051011190000010017169700012
102003051011190000130005339900002
102003051011190000610018113600013
102003051011190000710005517700001
102003051011190001410003777300002
102003051011190001480000099800000
102003051011190001490000236100000
102003051011190008370000051400000
102003051011190008480000049400000
102003051011190008500000331900000
102003051011190008690000080500000
102003051011190008770000104600000
102003051011190008840000225200000
102003051011190008880000145500000
102003051011190008920000139000000
102003051011190008960001030100001
102003051011190009030000269300000
102003051011490000010011559500006
102003051011490000130003465400000
102003051011490000610013970800013
102003051011490000710012325100008
102003051011490001410000121200000
102003051011490019790000080300000
102003051011490019810000218300000
102003051011490019820000019900000
102003051011490019830000040500000
102003051011490019840000041000000
102003051011490019850000045000000
102003051011490019860000085000000
102003051011490019870000065300000
102003051011490019880000071600000
102003051011490019890000016400000
102003051011490019900000237100000
102003051011490019910000144100000
102003051011490019920000046500000
102003051011490019980000027000000
102003051011490020000000145900000
102003051011890000010015548200011
102003051011890000130002604600000
102003051011890000610018679400014
102003051011890000710004464300002
102003051011890001410000796800000
102003051011890014410000043000000
102003051011890014470000033000000
102003051011890014480000038700000
102003051011890014490000038200000
102003051011890014540000050100000
102003051011890014550000197700000
102003051011890014600000039000000
102003051011890014630000032200000
102003051011890014640000035600000
102003051011890014670000159900000
102003051011890014680000037000000
102003051011890014710000036500000
102003051011890014820000130400000
102003051011890014830000183600000
102003051011890014850000087800000
102003051011890014900000043500000
102003051011890014910000036900000
102003051011890014920000034700000
102003051011890014960000067900000
102003051011890015050000174000000
102003051011890015090000103600000
102003051011890015100000175400000
102003051012190000010008005000009
102003051012190000130003289900001
102003051012190000610010034400013
102003051012190000710002343600002
102003051012190001410000039700000
102003051012190013370000165600000
102003051012190013380000195600000
102003051012190013390000049200000
102003051012190013410000035200000
102003051012190013420000044300000
102003051012190013430000158100000
102003051012190013440000066600000
102003051012190013450000035500000
102003051012390000010012038300009
102003051012390000130002339800000
102003051012390000610017655800016
102003051012390000710003903100002
102003051012390013400000024800000
102003051012390014510000070400000
102003051012390014710000320200000
102003051012390015130000028100000
102003051012390015140000306900000
102003051012390015150000069400000
102003051012390015160000112900000
102003051012390015180000021900000
102003051012390015200000110000000
102003051012390015210000041900000
102003051012390015240000049500000
102003051012390015260000090100000
102003051012990000010022654000013
102003051012990000130003973100001
102003051012990000200002636300001
102003051012990000340000173300000
102003051012990000610021544900014
102003051012990000710006978800002
102003051012990001410000383800000
102003051012990001470000781100000
102003051012990021540000059900000
102003051012990021700000104400000
102003051012990021770000048800000
102003051012990021810000068700000
102003051012990021990000225300000
102003051012990022190000599500000
102003051012990022240000062400000
102003051012990022360000372500000
102003051012990022490000128100000
102003051012990022520000091800000
102003051012990022670000145800000
102003051012990022690000062300000
102003051012990022950000985400000
102003051012990023110000053600000
102003051014190000010021679800006
102003051014190000130011067800003
102003051014190000610038595400018
102003051014190000710013307000004
102003051014190001410000407000000
102003051014190016730000045500000
102003051014190017350000047400000
102003051014190018330000193100000
102003051014190018410000076500000
102003051014190018490000138400000
102003051014190018500000199700000
102003051014190018650000043100000
102003051014190018660000315200000
102003051014190018680000241900000
102003051014190018690000109100000
102003051014190018720000273900000
102003051014190018880000209800000
102003051014190018890000039300000
102003051014190018930000042200000
102003051014190018950000096500000
102003051014190019000000092200000
102003051014190019090000106500000
102003051014190019160000126200000
102003051014190019180000330600000
102003051022290000010003488000007
102003051022290000020005448200014
102003051022290000120001813700003
102003051022290000720000300900000
102003051022290001030001126700001
102003051022290025490000007200000
102003051022290025520000014100000
102003051022290025650000012500000
102003051022290025690000004800000
102003051022290025710000020300000
102003051022290025740000006200000
102003051022290025760000010500000
102003051022290025770000051100000
102003051022290025790000005600000
102003051022290025820000015400000
102003051022290025850000013300000
102003051022290026680000006500000
102003051024490000010002850900009
102003051024490000020002930000010
102003051024490000120001774200005
102003051024490000720000483100001
102003051024490001030000422200000
102003051024490014250000010400000
102003051024490014260000015500000
102003051025090000010015744600010
102003051025090000020017923400013
102003051025090000120004997800001
102003051025090000720001672900000
102003051025090001030007345000003
102003051025090001790000098600000
102003051025090014270000165900000
102003051025090014300000028100000
102003051025090014310000026100000
102003051025090014320000005400000
102003051025090014330000053600000
102003051025090014340000082500000
102003051025090014350000004800000
102003051025090014360000008500000
102003051025090014370000067400000
102003051025090014860000037700000
102003051025090014930000020500000
102003051025090015080000024000000
102003051025090016300000002800000
102003051070290000010008482100010
102003051070290000020010721600015
102003051070290000780001186200000
102003051070290008240000038200000
102003051070290008260000048600000
102003051070290021270000123300000
102003051070290021310000096500000
102003051070290021360000027900000
102003051070290021370000008500000
102003051070290021400000016900000
102003051070290021420000076500000
102003051070290021480000026100000
102003051070290021510000256300000
102003051071390000010011212600010
102003051071390000020014546200015
102003051071390000550000215100000
102003051071390000780001098500000
102003051071390001180000088000000
102003051071390004030000010500000
102003051071390010600000016200000
102003051071390010640000008700000
102003051071390010660000015300000
102003051071390010690000019100000
102003051071390010720000072100000
102003051071390010730000067000000
102003051071390010740000015500000
102003051071390010790000030100000
102003051071390010810000033200000
102003051071390010830000038300000
102003051071390010840000090700000
102003051071390010860000012400000
102003051071390010870000031600000
102003051071390010880000006400000
102003051071390010910000011300000
102003051071390010920000045600000
102003051071690000010005509100011
102003051071690000020006622600014
102003051071690000780000298200000
102003051071690001790000033000000
102003051071690014400000006900000
102003051071690014420000330700000
102003051071690014460000005000000
102003051071690014560000006000000
102003051071690014570000014000000
102003051071690014590000020600000
102003051071690014610000009700000
102003051071690014650000025500000
102003051071690014700000009300000
102003051071690014720000005400000
102003051071690014740000005300000
102003051071690014760000019100000
102003051071690014800000025200000
102003051071690014880000009100000
102003051071990000010004505400011
102003051071990000020005134900013
102003051071990000340000102100000
102003051071990000780000686900001
102003051071990001180000052400000
102003051071990013680000011000000
102003051071990013700000019600000
102003051071990013720000039300000
102003051071990013770000003700000
102003051071990013790000011000000
102003051071990013900000019500000
102003051071990013910000038100000
102003051071990013920000003900000
102003051071990013930000015800000
102003051071990014030000004000000
102003051071990014070000038300000
102003051071990014080000003700000
102003051071990014120000005100000
102003051071990014190000036100000
102003051071990014230000016700000
102003051071990027120000002700000
102003051071990027130000002500000
102003051074590000010014284000012
102003051074590000020016448300015
102003051074590000190000037500000
102003051074590000340000064800000
102003051074590000780001589000000
102003051074590001140000033400000
102003051074590001590000440700000
102003051074590020270000027200000
102003051074590020280000022100000
102003051074590020290000103300000
102003051074590020300000033100000
102003051074590020310000018100000
102003051074590020360000018100000
102003051074590020370000059700000
102003051074590020380000031700000
102003051074590020390000026900000
102003051074590020410000017600000
102003051074590020420000023600000
102003051074590020440000019000000
102003051074590020470000030500000
102003051074590020480000022000000
102003051074590020490000030400000
102003051074590020520000022400000
102003051074590020530000022400000
102003051074590020540000029100000
102003051074590020570000110300000
102003051074590020590000040600000
102003051080590000010006016400016
102003051080590000020003289300008
102003051080590000790000652200001
102003051080590001180000127900000
102003051080590001500000024100000
102003051080590001520000028900000
102003051080590001530000034300000
102003051080590001560000014500000
102003051080590001570000013700000
102003051080590001580000009600000
102003051080590001590000011200000
102003051080590001600000010100000
102003051080590001640000018800000
102003051080590001650000010600000
102003051080590001660000008000000
102003051080590001720000027000000
102003051080590001740000009800000
102003051080590001750000020000000
102003051101090009870000012500000
102003051101090009880000018400000
102003051101090009910000009300000
102003051101090009950000026700000
102003051101090009970000030900000
102003051101090009980000012400000
102003051101090010010000034800000
102003051101090010020000061200000
102003051101090010030000019300000
102003051111590000010024233300015
102003051111590000080012693400005
102003051111590000630019406100011
102003051111590000800000988500000
102003051111590001790000196000000
102003051111590015220000089900000
102003051111590015270000136300000
102003051111590015320000107100000
102003051111590015360000063800000
102003051111590015370000074600000
102003051111590015400001138100000
102003051111590015430000134800000
102003051111590015450000094900000
102003051111590015500000082900000
102003051111590015540000728600000
102003051111590015590000941200000
102003051111590015630000887400000
102003051111590015640000119400000
102003051111590015660000081800000
102003051111590015670000104400000
102003051111590015700000161600000
102003051111590015720000265400000
102003051111590015820000090600000
102003051111590015830000123100000
102003051111590015840000135400000
102003051111590015890000090300000
102003051111590016110000084800000
102003051112790000010011643800015
102003051112790000080003452300002
102003051112790000630007690800008
102003051112790000800000148900000
102003051170390009150000281800000
102003051170390009160000107600000
102003051170390009210000055000000
102003051170390009320000066500000
102003051170390009350000078500000
102003051170390009440000088700000
102003051171290000010013028300015
102003051171290000020010425700011
102003051171290000240001126600000
102003051171290000420000678500000
102003051171290000920002018400001
102003051171290008280000065900000
102003051171290008610000019900000
102003051171290008620000027400000
102003051171290008630000050400000
102003051171290008720000024300000
102003051171290008740000137400000
102003051171290008760000036100000
102003051171290008980000210800000
102003051171290009000000075300000
102003051171290009260000036900000
102003051171290009300000015500000
102003051171290009450000030300000
102003051171290009460000026300000
102003051171290009510000173400000
102003051174690000010057108400017
102003051174690000020045735700012
102003051174690000110005764800001
102003051174690000240008443700001
102003051174690000300000418200000
102003051174690000490001400700000
102003051174690000920007746000000
102003051174690008250000072900000
102003051174690008760000487800000
102003051174690008900000351300000
102003051174690020850000075600000
102003051174690020870000131100000
102003051112790001790000087900000
102003051112790015570000539400000
102003051112790016480000186000000
102003051112790016600000063100000
102003051112790016720000092000000
102003051113290000010011825600016
102003051113290000080003960000003
102003051113290000630005105600006
102003051113290001290000330100000
102003051113290023380000095600000
102003051113290023390000007700000
102003051113290023400000117400000
102003051113290023410000030200000
102003051113290023420000014800000
102003051113290023470000049100000
102003051113290023510000011400000
102003051113290023540000022300000
102003051113290023560000079900000
102003051113290023580000156600000
102003051113690000010021839500015
102003051113690000080012427400005
102003051113690000630013113200007
102003051113690000800000743300000
102003051113690001790000095500000
102003051113690015520000096700000
102003051113690015760000134100000
102003051113690015770000206700000
102003051113690015800000161000000
102003051113690015810000406600000
102003051113690015880000075800000
102003051113690015920000210700000
102003051113690015960000064800000
102003051113690015980000203800000
102003051113690015990000150600000
102003051113690016080000073100000
102003051113690016100000096700000
102003051113690016130000306000000
102003051113690016140000152700000
102003051113690016150000233700000
102003051113690016160000113000000
102003051113690016170000132500000
102003051113690016200000253000000
102003051113690016220000068800000
102003051113690016240000150400000
102003051113690016270001037300000
102003051170390000010035138700018
102003051170390000020029280400013
102003051170390000240005094000000
102003051170390000920004166300000
102003051170390008380000362000000
102003051170390008450000309900000
102003051170390008580000086600000
102003051170390008650000099500000
102003051170390008780002210600000
102003051170390008820000080000000
102003051170390009010000082000000
102003051170390009070000150500000
102003051170390009100000054000000
102003051170390009110000141600000
102003051170390009130000102300000
102003051174690021140000290400000
102003051174690021650000239100000
102003051174690022040000483100000
102003051174690022160000110200000
102003051174690022280000380900000
102003051174690022300000195300000
102003051174690022510000080900000
102003051174690022810000108600000
102003051174690022960000100500000
102003051174690023220000069900000
102003051174690023270000267200000
102003051174690023300000080000000
102003051174690023320000076700000
102003051174690023430000100500000
102003051080590001760000017300000
102003051080590001780000016400000
102003051080590001790000021300000
102003051080590001830000022000000
102003051080590001850000012400000
102003051080590001870000049000000
102003051080590001890000010900000
102003051080990000010009819300015
102003051080990000020006905200009
102003051080990000340000061400000
102003051080990000790000907100000
102003051080990001180000842200000
102003051080990011070000927400001
102003051080990011220000032800000
102003051080990011340000036300000
102003051080990011400000020000000
102003051080990011510000021100000
102003051080990011520000015100000
102003051080990011560000014800000
102003051080990011580000011900000
102003051080990011600000109400000
102003051080990011610000035700000
102003051080990011620000017200000
102003051080990011650000014400000
102003051080990011670000019000000
102003051080990011680000016500000
102003051080990011690000035700000
102003051080990011710000031300000
102003051080990011730000102200000
102003051080990011760000025900000
102003051080990011770000023600000
102003051080990027040000024900000
102003051082490000010012265300013
102003051082490000020011737400010
102003051082490000180000135900000
102003051082490000340000006100000
102003051082490000790001179400000
102003051082490001170000278700000
102003051082490001190004199700002
102003051082490001690000044400000
102003051082490010060000338000000
102003051082490010190000091000000
102003051082490010240000017800000
102003051082490010310000014300000
102003051082490010340000016400000
102003051082490010350000022600000
102003051082490010380000006000000
102003051082490010400000008100000
102003051082490010420000015400000
102003051083490000010005044400013
102003051083490000020004566600011
102003051083490000340000033900000
102003051083490000790000442700001
102003051083490001180000174900000
102003051083490001200000010400000
102003051083490001790000028500000
102003051083490001900000119200000
102003051083490001910000042400000
102003051083490001920000029300000
102003051083490001930000008000000
102003051083490001950000017800000
102003051083490001960000055600000
102003051083490001980000022800000
102003051083490002030000036800000
102003051083490002050000008300000
102003051083490002060000007400000
102003051083490002070000019300000
102003051083490002080000050800000
102003051083490002090000015300000
102003051083490002100000010800000
102003051083490002150000019600000
102003051083490002220000014600000
102003051083490002230000013500000
102003051083490002240000015500000
102003051083490027260000012600000
102003051083790000010010480300014
102003051083790000020008311400011
102003051083790000790000371500000
102003051083790001200000559700000
102003051083790009860000741000000
102003051083790009890000321700000
102003051083790009920000003500000
102003051083790009930000018900000
102003051083790009960000033100000
102003051083790009990000016100000
102003051083790010130000099400000
102003051083790010140000015800000
102003051083790010650000007800000
102003051083790010930000006300000
102003051083790010940000012700000
102003051083790010960000021900000
102003051083790010980000012500000
102003051083790011000000002900000
102003051083790022820000011200000
102003051084090000010004227800014
102003051084090000020003276100010
102003051084090000190000172900000
102003051084090000790000402000001
102003051084090001790000111600000
102003051084090011500000202800000
102003051084090011800000019800000
102003051084090011810000035300000
102003051084090011820000011700000
102003051084090011840000036300000
102003051084090011860000013000000
102003051084090011880000009100000
102003051084090011900000005300000
102003051084090011930000008100000
102003051084090011950000005300000
102003051084090011960000009300000
102003051084090011970000017100000
102003051084090011980000022500000
102003051084090011990000026900000
102003051084090012020000017500000
102003051084090012040000030800000
102003051084090012050000011000000
102003051084090012110000013500000
102003051084090012320000118200000
102003051084090014220000013800000
102003051084290000010002773500015
102003051084290000020001655800009
102003051084290000950000002000000
102003051084290009560000004900000
102003051084290011660000404000001
102003051084290011780000006500000
102003051084290011850000006000000
102003051084290012030000031300000
102003051084290012070000014500000
102003051084290012080000010300000
102003051084290012100000010500000
102003051084290012170000016500000
102003051084290012200000003300000
102003051084290012210000114300000
102003051084290012240000001500000
102003051084290012250000005400000
102003051084290012260000006100000
102003051084790000010014129600014
102003051084790000020011888000012
102003051084790000790001506100001
102003051084790001180000186700000
102003051084790001200000169700000
102003051084790001790000115200000
102003051084790001900001250000000
102003051084790011170000019200000
102003051084790011180000026400000
102003051084790011200000002900000
102003051084790011210000006400000
102003051084790011230000029700000
102003051084790011250000021400000
102003051084790011270000299300000
102003051084790011290000018500000
102003051084790011310000003700000
102003051084790011320000009800000
102003051084790011390000154300000
102003051084790011410000013800000
102003051084790011470000018000000
102003051084790011530000004400000
102003051084790011540000004900000
102003051084990000010006320900015
102003051084990000020004246700009
102003051084990000790000489100001
102003051084990001190000379400000
102003051084990001900000028500000
102003051084990011030000071100000
102003051084990011040000115800000
102003051084990011050000358500000
102003051084990011060000004100000
102003051084990011080000025100000
102003051084990011100000013500000
102003051084990011120000010100000
102003051084990011130000041700000
102003051084990011140000014600000
102003051084990011150000010000000
102003051084990027540000450700000
102003051090890000010029460300005
102003051090890000040049261100013
102003051090890000430028356500002
102003051090890000460000214100000
102003051090890000470029169500007
102003051090890000700086523800024
102003051090890000740000297900000
102003051090890001250000144400000
102003051090890017210000214100000
102003051090890017890000131100000
102003051090890017970000350300000
102003051090890018050000163500000
102003051090890018580000228300000
102003051090890020650000201500000
102003051090890020670000139100000
102003051090890020720000611100000
102003051090890021150000120200000
102003051090890021530000214200000
102003051090890021730000195900000
102003051090890022450000156600000
102003051090890022980000222500000
102003051090890023040000150500000
102003051090890023050000151000000
102003051090890027370000988100000
102003051091790000040010866600012
102003051091790000430005228400005
102003051091790000470002108800001
102003051091790000510001628400000
102003051091790000700008302900009
102003051091790000740000051700000
102003051091790023860000096400000
102003051091790023940000049400000
102003051091790024370000048800000
102003051091790024450000052000000
102003051091790024850000044500000
102003051091790024990000053200000
102003051091790025050000072400000
102003051091790025260000103400000
102003051091790025920000180100000
102003051091790025930000141600000
102003051091790026200000040300000
102003051091790026420000032900000
102003051091790026440000047900000
102003051091790026450000097300000
102003051091790026500000051500000
102003051091790026520000075400000
102003051091790026530000221700000
102003051091790026570000078700000
102003051091790026580000061800000
102003051091790027370000030900000
102003051092590000040007871400013
102003051092590000430003524100004
102003051092590000460000039400000
102003051092590000470000743700001
