102019051010490013930011436400014
102019051010490027150002230400001
102019051010490037250010096800010
102019051010490044270002171300002
102019051011190010440016789400014
102019051011190010610001582300002
102019051011190038240004792000001
102019051011190039320006676100004
102019051011190039600002504500001
102019051011190040940011769800008
102019051011190049940002628800001
102019051011490029200013934600011
102019051011490029480003381100002
102019051011490029510011759100008
102019051011490039600005919900005
102019051011490049640001634900001
102019051011890012380004751700002
102019051011890039600002580400001
102019051011890045030011729400008
102019051011890045150001737600001
102019051011890050070016820800014
102019051011890050280002312700001
102019051012190039090001617500001
102019051012190045290010879800016
102019051012190051750001840500001
102019051012190056050006144800009
102019051012390013470009715200010
102019051012390013670015952100016
102019051012390037810003043700001
102019051012990012210025046700015
102019051012990013790021361500012
102019051012990057480005277600002
102019051012990060370004924900002
102019051014190045060037676900018
102019051014190045330017797700005
102019051014190065130008049700002
102019051014190065160004454100001
102019051014190065480013238600005
102019051022290039550000716500001
102019051022290040540001239700003
102019051022290044860004458900013
102019051022290048270003135600008
102019051024490010230002187400009
102019051024490014710002472300009
102019051024490015950000361900001
102019051024490040540001210400005
102019051024490051300000661300001
102019051025090017500015184600013
102019051025090034090002390900001
102019051025090036190002407400001
102019051025090049510010999800008
102019051025090049680003342300001
102019051025090064520007368300003
102019051070290011250008090800012
102019051070290017920007127300010
102019051070290041290002110400002
102019051070290061520001321600001
102019051071390035480008852700010
102019051071390059560012275500015
102019051071690012880005263900013
102019051071690032720004278800011
102019051071690039020000621600001
102019051071990012060005077700012
102019051071990033090003670700010
102019051071990057960000779600001
102019051071990062290001020500001
102019051071990074730001176700001
102019051074590010760002714700001
102019051074590060960012334100010
102019051074590061000002194300001
102019051074590061350015870100015
102019051080590015130003915200012
102019051080590051690001481100004
102019051080590066320002490400008
102019051080590074780000654400001
102019051080990016880005713900010
102019051080990018090006662100011
102019051080990032180000836400001
102019051080990041810002817300003
102019051082490020970002079600001
102019051082490037800008086200011
102019051082490045500009114700012
102019051082490068590002366500001
102019051083490016040003346300008
102019051083490017640000416200001
102019051083490023120003965800014
102019051083490052830001068700002
102019051083790038490008164500013
102019051083790049060002478000002
102019051083790056340006311800010
102019051084090011380003346700012
102019051084090034190000736700002
102019051084090051710003060900010
102019051084090054560000406500001
102019051084290043190000259200001
102019051084290043610000548300003
102019051084290054740001502200009
102019051084290056180002111900012
102019051084790013420009745000010
102019051084790029220001987500001
102019051084790051200001554900001
102019051084790052990003261100002
102019051084790053080009799200013
102019051084990024490003923600012
102019051084990026600002927200008
102019051084990043490001718600004
102019051084990057350000769800001
102019051090890014560024212800004
102019051090890014620013708000002
102019051090890014640031663100007
102019051090890015160029345100005
102019051090890033950002797200001
102019051090890039140062990600016
102019051090890066490056986200016
102019051091790042060000922900001
102019051091790060050000764400001
102019051091790068360002552900001
102019051091790068850004300800004
102019051091790069070009983100011
102019051091790069290009197400009
102019051092590015090002306900003
102019051092590021900006414600009
102019051092590029350006457000011
102019051092590035040000749900001
102019051092590056140000693700001
102019051094390013450006602900007
102019051094390014510002857300001
102019051094390049990007486700008
102019051094390066490009533100011
102019051100690045880018055800020
102019051100690048410003003400001
102019051100690049110011283300006
102019051101090013390008424300009
102019051101090016690010106300015
102019051101090034860001794600001
102019051111590014290002005700001
102019051111590016120002529000001
102019051111590023640007522900004
102019051111590027410017816100011
102019051111590031210020179000014
102019051112790024070007731100012
102019051112790048190006433400010
102019051112790053830002576900003
102019051113290013740001739200001
102019051113290046110005606400009
102019051113290048620001327900002
102019051113290054040000705400001
102019051113290054740007173900012
102019051113690025100007597800003
102019051113690041760019786000013
102019051113690065230015369900011
102019051170390032320006847500001
102019051170390041450024958400014
102019051170390057060023188000014
102019051170390062020008780400002
102019051171290022880008219900011
102019051171290037530010307800012
102019051171290043680002953500002
102019051171290061110002422500002
102019051174690013910038004200013
102019051174690028440029964100008
102019051174690032120024540600005
102019051174690046230013679400003
102019051174690055560004966000001
102019051174690059870001273300001
