062019051350019900100200000172000
062019051350019900100300000063000
062019051350019900100500000012000
062019051350019900101300001536000
062019051350019900101400000003000
062019051350019900101600000480000
062019051350019900101800001156000
062019051350019900102700000003000
062019051350019900103400000009000
062019051350019900104500000034000
062019051350019900104600000151000
062019051350019900104700000174000
062019051350019900104800000000000
062019051350019900105000000014000
062019051350019900105400000023000
062019051350019900107000000004000
062019051350029900100200000903000
062019051350029900100300000619000
062019051350029900100500000024000
062019051350029900101300000914000
062019051350029900101400000007000
062019051350029900101600008874000
062019051350029900101800001599000
062019051350029900102700000012000
062019051350029900103400000052000
062019051350029900104500000138000
062019051350029900104600000647000
062019051350029900104700000011000
062019051350029900104800000009000
062019051350029900105000000049000
062019051350029900105400000271000
062019051350029900107000000021000
062019051350039900100300000202000
062019051350039900100600000841000
062019051350039900100800000471000
062019051350039900101200000029000
062019051350039900101300000537000
062019051350039900101800000662000
062019051350039900103300000112000
062019051350039900104100000049000
062019051350039900104600000231000
062019051350039900104800000068000
062019051350039900105400000099000
062019051350049900100300000865000
062019051350049900100600005428000
062019051350049900101300002771000
062019051350049900101800004467000
062019051350049900103000000165000
062019051350049900103100000357000
062019051350049900103400000056000
062019051350049900104300000320000
062019051350049900104600001647000
062019051350049900104800000014000
062019051350049900104900001152000
062019051350049900105000000213000
062019051350049900105400000487000
062019051350049900106000000276000
062019051350059900100200000025000
062019051350059900100300000046000
062019051350059900100500000002000
062019051350059900101300000302000
062019051350059900101400000001000
062019051350059900101600000211000
062019051350059900101800000240000
062019051350059900102700000001000
062019051350059900103400000002000
062019051350059900104500000005000
062019051350059900104600000016000
062019051350059900104700000002000
062019051350059900104800000000000
062019051350059900105000000000000
062019051350059900105400000005000
062019051350059900107000000000000
062019051350069900100200002190000
062019051350069900100300001351000
062019051350069900100500000088000
062019051350069900101300002567000
062019051350069900101400000014000
062019051350069900101600003639000
062019051350069900101800006221000
062019051350069900102700000027000
062019051350069900103400000054000
062019051350069900104500000221000
062019051350069900104600001687000
062019051350069900104700000022000
062019051350069900104800000012000
062019051350069900105000000116000
062019051350069900105400000380000
062019051350069900107000000020000
062019051350079900100300000002000
062019051350079900100600000148000
062019051350079900100800000218000
062019051350079900101200000003000
062019051350079900101300000011000
062019051350079900101800000056000
062019051350079900103300000009000
062019051350079900104100000001000
062019051350079900104600000006000
062019051350079900104800000001000
062019051350079900105400000003000
062019051350089900100200000639000
062019051350089900100300000224000
062019051350089900100500000010000
062019051350089900101300000763000
062019051350089900101400000001000
062019051350089900101600001167000
062019051350089900101800000964000
062019051350089900102700000001000
062019051350089900103400000008000
062019051350089900104500000051000
062019051350089900104600000299000
062019051350089900104700000001000
062019051350089900104800000002000
062019051350089900105000000018000
062019051350089900105400000071000
062019051350089900107000000010000
062019051350099900100200001074000
062019051350099900100300000346000
062019051350099900100500000161000
062019051350099900101300001094000
062019051350099900101400000009000
062019051350099900101600008490000
062019051350099900101800002511000
062019051350099900102700000013000
062019051350099900103400000020000
062019051350099900104500000109000
062019051350099900104600000544000
062019051350099900104700000006000
062019051350099900104800000020000
062019051350099900105000000067000
062019051350099900105400000133000
062019051350099900107000000020000
062019051350109900100300000056000
062019051350109900100600000777000
062019051350109900101300000253000
062019051350109900101800001036000
062019051350109900103000000024000
062019051350109900103100000130000
062019051350109900103400000009000
062019051350109900104300000030000
062019051350109900104600000182000
062019051350109900104800000006000
062019051350109900104900000103000
062019051350109900105000000033000
062019051350109900105400000026000
062019051350109900106000000053000
062019051350119900100200001049000
062019051350119900100300000608000
062019051350119900100500000028000
062019051350119900101300002187000
062019051350119900101400000009000
062019051350119900101600004833000
062019051350119900101800003494000
062019051350119900102700000016000
062019051350119900103400000023000
062019051350119900104500000171000
062019051350119900104600000739000
062019051350119900104700000006000
062019051350119900104800000011000
062019051350119900105000000082000
062019051350119900105400000268000
062019051350119900107000000017000
062019051350129900100200003127000
062019051350129900100300000274000
062019051350129900100500000010000
062019051350129900101300001565000
062019051350129900101400000003000
062019051350129900101600000770000
062019051350129900101800000990000
062019051350129900102700000003000
062019051350129900103400000014000
062019051350129900104500000041000
062019051350129900104600000217000
062019051350129900104700000004000
062019051350129900104800000005000
062019051350129900105000000017000
062019051350129900105400000079000
062019051350129900107000000013000
062019051350139900100200000306000
062019051350139900100300000214000
062019051350139900100500000007000
062019051350139900101300002154000
062019051350139900101400000000000
062019051350139900101600000623000
062019051350139900101800001113000
062019051350139900102700000007000
062019051350139900103400000001000
062019051350139900104500000023000
062019051350139900104600000196000
062019051350139900104700000000000
062019051350139900104800000002000
062019051350139900105000000015000
062019051350139900105400000054000
062019051350139900107000000003000
062019051350149900100300000332000
062019051350149900100600001336000
062019051350149900100800000375000
062019051350149900101200000207000
062019051350149900101300001200000
062019051350149900101800001326000
062019051350149900103300000434000
062019051350149900104100000128000
062019051350149900104600000478000
062019051350149900104800000118000
062019051350149900105400000178000
062019051350159900100300000114000
062019051350159900100600001737000
062019051350159900100800000763000
062019051350159900101200000033000
062019051350159900101300000442000
062019051350159900101800002044000
062019051350159900103300000201000
062019051350159900104100000028000
062019051350159900104600000361000
062019051350159900104800000113000
062019051350159900105400000101000
062019051350169900100200011670000
062019051350169900100300014796000
062019051350169900100500000659000
062019051350169900101300029333000
062019051350169900101400000110000
062019051350169900101600027227000
062019051350169900101800043104000
062019051350169900102700000375000
062019051350169900103400000590000
062019051350169900104500002141000
062019051350169900104600014435000
062019051350169900104700000129000
062019051350169900104800000122000
062019051350169900105000001139000
062019051350169900105400004897000
062019051350169900107000000315000
062019051350179900100300000996000
062019051350179900100600003013000
062019051350179900100800001239000
062019051350179900101200000179000
062019051350179900101300002081000
062019051350179900101800003121000
062019051350179900103300000666000
062019051350179900104100000920000
062019051350179900104600001199000
062019051350179900104800000136000
062019051350179900105400000574000
062019051350189900100300000395000
062019051350189900100600001552000
062019051350189900101300000730000
062019051350189900101800002744000
062019051350189900103000000028000
062019051350189900103100000230000
062019051350189900103400000014000
062019051350189900104300000079000
062019051350189900104600000518000
062019051350189900104800000006000
062019051350189900104900000381000
062019051350189900105000000124000
062019051350189900105400000159000
062019051350189900106000000015000
062019051350199900100200002373000
062019051350199900100300000978000
062019051350199900100500000043000
062019051350199900101300004960000
062019051350199900101400000010000
062019051350199900101600004125000
062019051350199900101800004310000
062019051350199900102700000008000
062019051350199900103400000035000
062019051350199900104500000164000
062019051350199900104600000845000
062019051350199900104700000012000
062019051350199900104800000018000
062019051350199900105000000085000
062019051350199900105400000372000
062019051350199900107000000024000
062019051350209900100200000475000
062019051350209900100300000186000
062019051350209900100500000000000
062019051350209900101300000336000
062019051350209900101400000001000
062019051350209900101600001270000
062019051350209900101800001892000
062019051350209900102700000001000
062019051350209900103400000004000
062019051350209900104500000030000
062019051350209900104600000104000
062019051350209900104700000001000
062019051350209900104800000001000
062019051350209900105000000007000
062019051350209900105400000033000
062019051350209900107000000004000
062019051350219900100200001206000
062019051350219900100300000818000
062019051350219900100500000033000
062019051350219900101300001845000
062019051350219900101400000004000
062019051350219900101600001895000
062019051350219900101800001762000
062019051350219900102700000015000
062019051350219900103400000026000
062019051350219900104500000082000
062019051350219900104600000577000
062019051350219900104700000003000
062019051350219900104800000004000
062019051350219900105000000069000
062019051350219900105400000251000
062019051350219900107000000019000
062019051350229900100200003561000
062019051350229900100300001529000
062019051350229900100500000129000
062019051350229900101300003444000
062019051350229900101400000014000
062019051350229900101600008542000
062019051350229900101800005570000
062019051350229900102700000025000
062019051350229900103400000388000
062019051350229900104500000352000
062019051350229900104600001747000
062019051350229900104700000012000
062019051350229900104800000017000
062019051350229900105000000143000
062019051350229900105400000756000
062019051350229900107000000041000
062019051350239900100200001429000
062019051350239900100300000301000
062019051350239900100500000015000
062019051350239900101300000899000
062019051350239900101400000003000
062019051350239900101600003947000
062019051350239900101800001299000
062019051350239900102700000009000
062019051350239900103400000010000
062019051350239900104500000048000
062019051350239900104600000287000
062019051350239900104700000002000
062019051350239900104800000007000
062019051350239900105000000022000
062019051350239900105400000121000
062019051350239900107000000006000
062019051350249900100300000512000
062019051350249900100600002680000
062019051350249900101300000937000
062019051350249900101800002276000
062019051350249900103000000034000
062019051350249900103100000139000
062019051350249900103400000022000
062019051350249900104300000123000
062019051350249900104600000575000
062019051350249900104800000011000
062019051350249900104900000387000
062019051350249900105000000098000
062019051350249900105400000207000
062019051350249900106000000037000
062019051350259900100200000122000
062019051350259900100300000057000
062019051350259900100500000003000
062019051350259900101300000248000
062019051350259900101400000000000
062019051350259900101600000643000
062019051350259900101800000202000
062019051350259900102700000004000
062019051350259900103400000000000
062019051350259900104500000007000
062019051350259900104600000056000
062019051350259900104700000002000
062019051350259900104800000001000
062019051350259900105000000004000
062019051350259900105400000025000
062019051350259900107000000000000
062019051350269900100200005570000
062019051350269900100300002279000
062019051350269900100500001487000
062019051350269900101300007238000
062019051350269900101400000329000
062019051350269900101600011851000
062019051350269900101800009937000
062019051350269900102700000047000
062019051350269900103400000188000
062019051350269900104500000497000
062019051350269900104600002962000
062019051350269900104700000020000
062019051350269900104800000062000
062019051350269900105000000269000
062019051350269900105400001069000
062019051350269900107000000049000
062019051350279900100200000494000
062019051350279900100300000370000
062019051350279900100500000016000
062019051350279900101300001618000
062019051350279900101400000001000
062019051350279900101600002141000
062019051350279900101800001856000
062019051350279900102700000011000
062019051350279900103400000022000
062019051350279900104500000055000
062019051350279900104600000393000
062019051350279900104700000002000
062019051350279900104800000001000
062019051350279900105000000031000
062019051350279900105400000125000
062019051350279900107000000010000
062019051350289900100300000249000
062019051350289900100600000863000
062019051350289900101300001451000
062019051350289900101800001798000
062019051350289900103000000025000
062019051350289900103100000240000
062019051350289900103400000009000
062019051350289900104300000101000
062019051350289900104600000325000
062019051350289900104800000002000
062019051350289900104900000139000
062019051350289900105000000058000
062019051350289900105400000140000
062019051350289900106000000014000
062019051350299900100300000057000
062019051350299900100600001335000
062019051350299900101300000226000
062019051350299900101800000851000
062019051350299900103000000009000
062019051350299900103100000106000
062019051350299900103400000006000
062019051350299900104300000018000
062019051350299900104600000119000
062019051350299900104800000003000
062019051350299900104900000060000
062019051350299900105000000043000
062019051350299900105400000038000
062019051350299900106000000024000
062019051350309900100300000123000
062019051350309900100600002246000
062019051350309900100800000917000
062019051350309900101200000035000
062019051350309900101300000929000
062019051350309900101800001273000
062019051350309900103300000303000
062019051350309900104100000059000
062019051350309900104600000292000
062019051350309900104800000025000
062019051350309900105400000089000
062019051350319900100200000848000
062019051350319900100300000177000
062019051350319900100500000017000
062019051350319900101300000847000
062019051350319900101400000001000
062019051350319900101600002309000
062019051350319900101800000659000
062019051350319900102700000004000
062019051350319900103400000012000
062019051350319900104500000041000
062019051350319900104600000286000
062019051350319900104700000004000
062019051350319900104800000012000
062019051350319900105000000039000
062019051350319900105400000121000
062019051350319900107000000000000
062019051350329900100200000100000
062019051350329900100300000067000
062019051350329900100500000004000
062019051350329900101300001177000
062019051350329900101400000000000
062019051350329900101600000440000
062019051350329900101800000701000
062019051350329900102700000001000
062019051350329900103400000003000
062019051350329900104500000021000
062019051350329900104600000068000
062019051350329900104700000001000
062019051350329900104800000000000
062019051350329900105000000008000
062019051350329900105400000017000
062019051350329900107000000000000
062019051350339900100200001910000
062019051350339900100300000171000
062019051350339900100500000013000
062019051350339900101300000463000
062019051350339900101400000001000
062019051350339900101600001099000
062019051350339900101800000553000
062019051350339900102700000103000
062019051350339900103400000010000
062019051350339900104500000030000
062019051350339900104600000159000
062019051350339900104700000003000
062019051350339900104800000003000
062019051350339900105000000025000
062019051350339900105400000056000
062019051350339900107000000011000
062019051350349900100300000260000
062019051350349900100600001000000
062019051350349900101300000416000
062019051350349900101800000733000
062019051350349900103000000031000
062019051350349900103100001037000
062019051350349900103400000008000
062019051350349900104300000042000
062019051350349900104600000348000
062019051350349900104800000004000
062019051350349900104900000114000
062019051350349900105000000072000
062019051350349900105400000120000
062019051350349900106000000015000
062019051380019900100300000481000
062019051380019900100600001924000
062019051380019900101300000566000
062019051380019900101600000075000
062019051380019900101800005247000
062019051380019900102200000063000
062019051380019900103400000023000
062019051380019900104500000129000
062019051380019900104600000735000
062019051380019900104800000007000
062019051380019900105400000243000
062019051380019900106900000022000
062019051380019900107000000019000
062019051380019900107100000086000
062019051380019900107200000008000
062019051380019900107400000040000
062019051380019900107700000038000
062019051380029900100600000069000
062019051380029900101300000019000
062019051380029900101800000078000
062019051380029900103800000601000
062019051380029900105900000044000
062019051380029900108400000003000
062019051380039900100600000036000
062019051380039900101300000062000
062019051380039900101800000344000
062019051380039900103800000669000
062019051380039900105900000126000
062019051380039900108400000007000
062019051380049900100300000131000
062019051380049900100600001315000
062019051380049900101300000352000
062019051380049900101600000013000
062019051380049900101800000833000
062019051380049900102200000023000
062019051380049900103400000012000
062019051380049900104500000029000
062019051380049900104600000173000
062019051380049900104800000001000
062019051380049900105400000050000
062019051380049900106900000005000
062019051380049900107000000003000
062019051380049900107100000093000
062019051380049900107200000003000
062019051380049900107400000012000
062019051380049900107700000008000
062019051380059900100300000111000
062019051380059900100600001275000
062019051380059900101300000323000
062019051380059900101600000036000
062019051380059900101800001434000
062019051380059900102200000010000
062019051380059900103400000031000
062019051380059900104500000039000
062019051380059900104600000211000
062019051380059900104800000001000
062019051380059900105400000038000
062019051380059900106900000007000
062019051380059900107000000002000
062019051380059900107100000013000
062019051380059900107200000005000
062019051380059900107400000007000
062019051380059900107700000008000
062019051380069900100300000956000
062019051380069900100600004017000
062019051380069900101300002228000
062019051380069900101600000135000
062019051380069900101800008103000
062019051380069900102200000082000
062019051380069900103400000099000
062019051380069900104500000279000
062019051380069900104600001395000
062019051380069900104800000007000
062019051380069900105400000537000
062019051380069900106900000073000
062019051380069900107000000019000
062019051380069900107100000165000
062019051380069900107200000030000
062019051380069900107400000218000
062019051380069900107700000055000
062019051380079900100300000018000
062019051380079900100600000156000
062019051380079900101300000538000
062019051380079900101600000060000
062019051380079900101800000399000
062019051380079900102400000011000
062019051380079900104600000030000
062019051380079900105400000012000
062019051380079900107100000013000
062019051380079900108500000005000
062019051380089900100300000099000
062019051380089900100600001612000
062019051380089900101300000657000
062019051380089900101600000066000
062019051380089900101800001249000
062019051380089900102400000053000
062019051380089900104600000160000
062019051380089900105400000046000
062019051380089900107100000035000
062019051380089900108500000011000
062019051380099900100300000088000
062019051380099900100600000833000
062019051380099900101300000864000
062019051380099900101600000086000
062019051380099900101800000721000
062019051380099900102400000031000
062019051380099900104600000164000
062019051380099900105400000043000
062019051380099900107100000030000
062019051380099900108500000014000
062019051380109900100300000063000
062019051380109900100600000630000
062019051380109900101300000143000
062019051380109900101600000005000
062019051380109900101800001226000
062019051380109900102200000001000
062019051380109900103400000006000
062019051380109900104500000023000
062019051380109900104600000614000
062019051380109900104800000000000
062019051380109900105400000031000
062019051380109900106900000000000
062019051380109900107000000000000
062019051380109900107100000014000
062019051380109900107200000001000
062019051380109900107400000001000
062019051380109900107700000002000
062019051380119900100300001003000
062019051380119900100600003183000
062019051380119900101300001535000
062019051380119900101600000165000
062019051380119900101800004291000
062019051380119900102200000097000
062019051380119900103400000032000
062019051380119900104500000200000
062019051380119900104600001244000
062019051380119900104800000003000
062019051380119900105400000364000
062019051380119900106900000030000
062019051380119900107000000011000
062019051380119900107100000158000
062019051380119900107200000022000
062019051380119900107400000058000
062019051380119900107700000021000
062019051380129900100300000032000
062019051380129900100600000650000
062019051380129900101300000054000
062019051380129900101600000018000
062019051380129900101800000792000
062019051380129900102200000004000
062019051380129900103400000031000
062019051380129900104500000009000
062019051380129900104600000112000
062019051380129900104800000000000
062019051380129900105400000021000
062019051380129900106900000005000
062019051380129900107000000000000
062019051380129900107100000013000
062019051380129900107200000001000
062019051380129900107400000002000
062019051380129900107700000000000
062019051380139900100300000033000
062019051380139900101000000606000
062019051380139900101300000206000
062019051380139900101600000027000
062019051380139900101700000357000
062019051380139900101800000550000
062019051380139900103700000282000
062019051380139900107500000001000
062019051380139900107900000115000
062019051380149900100300000010000
062019051380149900100600000546000
062019051380149900101300000151000
062019051380149900101600000014000
062019051380149900101800000243000
062019051380149900102400000021000
062019051380149900104600000054000
062019051380149900105400000013000
062019051380149900107100000011000
062019051380149900108500000001000
062019051380159900100300000056000
062019051380159900100600001507000
062019051380159900101300000519000
062019051380159900101600000016000
062019051380159900101800000630000
062019051380159900102200000006000
062019051380159900103400000030000
062019051380159900104500000018000
062019051380159900104600000122000
062019051380159900104800000000000
062019051380159900105400000051000
062019051380159900106900000001000
062019051380159900107000000003000
062019051380159900107100000008000
062019051380159900107200000000000
062019051380159900107400000001000
062019051380159900107700000006000
062019051380169900100300000015000
062019051380169900100600000278000
062019051380169900101300000123000
062019051380169900101600000019000
062019051380169900101800000266000
062019051380169900102400000002000
062019051380169900104600000060000
062019051380169900105400000009000
062019051380169900107100000012000
062019051380169900108500000004000
062019051380179900100300000840000
062019051380179900100600004663000
062019051380179900101300001508000
062019051380179900101600000130000
062019051380179900101800005375000
062019051380179900102200000095000
062019051380179900103400000037000
062019051380179900104500000190000
062019051380179900104600001181000
062019051380179900104800000014000
062019051380179900105400000421000
062019051380179900106900000038000
062019051380179900107000000010000
062019051380179900107100000139000
062019051380179900107200000008000
062019051380179900107400000101000
062019051380179900107700000023000
062019051380189900100300000057000
062019051380189900100600001196000
062019051380189900101300000893000
062019051380189900101600000016000
062019051380189900101800000808000
062019051380189900102200000004000
062019051380189900103400000004000
062019051380189900104500000021000
062019051380189900104600000110000
062019051380189900104800000001000
062019051380189900105400000023000
062019051380189900106900000002000
062019051380189900107000000000000
062019051380189900107100000014000
062019051380189900107200000002000
062019051380189900107400000000000
062019051380189900107700000002000
062019051380199900100300000148000
062019051380199900100600002308000
062019051380199900101300000651000
062019051380199900101600000020000
062019051380199900101800004367000
062019051380199900102200000014000
062019051380199900103400000019000
062019051380199900104500000039000
062019051380199900104600000244000
062019051380199900104800000003000
062019051380199900105400000084000
062019051380199900106900000008000
062019051380199900107000000003000
062019051380199900107100000034000
062019051380199900107200000002000
062019051380199900107400000108000
062019051380199900107700000020000
062019051380209900100300000535000
062019051380209900100600003550000
062019051380209900101300001564000
062019051380209900101600000104000
062019051380209900101800002792000
062019051380209900102200000042000
062019051380209900103400000038000
062019051380209900104500000143000
062019051380209900104600000777000
062019051380209900104800000001000
062019051380209900105400000182000
062019051380209900106900000012000
062019051380209900107000000015000
062019051380209900107100000112000
062019051380209900107200000007000
062019051380209900107400000168000
062019051380209900107700000020000
062019051380219900100600000106000
062019051380219900101300000062000
062019051380219900101800000114000
062019051380219900103800000712000
062019051380219900105900000180000
062019051380219900108400000082000
062019051380229900100300000711000
062019051380229900100600005723000
062019051380229900101300001272000
062019051380229900101600000307000
062019051380229900101800002965000
062019051380229900102200000035000
062019051380229900103400000026000
062019051380229900104500000111000
062019051380229900104600000381000
062019051380229900104800000003000
062019051380229900105400000111000
062019051380229900106900000006000
062019051380229900107000000006000
062019051380229900107100000045000
062019051380229900107200000001000
062019051380229900107400000011000
062019051380229900107700000019000
062019051380239900100300005007000
062019051380239900100600021058000
062019051380239900101300005262000
062019051380239900101600001387000
062019051380239900101800019561000
062019051380239900102200000683000
062019051380239900103400000290000
062019051380239900104500001209000
062019051380239900104600010573000
062019051380239900104800000054000
062019051380239900105400001651000
062019051380239900106900000589000
062019051380239900107000000096000
062019051380239900107100000923000
062019051380239900107200000082000
062019051380239900107400000333000
062019051380239900107700000088000
062019051380249900100300000293000
062019051380249900100600002049000
062019051380249900101300003884000
062019051380249900101600000255000
062019051380249900101800001971000
062019051380249900102400000044000
062019051380249900104600000256000
062019051380249900105400000207000
062019051380249900107100000285000
062019051380249900108500000016000
062019051380259900100300000175000
062019051380259900100600001051000
062019051380259900101300000521000
062019051380259900101600000051000
062019051380259900101800002517000
062019051380259900102200000022000
062019051380259900103400000017000
062019051380259900104500000051000
062019051380259900104600000234000
062019051380259900104800000003000
062019051380259900105400000100000
062019051380259900106900000005000
062019051380259900107000000002000
062019051380259900107100000020000
062019051380259900107200000003000
062019051380259900107400000000000
062019051380259900107700000014000
062019051380269900100300001047000
062019051380269900100600011472000
062019051380269900101300002190000
062019051380269900101600000154000
062019051380269900101800005462000
062019051380269900102200000150000
062019051380269900103400000047000
062019051380269900104500000215000
062019051380269900104600001541000
062019051380269900104800000016000
062019051380269900105400000306000
062019051380269900106900000018000
062019051380269900107000000023000
062019051380269900107100000156000
062019051380269900107200000019000
062019051380269900107400000021000
062019051380269900107700000028000
062019051380279900100300000064000
062019051380279900100600001928000
062019051380279900101300000928000
062019051380279900101600000036000
062019051380279900101800000785000
062019051380279900102400000016000
062019051380279900104600000111000
062019051380279900105400000040000
062019051380279900107100000067000
062019051380279900108500000015000
062019051380289900100300000527000
062019051380289900100600002379000
062019051380289900101300003627000
062019051380289900101600000146000
062019051380289900101800005329000
062019051380289900102200000072000
062019051380289900103400000046000
062019051380289900104500000159000
062019051380289900104600000958000
062019051380289900104800000005000
062019051380289900105400000228000
062019051380289900106900000009000
062019051380289900107000000013000
062019051380289900107100000097000
062019051380289900107200000010000
062019051380289900107400000007000
062019051380289900107700000013000
062019051380299900100300000028000
062019051380299900100600000229000
062019051380299900101300000091000
062019051380299900101600000006000
062019051380299900101800000471000
062019051380299900102400000004000
062019051380299900104600000050000
062019051380299900105400000018000
062019051380299900107100000030000
062019051380299900108500000001000
062019051380309900100300000022000
062019051380309900100600000483000
062019051380309900101300000127000
062019051380309900101600000034000
062019051380309900101800000784000
062019051380309900102400000004000
062019051380309900104600000047000
062019051380309900105400000013000
062019051380309900107100000010000
062019051380309900108500000008000
062019051380319900100300000613000
062019051380319900100600003313000
062019051380319900101300009000000
062019051380319900101600000100000
062019051380319900101800005702000
062019051380319900102200000075000
062019051380319900103400000044000
062019051380319900104500000205000
062019051380319900104600001036000
062019051380319900104800000012000
062019051380319900105400000199000
062019051380319900106900000007000
062019051380319900107000000036000
062019051380319900107100000272000
062019051380319900107200000016000
062019051380319900107400000019000
062019051380319900107700000032000
062019051380329900100300000776000
062019051380329900100600002452000
062019051380329900101300000686000
062019051380329900101600000085000
062019051380329900101800002370000
062019051380329900102200000266000
062019051380329900103400000017000
062019051380329900104500000123000
062019051380329900104600000838000
062019051380329900104800000008000
062019051380329900105400000333000
062019051380329900106900000020000
062019051380329900107000000007000
062019051380329900107100000096000
062019051380329900107200000019000
062019051380329900107400000038000
062019051380329900107700000008000
062019051380339900100300000044000
062019051380339900100600000559000
062019051380339900101300000447000
062019051380339900101600000030000
062019051380339900101800001283000
062019051380339900102400000016000
062019051380339900104600000099000
062019051380339900105400000046000
062019051380339900107100000012000
062019051380339900108500000003000
062019051380349900100300000076000
062019051380349900100600000992000
062019051380349900101300000335000
062019051380349900101600000283000
062019051380349900101800000993000
062019051380349900102200000007000
062019051380349900103400000003000
062019051380349900104500000024000
062019051380349900104600000158000
062019051380349900104800000075000
062019051380349900105400000031000
062019051380349900106900000002000
062019051380349900107000000002000
062019051380349900107100000014000
062019051380349900107200000003000
062019051380349900107400000000000
062019051380349900107700000008000
062019051380359900100300000382000
062019051380359900100600002379000
062019051380359900101300000626000
062019051380359900101600000027000
062019051380359900101800001530000
062019051380359900102200000024000
062019051380359900103400000006000
062019051380359900104500000069000
062019051380359900104600000307000
062019051380359900104800000002000
062019051380359900105400000125000
062019051380359900106900000024000
062019051380359900107000000009000
062019051380359900107100000031000
062019051380359900107200000004000
062019051380359900107400000042000
062019051380359900107700000008000
062019051380369900100600000323000
062019051380369900101300000196000
062019051380369900101800000817000
062019051380369900103800002681000
062019051380369900105900000652000
062019051380369900108400000256000
062019051380379900100300000229000
062019051380379900100600001854000
062019051380379900101300001955000
062019051380379900101600000387000
062019051380379900101800002577000
062019051380379900102400000072000
062019051380379900104600000358000
062019051380379900105400000144000
062019051380379900107100000204000
062019051380379900108500000065000
062019051380389900100300007624000
062019051380389900100600026991000
062019051380389900101300008391000
062019051380389900101600001383000
062019051380389900101800024510000
062019051380389900102200000710000
062019051380389900103400000316000
062019051380389900104500001594000
062019051380389900104600009957000
062019051380389900104800000069000
062019051380389900105400002872000
062019051380389900106900000229000
062019051380389900107000000108000
062019051380389900107100001287000
062019051380389900107200000136000
062019051380389900107400000366000
062019051380389900107700000151000
062019051380399900100300000364000
062019051380399900100600003360000
062019051380399900101300001442000
062019051380399900101600000391000
062019051380399900101800001142000
062019051380399900102200000036000
062019051380399900103400000024000
062019051380399900104500000098000
062019051380399900104600000387000
062019051380399900104800000004000
062019051380399900105400000132000
062019051380399900106900000006000
062019051380399900107000000007000
062019051380399900107100000029000
062019051380399900107200000001000
062019051380399900107400000008000
062019051380399900107700000012000
062019051380409900100300000054000
062019051380409900100600000863000
062019051380409900101300001460000
062019051380409900101600000014000
062019051380409900101800000894000
062019051380409900102200000010000
062019051380409900103400000004000
062019051380409900104500000016000
062019051380409900104600000095000
062019051380409900104800000001000
062019051380409900105400000046000
062019051380409900106900000001000
062019051380409900107000000001000
062019051380409900107100000016000
062019051380409900107200000001000
062019051380409900107400000001000
062019051380409900107700000003000
062019051380419900100300000233000
062019051380419900100600002273000
062019051380419900101300000390000
062019051380419900101600000449000
062019051380419900101800000851000
062019051380419900102200000031000
062019051380419900103400000005000
062019051380419900104500000050000
062019051380419900104600000427000
062019051380419900104800000000000
062019051380419900105400000074000
062019051380419900106900000004000
062019051380419900107000000004000
062019051380419900107100000046000
062019051380419900107200000005000
062019051380419900107400000006000
062019051380419900107700000001000
062019051380429900100300000039000
062019051380429900100600000944000
062019051380429900101300000438000
062019051380429900101600000009000
062019051380429900101800001145000
062019051380429900102200000007000
062019051380429900103400000005000
062019051380429900104500000016000
062019051380429900104600000138000
062019051380429900104800000000000
062019051380429900105400000016000
062019051380429900106900000002000
062019051380429900107000000001000
062019051380429900107100000009000
062019051380429900107200000000000
062019051380429900107400000002000
062019051380429900107700000000000
062019051380439900100300001442000
062019051380439900100600003564000
062019051380439900101300000950000
062019051380439900101600001127000
062019051380439900101800003251000
062019051380439900102200000069000
062019051380439900103400000031000
062019051380439900104500000158000
062019051380439900104600001112000
062019051380439900104800000008000
062019051380439900105400000209000
062019051380439900106900000017000
062019051380439900107000000027000
062019051380439900107100000085000
062019051380439900107200000008000
062019051380439900107400000028000
062019051380439900107700000008000
062019051380449900100300000033000
062019051380449900100600000524000
062019051380449900101300000116000
062019051380449900101600000157000
062019051380449900101800000816000
062019051380449900102200000000000
062019051380449900103400000000000
062019051380449900104500000004000
062019051380449900104600000026000
062019051380449900104800000000000
062019051380449900105400000008000
062019051380449900106900000000000
062019051380449900107000000000000
062019051380449900107100000002000
062019051380449900107200000000000
062019051380449900107400000001000
062019051380449900107700000000000
062019051380459900100300000038000
062019051380459900100600000606000
062019051380459900101300000416000
062019051380459900101600000460000
062019051380459900101800000702000
062019051380459900102400000000000
062019051380459900104600000037000
062019051380459900105400000076000
062019051380459900107100000147000
062019051380459900108500000001000
062019051380469900100300000493000
062019051380469900100600002090000
062019051380469900101300000479000
062019051380469900101600000230000
062019051380469900101800001669000
062019051380469900102200000033000
062019051380469900103400000023000
062019051380469900104500000061000
062019051380469900104600000895000
062019051380469900104800000001000
062019051380469900105400000093000
062019051380469900106900000030000
062019051380469900107000000005000
062019051380469900107100000082000
062019051380469900107200000008000
062019051380469900107400000015000
062019051380469900107700000034000
062019051380479900100300000037000
062019051380479900100600000517000
062019051380479900101300000293000
062019051380479900101600000015000
062019051380479900101800000345000
062019051380479900102400000004000
062019051380479900104600000037000
062019051380479900105400000027000
062019051380479900107100000012000
062019051380479900108500000002000
062019051380489900100300000051000
062019051380489900101000000586000
062019051380489900101300000385000
062019051380489900101600000115000
062019051380489900101700000713000
062019051380489900101800000785000
062019051380489900103700000025000
062019051380489900107500000030000
062019051380489900107900000290000
062019051380499900100600000073000
062019051380499900101300000082000
062019051380499900101800000312000
062019051380499900103800001085000
062019051380499900105900000262000
062019051380499900108400000142000
062019051380509900100600000066000
062019051380509900101300000120000
062019051380509900101800000134000
062019051380509900103800001221000
062019051380509900105900000291000
062019051380509900108400000018000
062019051380519900100300000175000
062019051380519900100600001792000
062019051380519900101300001017000
062019051380519900101600000201000
062019051380519900101800001937000
062019051380519900102200000010000
062019051380519900103400000006000
062019051380519900104500000036000
062019051380519900104600000186000
062019051380519900104800000001000
062019051380519900105400000086000
062019051380519900106900000011000
062019051380519900107000000001000
062019051380519900107100000012000
062019051380519900107200000003000
062019051380519900107400000007000
062019051380519900107700000002000
062019051380529900100300000031000
062019051380529900100600000372000
062019051380529900101300000091000
062019051380529900101600000005000
062019051380529900101800000359000
062019051380529900102200000004000
062019051380529900103400000001000
062019051380529900104500000006000
062019051380529900104600000049000
062019051380529900104800000000000
062019051380529900105400000012000
062019051380529900106900000002000
062019051380529900107000000002000
062019051380529900107100000004000
062019051380529900107200000000000
062019051380529900107400000003000
062019051380529900107700000001000
062019051380539900100300000049000
062019051380539900100600001174000
062019051380539900101300000454000
062019051380539900101600000027000
062019051380539900101800000723000
062019051380539900102400000043000
062019051380539900104600000094000
062019051380539900105400000023000
062019051380539900107100000028000
062019051380539900108500000006000
062019051389019900100300000011000
062019051389019900101000000321000
062019051389019900101300000054000
062019051389019900101600000037000
062019051389019900101700000251000
062019051389019900101800000360000
062019051389019900103700000013000
062019051389019900107500000005000
062019051389019900107900000067000
