101995051040139900000200063133007
101995051040139900008800020355002
101995051040139900019000052896006
101995051040299900000200016961002
101995051040299900019000014641002
101995051040539900000200015689002
101995051040539900019000020562002
101995051041009900000200008277001
101995051041009900019000011051001
101995051110049900000200014137001
101995051110049900009000019874002
101995051110049900019000010745001
101995051110069900000200015953001
101995051110069900019000028211002
101995051110129900000200036640002
101995051110129900008800013844001
101995051110129900019000017201001
101995051110159900000200009294001
101995051110159900008800008471001
101995051110159900019000013513001
101995051110209900000200020097001
101995051110209900009000031928003
101995051110209900019000016709001
101995051110279900000200012540001
101995051110279900008800008604001
101995051110279900019000009539001
101995051110279911027100016522001
101995051110319900000200012579001
101995051110319900001400012957001
101995051110319900019000015465001
101995051110329900008800008818001
101995051110329900019000011995001
101995051110339900000200015949001
101995051110339900019000016171002
101995051140029900008800006956001
101995051140029900019000007464001
101995051140079900019000006273001
101995051140139900001400006991001
101995051140219900000200069454005
101995051140219900008800066868005
101995051140219900019000042503003
101995051140389900000200009152001
101995051140389900019000012615001
101995051140429900008800014595001
101995051140429900019000010470001
101995051140529900019000010539001
101995051140539900019000016355002
101995051140549900000200009817001
101995051140549900019000011987001
101995051140559900019000009753001
101995051180239900000200012387001
101995051180239900019000014866001
101995051180879900000200109784007
101995051180879900008800048175003
101995051180879900019000089711006
101995051180899900019000012829001
101995051181229900000200014124001
101995051181229900019000016673002
101995051181409900000200015006001
101995051181409900019000017762002
101995051181479900000200010791001
101995051181479900019000013780001
101995051210079900019000013102002
101995051210109900000200006569001
101995051210109900019000012155002
101995051210419900000200037471005
101995051210419900008800012758001
101995051210419900019000040590005
101995051210509900000200006048001
101995051210509900019000007187001
101995051210549900000200010979001
101995051210549900008800006999001
101995051210549900019000014387002
101995051210729900008800006999001
101995051210729900019000015639002
101995051230029900000200008109001
101995051230029900019000011802001
101995051230059900000200015541001
101995051230059900019000022001002
101995051230099900019000007915001
101995051230249900000200010254001
101995051230249900019000012337001
101995051230289900019000009649001
101995051230509900000200045089003
101995051230509900008800015389001
101995051230509900019000036001003
101995051230559900000200009836001
101995051230559900008800007600001
101995051230559900019000007790001
101995051230609900000200009955001
101995051230609900019000013493001
101995051230929900000200012477001
101995051230929900008800006764001
101995051230929900019000012242001
101995051230959900000200012809001
101995051230959900019000019174002
101995051290159900000200014781001
101995051290159900008800016539001
101995051290159900019000029122001
101995051290679900000200145732009
101995051290679900008800094331005
101995051290679900019000077255004
101995051290699900000200024702002
101995051290699900019000023086001
101995051290699900026500035849003
101995051290849900019000015164001
101995051290949900000200013659001
101995051290949900008800010591001
101995051290949900019000017125001
101995051410249900019000010712001
101995051410329900019000008823001
101995051410399900019000009986001
101995051410559900019000013985001
101995051410609900019000011203001
101995051410659900019000013325001
101995051410689900008800012734001
101995051410689900019000022196001
101995051410919900000200152499005
101995051410919900001400106204004
101995051410919900008800091674003
101995051410919900019000179600007
101995051410959900000200018716001
101995051410959900008800021162001
101995051410959900019000048570002
101995051220489900000100015152004
101995051220489900000200013303003
101995051220489900001500006915001
101995051220669900000100003083001
101995051220669900000200001939001
101995051221129900000100006378001
101995051221129900000200004735001
101995051221129900001500003606001
101995051221259900000100012449003
101995051221259900000200014345003
101995051221259900001500011109002
101995051221259900008400004237001
101995051221309900000100006470002
101995051221309900000200005700001
101995051440139900000100011280004
101995051440139900000200015399005
101995051440139900001500005275001
101995051440509900000100004486001
101995051440509900000200004600001
101995051440509900001500004706002
101995051442169900000100012214004
101995051442169900000200014666005
101995051442169900001500006975002
101995051500679900000100011929002
101995051500679900000200011404002
101995051500749900000100005705001
101995051500949900000100004207001
101995051500959900000100009241002
101995051500959900000200005519001
101995051502519900000100005549001
101995051502519900000200004956001
101995051502979900000100085089004
101995051502979900000200173278008
101995051502979900001500057265002
101995051502979900008400046666002
101995051020039900000100036035004
101995051020039900000200052306007
101995051020039900031500014646002
101995051020089900000100006504001
101995051020099900000100010067001
101995051020099900000200010670002
101995051020379900000100015495002
101995051020379900000200013173002
101995051020699900000100013541002
101995051020699900000200016719002
101995051130059900000100024217002
101995051130059900000200027798003
101995051130349900000100027716003
101995051130349900000200040931004
101995051130399900000100007448001
101995051130399900000200007766001
101995051130539900000100013913001
101995051130539900000200010220001
101995051130719900000100025041003
101995051130719900000200020522002
101995051130879900000100012549001
101995051130879900000200010308001
101995051130939900000100008475001
101995051130939900000200007804001
101995051160789900000100021550004
101995051160789900000200026864006
101995051161349900000100010630002
101995051161349900000200011478002
101995051161909900000100012221003
101995051161909900000200010913002
101995051162039900000100012508003
101995051162039900000200014829003
101995051191309900000100024288005
101995051191309900000200037384008
101995051191309900031500011720002
101995051191909900000100003228002
101995051191909900000200003272002
101995051192579900000100003260002
101995051192579900000200004691004
101995051451219900000100012239001
101995051451219900000200011132001
101995051451249900000100018216002
101995051451249900000200019783002
101995051451429900000100011301001
101995051451429900000200012664001
101995051451659900000100032074003
101995051451659900000200034017004
101995051451689900000100036447004
101995051451689900000200044360004
101995051451689900031500009958001
101995051451739900000100015234001
101995051451739900000200019722002
101995051050149900000100006574002
101995051050149900000200011606003
101995051050169900000100004219001
101995051050169900000200009084003
101995051050199900000100009928002
101995051050199900000200030166009
101995051050199900004500004482001
101995051050199900016200004773001
101995051051869900000100003158001
101995051051869900000200009044002
101995051090189900000100006926001
101995051090189900000200012809002
101995051090569900000200004599001
101995051090599900000100019577003
101995051090599900000200060451009
101995051092199900000200008437002
101995051090599900004500014550002
101995051091949900000200005801001
101995051092199900000100007426001
101995051093309900000200005071001
101995051099039900000100005582001
101995051099039900000200007778001
101995051240089900000100010680001
101995051240089900000200014064001
101995051240109900000100007402001
101995051240109900000200013640001
101995051240569900000200004033001
101995051240899900000100040637004
101995051240899900000200063139006
101995051240899900004500009136001
101995051240899900029500024059002
101995051241159900000100035653004
101995051241159900000200032771003
101995051241159900004500009522001
101995051241399900000200004276001
101995051340179900000200002710001
101995051340229900000200003199001
101995051340479900000200004100002
101995051340569900000100005863001
101995051340569900000200010351003
101995051340729900000200003784001
101995051341209900000100020793006
101995051341209900000200024781007
101995051341209900004500005005001
101995051341579900000200006008002
101995051370469900000100008607001
101995051370469900000200012107002
101995051371079900000100008456001
101995051371079900000200010829002
101995051372469900000100006718001
101995051372469900000200008547001
101995051372749900000100047647005
101995051372749900000200074809009
101995051372749900004500010949001
101995051373769900000100005800001
101995051373769900000200008740001
101995051400639900000100003505001
101995051400639900000200008614004
101995051401709900000200002021001
101995051401859900000100003187001
101995051401859900000200005821002
101995051401949900000100012761004
101995051401949900000200024739008
101995051401949900004500006356002
101995051401959900000200005385002
101995051420209900000100003192002
101995051420209900000200005663003
101995051420439900000100002772002
101995051420439900000200005539003
101995051421739900000100007428004
101995051421739900000200017882010
101995051421739942173100001715001
101995051470859900000100011218003
101995051470859900000200013330004
101995051470869900000100005639002
101995051470869900000200007993002
101995051471869900000100082268006
101995051471869900000200119909008
101995051471869900004500030470002
101995051490219900000100008634002
101995051490219900000200014392003
101995051491669900000100003177001
101995051491669900000200004659001
101995051492199900000100005144001
101995051492199900000200005576001
101995051492509900000200004524001
101995051492759900000100024400005
101995051492759900000200038614009
101995051492759900004500004105001
101995051080069900001600021477001
101995051080199900000200172401003
101995051080199900001600302731007
101995051080199900001700051631001
101995051080199900014100122230002
101995051080199900014600411869009
101995051080229900001600012388001
101995051080969900001600041610001
101995051080969900014600044224002
101995051081019900001600040714001
101995051081019900014100061224002
101995051081019900014600131188004
101995051081029900001600017148001
101995051081139900001600029854001
101995051081219900001600038114001
101995051081219900014600032821001
101995051081879900001600034644001
101995051081879900014100067136002
101995051081879900014600047087001
101995051082119900001600031324001
101995051082119900014100028789001
101995051082119900014600043765001
101995051082799900001600035121001
101995051082799900014600048238002
101995051082989900001600026278001
101995051083059900014600014522001
101995051083079900014600014804001
101995051170229900001600018810003
101995051170229900014600013064002
101995051170669900001600018265003
101995051170669900014600009792001
101995051170799900001600032002004
101995051170799900001700010589001
101995051170799900014600026521004
101995051171149900001600013029002
101995051171419900001600010378001
101995051171419900014600006578001
101995051171809900001600023325003
101995051250589900001600005835001
101995051171809900014600012819002
101995051250409900001600016937003
101995051250409900014600007469001
101995051250729900001600009669002
101995051250729900014600003324001
101995051251209900001600029444005
101995051251209900009900012749002
101995051251209900014600033172005
101995051252039900001600004617001
101995051252079900001600006290001
101995051252099900001600002601001
101995051252349900014600003952001
101995051252439900034100001537001
101995051431239900000200010253001
101995051431239900001600031387004
101995051431239900014600024688003
101995051431489900000200011333001
101995051431489900001600032674004
101995051431489900014600017816002
101995051431559900000200013935001
101995051431559900001600029112003
101995051431559900014600016258002
101995051431619900001600013156002
101995051431619900014600006428001
101995051431639900001600015434002
101995051431639900014600009566001
101995051060119900000100016504002
101995051060119900000200013581001
101995051060159900000100029292002
101995051060159900000200041340003
101995051060159900004100010730001
101995051060369900000100010819001
101995051060369900000200008013001
101995051060449900000100011706001
101995051060449900000200010308001
101995051060509900000100005898001
101995051060639900000100008187001
101995051060709900000100009566001
101995051060749900000100010768001
101995051060839900000100023619001
101995051060839900000200023735002
101995051060839900004100012709001
101995051060959900000100009159001
101995051061539900000100012639001
101995051061539900000200010391001
101995051061589900000100017860002
101995051061589900000200010956001
101995051100379900000100032134004
101995051100379900000200037281004
101995051100679900000100014242002
101995051100679900000200011733001
101995051101319900000100015156002
101995051101319900000200013341001
101995051101489900000100026248004
101995051101489900000200026047003
101995051101959900000100017125002
101995051101959900000200012063001
101995051102039900000100003677001
101995051150099900000200024115001
101995051150099900010400014364001
101995051150199900000200024101002
101995051150289900000200011078001
101995051150289900010400011393001
101995051150309900000200064561004
101995051150309900010400085962005
101995051150369900000200038783003
101995051150369900010400024340002
101995051150369900011100017140001
101995051150579900000200030697002
101995051150579900010400019133001
101995051150789900000200073229004
101995051150789900010400043844002
101995051150789900011100015424001
101995051270169900000200011970002
101995051270189900000200003996001
101995051270289900000200051130007
101995051270289900010400018636002
101995051270289900011100013423002
101995051270309900000200031863004
101995051270309900010400010336001
101995051270309900011100008920001
101995051270319900000200017108002
101995051270319900010400006310001
101995051270659900000200016227002
101995051320069900000200005855001
101995051320099900000200007153001
101995051320099900010400004522001
101995051320199900000200011446001
101995051320199900010400005902001
101995051320549900000200064036008
101995051320549900010400025001003
101995051320549900011100023505003
101995051320639900000200007560002
101995051320699900000200006881002
101995051320859900000200011978002
101995051360069900000200024102002
101995051360069900010400016662001
101995051360179900000200010493001
101995051360249900000200020056002
101995051360389900000200056186004
101995051360389900010400027982001
101995051360389900011100028986002
101995051360429900000200018707002
101995051360559900000200026555002
101995051360579900000200087858006
101995051360579900010400047437003
101995051360579900011100023374001
101995051030099900000100029573002
101995051030099900000200027521001
101995051030149900000100070039003
101995051030149900000200088865004
101995051030149900017200021928001
101995051030639900000100017611001
101995051030639900000200020357001
101995051030659900000100053228002
101995051030659900000200065794003
101995051030659900017200018603001
101995051030669900000100032340002
101995051030669900000200035738002
101995051030999900000100030435001
101995051030999900000200045771003
101995051031399900000100021722001
101995051031399900000200025852002
101995051031409900000200016575001
101995051120039900000100003606001
101995051120409900000100038357004
101995051120409900000200062026007
101995051120409900017200010146001
101995051120729900000200005595001
101995051120809900000100003191001
101995051120829900000100024828002
101995051120829900000200027527003
101995051121009900000200004827001
101995051121049900000200005913001
101995051121389900000100010538001
101995051121389900000200012832001
101995051121409900000200003011001
101995051460179900000100032297001
101995051460179900000200029533001
101995051461319900000100029047001
101995051461319900000200028215001
101995051461459900000100027155001
101995051461459900000200031672001
101995051461479900000100019747001
101995051461479900000200025852001
101995051461849900000200016785001
101995051462139900000200020600001
101995051462209900000100026119001
101995051462209900000200020611001
101995051462359900000200013713001
101995051462509900000100236332006
101995051462509900000200333224009
101995051462509900017200108647002
101995051462509900017900072658001
