041995051011190001420000182700001
041995051012990001920000023900000
041995051019990000060000196500002
041995051019990001900127404103977
041995051053590001850000119400000
041995051059990001850000129200000
041995051070290000010008164200370
041995051070290000020009763800353
041995051070290100000000311800013
041995051071990000960000061300005
041995051079990000060000023100000
041995051080990002310000552300001
041995051082490002950003471500138
041995051083490001000000418400029
041995051084990003950000264000027
041995051089990001620001054700115
041995051089990002960000121300002
041995051094390000020003892000107
041995051111590001210000041400000
041995051112790001100000826300004
041995051119990000360001073200019
041995051129990001610000127100003
041995051144890000220019415400581
041995051149990000230002156200037
041995051174690001720016165800208
041995051174690002100000746600009
041995051174690002190000027100002
041995051999990001400002341500001
041995051999990001610000202800008
041995051999990003220000164700018
041995051999990003780000076700002
041995051053590000960000188600000
041995051069990000030000112600000
041995051071390000020012534900460
041995051071390001050000219700006
041995051079990000820000014600000
041995051092590000160007880701019
041995051092590003400000120200015
041995051112790001040004383600155
041995051113690001220000019000000
041995051149990000030000011100000
041995051189990002280000144900001
041995051199990000020001242500014
041995051999990001890000328200008
041995051019990000420000092500005
041995051019990001940001296400058
041995051022290000840000739100028
041995051029990000150011644701050
041995051070290001050000086100000
041995051071390001600000029200000
041995051079990001610000075700005
041995051084090100000000604500085
041995051084990000360000117900015
041995051089990000020075139508177
041995051089990000070000039700000
041995051099990000160097349804240
041995051099990001510000106700001
041995051101090000410001835000062
041995051109990000390000936100037
041995051113690004060000060000000
041995051129990000190000048700000
041995051140190003190000971200005
041995051171290001800001477600016
041995051179990000020097418902288
041995051179990001340000022100000
041995051189990002250000577800006
041995051195290001660000100800000
041995051199990002630000407200004
041995051999990000370002418600042
041995051999990000900008689500079
041995051999990000970000037100002
041995051999990001420000182700001
041995051010490000940000079600000
041995051011890001920000071700001
041995051012990002740000075300000
041995051040790000020015954100380
041995051069990000040002330200027
041995051083790100000000354600048
041995051084790000210000058700000
041995051089990001400000062900000
041995051090890000820000029800000
041995051090890003180000123100000
041995051099990000280000077600000
041995051111590001170000023400000
041995051113690000020024395700500
041995051119990001150000595600012
041995051129990000040050537400225
041995051142090000290000016200000
041995051144890003780000076700002
041995051149990003780000076700002
041995051153090000310000072900000
041995051169990000010005690800334
041995051999990001860001097000006
041995051999990003700001930800170
041995051011490000140002390000054
041995051011490000940000024900000
041995051049990000470000004900000
041995051063990000030000112600000
041995051063990100000001001000071
041995051083490000010003706000259
041995051083490100000000362100045
041995051089990000030000263300022
041995051090890000020031745700206
041995051091790003570000271400022
041995051099990003170000074300000
041995051113290001100000343100001
041995051113690000360000759400013
041995051129990100000005721300265
041995051144890000820000006700000
041995051149990000290000016200000
041995051174690002330000096100000
041995051179990002070000152100001
041995051999990000300000157700000
041995051999990000720000164400000
041995051999990000910000095900000
041995051999990000920000219900000
041995051999990001880000219800007
041995051999990002960000121300002
041995051012390001940000759900027
041995051014190000940000017000000
041995051014190100000002348500088
041995051019990002190000044200002
041995051029990003340000088000001
041995051040790002480001871300044
041995051069990000060000087400001
041995051069990000680000368300016
041995051070290000420000011400001
041995051071390100000000739800026
041995051089990001710000058200003
041995051090890001480000433000000
041995051091790000170002603700122
041995051099990001460106676401705
041995051113290001110003274900100
041995051139990003370002156400049
041995051159990000790000090600000
041995051174690000010041889901097
041995051174690000030000669500005
041995051999990000540000261400002
041995051999990001160002114000030
041995051999990001320000059100000
041995051999990001640000260500002
041995051999990002630000407200004
041995051012190000360000045800002
041995051012390001900015240400540
041995051019990000910000095900000
041995051053890001160000688400011
041995051079990001400000050800001
041995051080590000030000012700000
041995051083790000010007722800764
041995051084790000010009912500372
041995051084790000450003278000046
041995051089990001700000577000051
041995051090890001430000013700000
041995051090890001510000049400001
041995051091790001410001143300037
041995051092590001460005641400263
041995051094390000360000004600000
041995051094390003700001930800170
041995051099990003390000050700007
041995051109990000360000019300000
041995051112790001150000104300003
041995051129990000110000109700000
041995051140190000230002156200037
041995051142090000270006747800096
041995051185190002250000577800006
041995051999990000330000546200002
041995051999990000850000094100000
041995051999990000980000718900000
041995051999990001350000172400008
041995051999990001680000023700000
041995051010490000020010406000342
041995051011890000140001489100058
041995051012390000880005580300127
041995051019990000900008689500079
041995051019990002740000075300000
041995051022290000010004353200569
041995051033390000510000163000001
041995051033390000540000261400002
041995051039990000530000249700001
041995051040790000060000003500000
041995051053590001120001681100002
041995051053590001160001425600019
041995051084290100000000485700038
041995051084990000450000515100019
041995051090890000160065711901356
041995051100690000420000200800007
041995051111590000030000078000002
041995051111590003650000068800003
041995051122890000420000106200005
041995051133190000370002418600042
041995051140190000270001950800025
041995051159990000360000205300003
041995051174690001790011418200191
041995051195290000010000523200005
041995051999990000390000936100037
041995051999990002950003471500138
041995051999990003120000036700003
041995051014190000300000021200000
041995051014190000360000050200001
041995051014190000420000028000001
041995051019990001700000454000010
041995051040790002700000161300003
041995051053590000130002695600044
041995051053590001630000038400000
041995051053890001180000043600000
041995051063990000060000087400001
041995051071990000500000090400010
041995051082490003460000494300016
041995051084090000360000255800020
041995051094390000170001890900067
041995051099990003400000120200015
041995051099990003410000153700026
041995051100690100000000940800079
041995051119990001110020809800428
041995051122890000970000037100002
041995051139990000330000546200002
041995051162690000870000100700000
041995051174690001540000055300000
041995051999990000050001341400006
041995051999990001760000185600001
041995051999990001940001296400058
041995051999990002020000019900000
041995051999990003570000271400022
041995051019990002000000219100006
041995051025090000360000180200003
041995051033390000070000014800000
041995051069990000070000049500001
041995051074590000360000117900009
041995051074590000420000221100019
041995051074590001400000050800001
041995051080990002220000016200004
041995051082490001020000485500012
041995051089990000200000344600028
041995051099990001590000209100013
041995051111590000020026656400638
041995051170390000020032647300695
041995051179990002190000383500009
041995051189990002270000040700000
041995051999990000360007933800206
041995051999990000640003322100088
041995051999990000830000405800002
041995051999990004060000060000000
041995051012990000940000019600000
041995051012990001900016175200449
041995051019990001920000447900008
041995051033390000530000249700001
041995051040790000080003958200097
041995051079990000360000255400011
041995051083490000070000005600000
041995051083790000210000009100000
041995051083790001010000435000057
041995051084990000020006776501015
041995051100690001360000008600000
041995051122890003980000037900000
041995051129990003100000506100010
041995051133190000350000182000006
041995051149990003190008181000072
041995051170390001400000006100000
041995051199990000010000523200005
041995051999990000290000016200000
041995051999990001850000129200000
041995051012190000020007288700224
041995051012190003960000073600002
041995051014190000820000024700000
041995051040790002470000198600002
041995051053590001690000036300001
041995051053890000020008311300110
041995051059990001140001091500019
041995051111590001100001977800020
041995051113690000420000010000000
041995051139990000240002447200125
041995051144890000020009339300075
041995051153090000790000090600000
041995051153090003620000135000000
041995051170390000030000562700003
041995051179990001720025969200323
041995051179990100000006064900194
041995051185190002270000040700000
041995051999990000580000012800000
041995051999990002190000427700011
041995051999990002740000075300000
041995051999990003380000106100017
041995051999990003770003212900005
041995051999990004110000348700010
041995051011190000030000167300008
041995051019990100000014376500404
041995051053590001890000328200008
041995051080990000020010494601187
041995051084090000020004658000717
041995051084090002220000039900000
041995051084990000440000043000003
041995051091790000160011580901085
041995051109990100000001506200121
041995051111590002200000018200000
041995051113290001040005224600229
041995051113690001100001327700005
041995051153090000750000386900003
041995051170390001800002840400072
041995051999990000120004162800170
041995051999990001620001054700115
041995051010490000910000095900000
041995051011890000030000146900004
041995051011890000880006775200194
041995051014190000900000228600000
041995051022290000360000086700001
041995051033390000520001326900022
041995051053590000820000066900000
041995051053590001280007651100102
041995051059990001680000023700000
041995051079990000850000094100000
041995051084790000360000344000020
041995051089990000210000432700022
041995051092590001740000530600054
041995051094390100000001063300080
041995051099990003420000077600006
041995051109990000180002733000139
041995051119990001220000030700000
041995051122890001400002197200000
041995051129990000420000106200005
041995051133190000340007673600293
041995051185190002240000417100004
041995051999990000010683860721189
041995051999990000180002806000139
041995051999990001280021188200372
041995051999990001340000022100000
041995051999990001590000209100013
041995051999990001700001031000061
041995051999990003460000494300016
041995051049990002480001871300044
041995051053890000820000013700000
041995051071690000010005690900647
041995051074590003150002589900085
041995051079990003150009720600243
041995051080990001710000058200003
041995051083790000450001486100051
041995051084290000490000028800000
041995051099990003700001930800170
041995051112790100000000729100024
041995051113690100000003217700054
041995051119990001130000196600002
041995051119990004060000060000000
041995051119990004110000348700010
041995051122890000110000109700000
041995051122890003100000506100010
041995051144890000190000017200000
041995051149990000820000006700000
041995051159990003620000135000000
041995051179990000010078110202144
041995051999990000680000368300016
041995051999990002200000216100003
041995051999990003340000088000001
041995051999990003420000077600006
041995051999990003620000135000000
041995051012390002000000215700006
041995051071990100000000319400049
041995051074590000020014167800841
041995051079990000500000090400010
041995051080990000210000338500022
041995051084090001400000062900000
041995051100690003120000036700003
041995051119990000060000013300000
041995051122890100000005721300265
041995051133190000360000217700011
041995051153090003670000067000000
041995051159990000770007543400069
041995051169990100000000490400042
041995051185190002300000377000003
041995051999990000210000454200023
041995051999990000870000100700000
041995051999990003000000015500001
041995051011490100000001365600035
041995051011890000360000028200002
041995051012990000140002108000035
041995051014190000060000088200001
041995051024490000840000377700015
041995051039990000040009833500125
041995051039990000360000055900000
041995051059990001180000043600000
041995051063990000070000049500001
041995051089990001000000418400029
041995051113690000060000013300000
041995051142090000430000018700000
041995051169990000020007733600488
041995051179990000070000082000000
041995051179990002100000806700009
041995051999990000460002764800039
041995051999990000950000429100009
041995051999990001260000114500002
041995051999990002930000071300000
041995051999990003640000351600000
041995051999990003690000022400012
041995051011490001920000049000001
041995051012390100000000807700020
041995051012990003080000020800000
041995051033390000010022438500421
041995051053890000960000301200002
041995051080590001620001054700115
041995051083790003710000043300000
041995051089990000980000000700000
041995051090890000170013929800226
041995051090890001410034765500285
041995051091790100000002815900190
041995051094390001510000057300000
041995051099990000360000328800002
041995051100690000390000733000021
041995051113690000030000028700001
041995051122890000360001859900008
041995051129990000020137712600821
041995051129990000030000942400019
041995051129990001400002197200000
041995051139990000350000182000006
041995051142090000030000008900000
041995051144890000240007193200205
041995051149990100000001951400226
041995051171290001760000063700001
041995051195290000020001242500014
041995051999990000030006345700142
041995051999990000420001810300119
041995051999990001070000050100000
041995051999990001150000595600012
041995051999990001430000054900001
041995051999990002470000198600002
041995051011490000880011879000188
041995051024490000150001695600334
041995051049990000080003958200097
041995051049990100000002091200092
041995051053590100000002777000072
041995051099990001550000033000008
041995051100690000010016601700804
041995051122890000820000195900000
041995051153090000770007543400069
041995051195290002630000407200004
041995051999990003980000037900000
041995051011190000360000382500005
041995051011490000020012403400216
041995051011890001900016562100739
041995051012190000900000038300001
041995051012390000420000012900001
041995051019990000020116883102442
041995051019990000820000043800000
041995051024490100000000002100001
041995051039990000520001326900022
041995051059990001380000050800000
041995051071990000010003077600418
041995051082490100000000656900052
041995051083490000210000026400000
041995051084790001840000289100007
041995051089990000920000219900000
041995051090890001550000033000008
041995051090890003220000164700018
041995051092590000030000012200000
041995051113690001040011670500194
041995051119990001170000023400000
041995051133190000250001511100095
041995051139990000250001511100095
041995051140190000250001145200041
041995051142090000220007287200219
041995051159990000750000386900003
041995051159990003670000067000000
041995051171290001720001928400026
041995051174690001330000224800001
041995051179990001330000224800001
041995051179990001400000006100000
041995051179990001790012975900215
041995051185190002230000230700002
041995051999990000230002156200037
041995051999990000810000007300000
041995051999990001550000033000008
041995051011190000060000011300000
041995051011890001940000536500031
041995051011890100000002076400100
041995051019990000880067823301329
041995051019990003960000073600002
041995051022290000460000470100022
041995051040790000580000012800000
041995051053890000010011445000290
041995051070290003150002777300062
041995051082490000450001963900049
041995051084290000030000031800003
041995051084790000060000031800000
041995051084990100000000351300043
041995051089990000450011746500278
041995051092590003380000106100017
041995051101090100000000565400042
041995051109990003120000036700003
041995051111590000820000029800000
041995051113290100000000779600039
041995051129990000300000062200000
041995051133190000330000546200002
041995051133190100000005084600879
041995051153090000020031696200344
041995051999990000150011644701050
041995051999990002100000806700009
041995051999990003960000073600002
041995051012190100000000364200018
041995051019990001400000024500000
041995051040790000170000141200000
041995051059990001860001097000006
041995051063990000040002330200027
041995051070290001600000142200001
041995051071990003150001223300023
041995051079990000420000562700030
041995051083790000020011503201311
041995051083790000360000148000010
041995051084290000420000089100010
041995051089990000010046268103493
041995051099990001480000433000000
041995051099990001740000530600054
041995051109990000020024727301232
041995051112790001110003049000077
041995051113290000020011490900588
041995051113290000360000313800006
041995051149990000430000018700000
041995051170390100000002213600057
041995051999990001170000023400000
041995051999990001740000530600054
041995051012390001700000027400001
041995051025090000010012172000710
041995051053590000020013467800122
041995051053590001140001063500019
041995051059990001350000172400008
041995051059990001670000016100000
041995051063990000010008977200282
041995051084790100000000799500090
041995051090890000360000324200002
041995051099990100000010959500696
041995051113290000820000002800000
041995051139990000320005553000235
041995051144890000270010111900119
041995051149990000190000017200000
041995051149990000220031061600998
041995051159990100000001245500024
041995051162690000010005690800334
041995051171290000360000120300000
041995051189990002290000111100000
041995051999990000040258978003493
041995051999990000080003958200097
041995051999990000110000232800000
041995051999990001660000100800000
041995051999990002330000096100000
041995051999990002650003643800043
041995051012390000020013561000383
041995051025090000460002188200015
041995051040790100000002091200092
041995051053590001860001097000006
041995051053890001140000028000000
041995051059990001160002114000030
041995051069990000660000083800000
041995051074590100000000948800065
041995051080990000030000041500000
041995051089990000060000081600003
041995051099990002020000019900000
041995051129990003980000037900000
041995051149990003750000005200002
041995051179990000420000099100001
041995051179990001540000055300000
041995051999990000350000182000006
041995051999990001220000030700000
041995051999990002220000056100004
041995051999990003100000506100010
041995051019990000030000474800026
041995051040790002440000164100005
041995051040790002890000025100000
041995051071390000420000330200010
041995051071690001530000229500019
041995051079990000210000021500001
041995051080990000360000044300002
041995051099990000170020224200525
041995051099990000820000029800000
041995051101090000180001557800099
041995051142090000240007509800255
041995051153090100000001245500024
041995051171290100000000563300017
041995051999990000170020409500525
041995051999990000440000043000003
041995051999990001110020809800428
041995051999990003400000120200015
041995051999990003650000939000018
041995051012390000060000009000000
041995051019990000300000021200000
041995051025090000840005152600041
041995051071690001050000038500002
041995051079990100000002736000192
041995051082490000010010041900649
041995051082490003470000037300001
041995051089990000490000028800000
041995051090890000030000270300000
041995051092590003390000050700007
041995051099990000030000392600009
041995051100690000100000002200000
041995051101090000420000047100003
041995051109990000010027459901684
041995051111590100000004199400099
041995051113690003650000251700004
041995051119990000820000051900000
041995051122890000030000942400019
041995051129990000070000058200000
041995051159990000720000164400000
041995051159990003640000351600000
041995051169990000870000100700000
041995051179990000060000123700001
041995051189990003910000008700000
041995051999990000190000168600000
041995051999990001000000418400029
041995051999990001510000106700001
041995051019990000140026024900345
041995051019990003080000052900000
041995051022290100000000074600014
041995051039990000510000163000001
041995051049990000170000141200000
041995051053890001350000172400008
041995051070290000820000014600000
041995051084290000010001339200126
041995051084290000020002908400562
041995051089990001840000289100007
041995051090890001460086103700876
041995051113290002200000197900003
041995051119990003650000939000018
041995051122890000810000007300000
041995051149990003000000015500001
041995051153090000360000205300003
041995051171290000020012751100530
041995051174690000020052020501063
041995051174690000360000274200004
041995051179990000360000394500004
041995051179990002110000074200000
041995051185190003910000008700000
041995051999990000530000249700001
041995051999990000570000561600006
041995051999990003410000153700026
041995051039990000540000261400002
041995051049990002790000828800004
041995051053890001120001732200014
041995051059990001120003413300016
041995051059990001630000038400000
041995051071390000360000098600002
041995051084790001010000264400024
041995051089990001010001000400098
041995051091790001460007455700300
041995051092590000020002307400106
041995051101090000010010858200880
041995051111590000420000215300005
041995051142090000250006611300172
041995051144890000250004090000098
041995051170390002180000125600001
041995051199990001660000100800000
041995051010490000890000173100002
041995051012190000880003248400099
041995051025090000060000027500000
041995051029990000010019323201638
041995051049990000060000003500000
041995051053590001680000023700000
041995051059990001280021188200372
041995051069990000010008977200282
041995051069990000120004162800170
041995051074590000830000405800002
041995051080990000980000000700000
041995051084090000030000032800005
041995051084790000020014123200835
041995051089990000820000009800000
041995051099990001430000054900001
041995051999990000790000090600000
041995051999990001330000224800001
041995051999990001540000055300000
041995051999990003390000050700007
041995051019990001420000182700001
041995051025090003340000088000001
041995051029990000360000266900004
041995051040790000030000019600000
041995051069990100000001001000071
041995051071990000210000001400001
041995051079990000960000462200025
041995051083490000030000121800012
041995051084090000060000010100000
041995051089990002220000056100004
041995051089990100000004588500568
041995051090890100000006399000360
041995051094390000160012176300780
041995051094390001410001976600042
041995051100690000020014403100527
041995051101090000380000015000000
041995051112790003650000592400011
041995051122890000300000062200000
041995051140190000240001324000036
041995051149990000020016070600166
041995051170390000420000099100001
041995051179990000170000044100000
041995051185190002290000111100000
041995051999990000060000694700007
041995051999990000070000463300007
041995051999990001020000485500012
041995051999990001670000016100000
041995051999990003670000067000000
041995051010490000360000682100037
041995051010490001900009915000483
041995051014190001900031840000647
041995051033390000360000055900000
041995051059990000960000489800002
041995051080590000450000719400035
041995051083490001010000301000017
041995051092590001410000595900009
041995051112790000020013229400506
041995051142090100000000873100140
041995051144890000030000002200000
041995051144890000360000052400000
041995051153090000010020138600258
041995051170390002070000152100001
041995051170390002190000356400007
041995051189990002300000377000003
041995051999990000160097349804240
041995051011190000880007375600110
041995051012990000030000160600014
041995051019990000360002109100073
041995051040790000420000011600000
041995051040790002930000071300000
041995051040790003560009337000197
041995051080590000010002387900281
041995051099990001520000592100053
041995051119990000020075772402232
041995051122890000980000718200000
041995051129990000980000718200000
041995051129990003110000073000000
041995051139990003750000087800020
041995051162690000860001184200103
041995051170390000070000082000000
041995051174690001760000121900000
041995051999990000510000163000001
041995051999990001710000058200003
041995051999990002700000161300003
041995051999990003080000052900000
041995051010490000140000752800023
041995051011490001700000028500000
041995051012990000360000749200022
041995051012990000900000688600007
041995051012990002650003643800043
041995051022290000150002532200253
041995051024490000020003466500491
041995051033390000020025858700358
041995051039990100000001863200058
041995051049990002470000198600002
041995051053890001070000050100000
041995051063990000020010782300372
041995051079990001050000497400020
041995051084090000450000756500036
041995051094390001460007475600266
041995051094390003690000022400012
041995051099990003380000106100017
041995051100690000410005370000160
041995051113690000820000019300000
041995051119990002200000216100003
041995051122890000040050537400225
041995051129990000010083192400546
041995051139990000340007673600293
041995051139990000360000217700011
041995051170390000170000044100000
041995051199990000040000071500000
041995051999990000820000467700000
041995051999990000860001184200103
041995051999990001180000043600000
041995051999990001520000592100053
041995051999990001690000036300001
041995051011190100000004080200061
041995051012190000140001425500051
041995051012990000880013726200232
041995051012990100000002836300064
041995051029990000840006269400084
041995051033390000050001341400006
041995051049990002930000071300000
041995051059990000360000160100004
041995051059990001070000050100000
041995051071690000210000020100000
041995051089990001020000485500012
041995051090890000280000077600000
041995051099990001410038481300373
041995051119990001040042187500947
041995051122890000070000058200000
041995051122890001320000059100000
041995051122890003110000073000000
041995051129990000060000138100000
041995051144890003190005254300048
041995051170390000060000119300001
041995051174690000820000034600000
041995051174690001340000022100000
041995051999990001050000497400020
041995051999990001130000196600002
041995051999990001380000050800000
041995051999990002310000552300001
041995051011490000060000020600000
041995051019990001260000114500002
041995051039990000020025858700358
041995051039990000050001341400006
041995051049990000420000011600000
041995051053590000010008528400125
041995051071390003150002515000047
041995051084790000030000022700002
041995051091790000020001626100034
041995051112790001880000219800007
041995051113690004110000348700010
041995051119990001100004474900030
041995051140190100000000054800010
041995051142090000020004256800034
041995051149990000360000052400000
041995051174690001800004128200080
041995051179990002180000125600001
041995051189990002260000051000000
041995051999990000310000072900000
041995051999990000890000173100002
041995051011190000940000120200000
041995051011190001900013954900273
041995051011890000940000014100000
041995051029990000020027727201472
041995051033390000040009833500125
041995051039990000550000327500000
041995051053890001850000009800000
041995051059990000010019973400415
041995051063990000680000368300016
041995051071990000020004534700612
041995051080990000450002174500025
041995051080990001700000577000051
041995051083490000020005493300719
041995051089990002310000552300001
041995051099990003180000123100000
041995051111590001040020908800369
041995051111590001150000491300009
041995051139990003290000270200017
041995051170390002110000069000000
041995051174690100000003288000120
041995051179990000820000034600000
041995051185190002260000051000000
041995051189990002240000417100004
041995051195290000040000071500000
041995051999990000500000090400010
041995051999990001480000433000000
041995051999990002280000144900001
041995051011190000020014502300169
041995051011190000140002797800023
041995051011890000060000017400000
041995051019990000940000299200000
041995051025090000020020258500558
041995051029990000060000027500000
041995051082490000820000009800000
041995051082490002960000121300002
041995051083490000450000645500012
041995051101090000390000203100016
041995051109990000420000247900010
041995051129990000820000195900000
041995051140190000220004359000198
041995051153090000570000561600006
041995051170390001720007875000089
041995051171290001370000959000016
041995051174690000060000004400000
041995051174690002110000005200000
041995051189990002230000230700002
041995051999990001840000289100007
041995051011890000900000239000007
041995051025090100000000500400034
041995051063990000640003322100088
041995051080990002210000081900004
041995051090890001590000209100013
041995051092590003420000077600006
041995051100690000180001175200040
041995051109990000380000015000000
041995051111590001220000011700000
041995051119990001880000219800007
041995051139990000370002418600042
041995051142090003000000015500001
041995051144890003770003212900005
041995051169990001830000942500015
041995051170390001790000598700008
041995051170390002100000060100000
041995051179990000950000429100009
041995051999990000240018474200621
041995051999990001010001000400098
041995051999990002240000417100004
041995051012190001900010306000441
041995051012390000140001250400017
041995051014190000020020931900270
041995051022290000020004002200423
041995051024490000460000106500002
041995051025090000150007416900463
041995051049990002770002227600013
041995051059990000130002695600044
041995051059990000820000080600000
041995051063990000660000083800000
041995051071390000010011935900475
041995051080990000010004524200324
041995051080990000420000047900012
041995051084790000920000219900000
041995051084990000420000304700040
041995051129990001360000061500000
041995051144890003750000005200002
041995051159990000570000561600006
041995051162690001830000942500015
041995051179990001760000185600001
041995051999990000200000344600028
041995051999990000660000083800000
041995051999990100000072903704202
041995051011890000020017174900572
041995051014190001920000303300006
041995051019990000890000173100002
041995051029990100000000577100049
041995051059990001890000328200008
041995051074590001050000153100012
041995051074590001610000075700005
041995051083490000420000023300001
041995051091790003530000110100009
041995051122890001360000061500000
041995051133190003370002156400049
041995051149990003770003212900005
041995051999990000140026024900345
041995051999990000490000028800000
041995051011190003080000032100000
041995051011890002000000003400000
041995051012990000020020614900266
041995051049990003560009337000197
041995051059990000020021779100232
041995051079990000020047409602999
041995051079990000830000405800002
041995051082490000020013192300868
041995051084790000070000034100000
041995051089990000360000910000067
041995051089990000440000043000003
041995051099990003570000271400022
041995051101090000020010324200705
041995051109990000100000002200000
041995051119990001210000101300000
041995051129990001320000059100000
041995051159990000020031696200344
041995051162690000020007733600488
041995051999990000940000299200000
041995051999990001790012975900215
041995051012390000900000134400002
041995051040790002790000828800004
041995051049990000030000019600000
041995051053890001380000050800000
041995051071690003150000615100026
041995051071990000060000011600000
041995051089990000420000465000063
041995051089990002950003471500138
041995051089990003460000494300016
041995051099990003220000164700018
041995051113290001210000025300000
041995051142090003190001955500019
041995051149990000240016027000496
041995051149990000270018810500240
041995051010490000880002758100060
041995051010490000900000109700000
041995051011490001900013410500405
041995051011890002190000044200002
041995051012190000940000023800000
041995051012990000820000019100000
041995051014190000880016480500319
041995051033390100000001863200058
041995051040790000360000025300000
041995051040790002770002227600013
041995051049990000360000025300000
041995051049990002700000161300003
041995051053590001670000016100000
041995051053890000360000160100004
041995051053890100000000943600033
041995051089990002210000081900004
041995051092590003410000153700026
041995051099990003690000022400012
041995051113690001110007445900116
041995051122890001610000127100003
041995051144890100000001023500076
041995051170390000010026515300594
041995051179990001800008446200168
041995051199990001640000260500002
041995051999990000220031331801015
041995051999990000470000004900000
041995051999990002290000111100000
041995051010490100000000497600018
041995051012190000420000051600003
041995051019990002650003643800043
041995051049990000020015954100380
041995051069990000640003322100088
041995051071990000850000094100000
041995051074590000060000011500000
041995051080990100000000579600106
041995051090890001520000592100053
041995051099990000020039571200453
041995051100690000360000019300000
041995051113290003650000026100000
041995051113690001210000034600000
041995051122890000010083192400546
041995051129990000810000007300000
041995051133190003750000087800020
041995051153090003640000351600000
041995051171290000030000124600003
041995051999990000430000018700000
041995051999990002480001871300044
041995051011190000900006867000056
041995051024490000010002798000359
041995051040790000470000004900000
041995051053890001090000205700001
041995051053890001280013537100270
041995051059990001690000036300001
041995051070290000360000038900000
041995051080590100000000394300061
041995051090890002020000019900000
041995051092590100000000681300066
041995051109990001360000008600000
041995051111590001110007040000135
041995051122890000020137712600821
041995051129990000360001859900008
041995051133190000240002447200125
041995051133190003290000270200017
041995051169990000860001184200103
041995051171290000010009705000453
041995051174690000950000429100009
041995051179990000030001356800011
041995051195290001640000260500002
041995051999990000250013357600406
041995051999990001090000205700001
041995051999990001140001091500019
041995051999990001360000070100000
041995051999990001630000038400000
041995051999990001920000447900008
041995051999990002070000152100001
041995051999990002270000040700000
041995051999990003280000072400027
041995051999990003750000093000022
041995051011490000360000171100004
041995051011490000900000383900006
041995051011890001400000024500000
041995051012990000060000050000001
041995051033390000550000327500000
041995051049990002440000164100005
041995051071690100000000416200039
041995051079990000010041419702665
041995051080590000020005990000963
041995051080590000060000039700003
041995051084990000010004402300524
041995051090890003170000074300000
041995051092590000170001799800110
041995051092590001430000010400000
041995051122890000060000138100000
041995051122890000190000048700000
041995051122890003280000072400027
041995051129990003280000072400027
041995051162690100000000490400042
041995051185190000020000886700009
041995051999990000020782039224772
041995051999990000100001349000004
041995051012990001700000398100009
041995051029990000460002764800039
041995051049990002890000025100000
041995051059990001090000205700001
041995051059990100000003720600105
041995051063990000120004162800170
041995051074590000010012551100755
041995051084090000010002231300194
041995051094390001430000030800001
041995051111590001130000196600002
041995051119990000030000106700003
041995051133190000320005553000235
041995051149990000250011846500311
041995051153090000720000164400000
041995051159990000010020138600258
041995051159990000310000072900000
041995051179990002330000096100000
041995051185190002280000144900001
041995051189990000020000886700009
041995051999990001800008446200168
041995051999990002210000081900004
041995051999990002230000230700002
041995051999990002250000577800006
041995051999990003910000008700000
041995051012390001260000114500002
041995051014190000140013811300084
041995051039990000010022438500421
041995051039990000070000014800000
041995051049990000580000012800000
041995051069990000020010782300372
041995051071690000020006408400733
041995051084290000450000207500005
041995051109990000410007205000222
041995051119990000420000225300005
041995051119990100000008925800216
041995051129990000970000037100002
041995051139990100000005084600879
041995051140190000020002474500057
041995051999990000130002695600044
041995051999990002180000125600001
041995051999990002440000164100005
