031993061101091090200012467900001
031993061171291290020010945500001
031993061171291290030010701500000
031993061171291290040010545100000
031993061071391390120014293700001
031993061071391390130014022200001
031993061071391390140013989000001
031993061071691690130005820100001
031993061071691690140005735200000
031993061071691690150005694800000
031993061071991990140003391500001
031993061071991990150003332500000
031993061071991990160003287400000
031993061022292290180004808300001
031993061022292290190004664000001
031993061022292290200004634800001
031993061082492490280012258600001
031993061082492490290012135600000
031993061082492490300012048900000
031993061162692690190006174600001
031993061162692690200006036300000
031993061162692690210006021200000
031993061040720720020001171100000
031993061122892890560111036600001
031993061122892890570103640100000
031993061122892890580102753500000
031993061153093090010024865500001
031993061153093090020024346800000
031993061153093090030024038900000
031993061133193190210010312000001
031993061133193190220010077500000
031993061133193190230009985100000
031993061033393390110026800100001
031993061033393390120026281600001
031993061033393390130026041300001
031993061083493490200004591200001
031993061083493490210004396800000
031993061083493490220004329100000
031993061083793790210008355500001
031993061083793790220008167700000
031993061083793790230008212800000
031993061063993990220011875800001
031993061063993990230011647700001
031993061063993990240011571400001
031993061084094090120003047400001
031993061084094090130002941200000
031993061084094090140002867200000
031993061084294290220002032000001
031993061084294290230002004800000
031993061084294290240001938000000
031993061024494490130003466500001
031993061024494490140003440100001
031993061024494490150003392300001
031993061074594590110013988300001
031993061074594590120013757000001
031993061074594590130013694500001
031993061174694690060049529500001
031993061174694690070048406000001
031993061174694690080047532700000
031993061084794790130011109300001
031993061084794790140010713400000
031993061084794790150010639500000
031993061084994990150005223900001
031993061084994990160005003400000
031993061084994990170004897600000
031993061025095090100016355800001
031993061025095090110015954200001
031993061025095090120015834400001
031993061185195190040001153900000
031993061185195190050001104100000
031993061195295290030001224300001
031993061195295290040001149300000
031993061040730730080001512700000
031993061053513510260008395300000
031993061053513510270008143400000
031993061053523520010001038400000
031993061053533530020000474800000
031993061053843840050009157800000
031993061053843840060008808600000
031993061053853850010001260900000
031993061040710710030014858600001
031993061040710710040014170600001
031993061053863860050000051400000
031993061053873870020000122200000
031993061040720720050001575900001
031993061140190190080002880300001
031993061140190190090002789700000
031993061140190190100002767500000
031993061070290290130008777600001
031993061070290290140008648800000
031993061070290290150008522900000
031993061170390390230032385100001
031993061170390390240031841900001
031993061170390390250031253200001
031993061010490490050009415200001
031993061010490490060009253700000
031993061010490490070009034600000
031993061080590590050005521800001
031993061080590590060005391200001
031993061080590590070005336500001
031993061100690690250013769300001
031993061100690690260012757600000
031993061100690690270012614800000
031993061090890890310043815400000
031993061090890890320041941300000
031993061090890890330041189500000
031993061080990990190010679000001
031993061080990990200010444800001
031993061080990990210010307300001
031993061101091090050009136500001
031993061101091090060008830300000
031993061101091090070008768700000
031993061011191190330014632100001
031993061011191190340014179600000
031993061011191190350013931900000
031993061171291290130012451700001
031993061171291290140012182700001
031993061171291290150011982700001
031993061071391390040011664300001
031993061071391390050011341700000
031993061071391390060011242900000
031993061011491490080012310900001
031993061011491490090012014300000
031993061011491490100011919400000
031993061111591590170026846100001
031993061111591590180026285300001
031993061111591590190025901000001
031993061071691690040006193000001
031993061071691690050006110400001
031993061071691690060006049500001
031993061011891890210015700500001
031993061011891890220015151400000
031993061011891890230014926500000
031993061071991990010004560300001
031993061071991990020004469700001
031993061071991990030004422700001
031993061142092090040004139200000
031993061142092090050003973500000
031993061142092090060003927000000
031993061012192190020006666300001
031993061074594590040000000000000
031993061174694690040000000000000
031993061174694690050000000000000
031993061144894890190000000000000
031993061084994990240000000000000
031993061025095090300000000000000
031993061185195190010000000000000
031993061101091090210000015700000
031993061091791790140000105600000
031993061092592590160000038200000
031993061122892890480000140800000
031993061122892890490000075900000
031993061122892890500000066000000
031993061053843840150000044900000
031993061053843840160000027900000
031993061053853850060000006700000
031993061053863860020000000900000
031993061053873870010000000500000
031993061053513510120000027400000
031993061053513510130000024000000
031993061070290290160000025900000
031993061170390390010000096300000
031993061111591590050000135100000
031993061011891890240000051900000
031993061112792790230000024900000
031993061122892890430000202700000
031993061122892890440000095000000
031993061153093090230000041400000
031993061113293290290000017900000
031993061113693690100000093300000
031993061113693690110000029100000
031993061024494490220000013100000
031993061144894890260000097300000
031993061025095090270000061400000
031993061053843840180000101900000
031993061053843840190000069500000
031993061053513510200000042900000
031993061011191190250000090100000
031993061033393390310000100600000
031993061133193190190003013600000
031993061133193190200002970300000
031993061144894890120008231700000
031993061144894890130008125000000
031993061122892890410036842100000
031993061153093090240006024300000
031993061153093090250005679700000
031993061153093090260005465900000
031993061074594590150002322600000
031993061074594590160002219400000
031993061074594590170002181900000
031993061195295290070000076600000
031993061195295290080000067700000
031993061053843840090009537500001
031993061053843840100009134300000
031993061053853850070001008500000
031993061053863860060000255000000
031993061053873870050000194400001
031993061053513510140008716900001
031993061053513510150008582100000
031993061053523520020001348700001
031993061053533530010000902500001
031993061140190190010000011800000
031993061140190190020000007300000
031993061170390390390000094300000
031993061170390390400000071600000
031993061170390390410000074700000
031993061010490490180000022900000
031993061010490490190000013800000
031993061090890890250000183400000
031993061090890890260000120600000
031993061090890890270000113500000
031993061080990990020000042600000
031993061011191190050000080300000
031993061011191190060000056300000
031993061011191190070000054100000
031993061011491490320000035500000
031993061011491490330000019300000
031993061011891890120000050000000
031993061011891890130000034200000
031993061011891890140000031200000
031993061012192190190000020400000
031993061012192190200000011500000
031993061012192190210000012800000
031993061012392390070000035000000
031993061012392390080000022100000
031993061012392390090000021300000
031993061082492490070000044400000
031993061122892890510000277900000
031993061122892890520000158200000
031993061012992990260000061100000
031993061012992990270000042700000
031993061012992990280000037300000
031993061083493490340000016800000
031993061014194190240000077900000
031993061014194190250000051900000
031993061014194190260000044300000
031993061084794790200000061300000
031993061084794790210000042900000
031993061084794790220000038900000
031993061144894890100000037100000
031993061144894890110000031400000
031993061084994990230000019900000
031993061170390390350000072500000
031993061170390390360000044500000
031993061170390390370000040700000
031993061170390390380000014200000
031993061083493490070000018100000
031993061083493490080000010100000
031993061063993990190000062100000
031993061063993990200000044600000
031993061063993990210000042700000
031993061053513510090000059200000
031993061053513510100000042600000
031993061140190190030000045900000
031993061070290290100000059400000
031993061070290290110000047700000
031993061070290290120000042800000
031993061170390390170000750300000
031993061170390390180000596700000
031993061170390390190000560000000
031993061100690690240000063200000
031993061080990990130000099200000
031993061080990990140000059800000
031993061171291290080000109300000
031993061071691690190000035200000
031993061071691690200000023500000
031993061071691690210000019800000
031993061092592590040000090400000
031993061162692690020000063400000
031993061162692690030000044800000
031993061162692690040000042900000
031993061133193190310000114800000
031993061133193190320000082800000
031993061083793790070000109800000
031993061063993990030000094100000
031993061084094090170000039300000
031993061084094090180000022200000
031993061094394390300000106300000
031993061094394390310000071700000
031993061094394390320000065100000
031993061074594590090000113100000
031993061174694690220000463800000
031993061174694690230000295300000
031993061174694690240000275600000
031993061144894890150000193900000
031993061144894890160000150100000
031993061144894890170000134200000
031993061053523520040000008400000
031993061053843840020000372000000
031993061053513510210000104800000
031993061053513510220000062100000
031993061053513510230000010200000
031993061170390390470000476400000
031993061011491490120000178900000
031993061111591590090000429200000
031993061082492490250000173300000
031993061112792790270000135800000
031993061122892890220001262300000
031993061122892890230000740600000
031993061122892890240000442100000
031993061122892890250000223700000
031993061012992990320000400100000
031993061033393390320000220000000
031993061113693690130000395500000
031993061113693690140000245500000
031993061014194190100000694600000
031993061024494490210000058400000
031993061074594590180000151800000
031993061084794790190000281600000
031993061040710710250000000000000
031993061140190190300000000000000
031993061070290290170000000000000
031993061170390390260000000000000
031993061010490490040000000000000
031993061080590590080000000000000
031993061100690690110000000000000
031993061090890890210000000000000
031993061080990990090000000000000
031993061011191190080000000000000
031993061171291290120000000000000
031993061011491490060000000000000
031993061111591590290000000000000
031993061071691690080000000000000
031993061091791790010000000000000
031993061011891890080000000000000
031993061071991990200000000000000
031993061071991990210000000000000
031993061142092090180000000000000
031993061012192190180000000000000
031993061022292290170000000000000
031993061012392390170000000000000
031993061092592590170000000000000
031993061162692690220000000000000
031993061122892890280000000000000
031993061122892890290000000000000
031993061012992990330000000000000
031993061153093090220000000000000
031993061133193190150000000000000
031993061113293290220000000000000
031993061033393390330000000000000
031993061113693690120000000000000
031993061063993990010000000000000
031993061084094090080000000000000
031993061014194190110000000000000
031993061084294290100000000000000
031993061094394390050000000000000
031993061024494490160000000000000
031993061011891890350000606000000
031993061011891890360000486400000
031993061011891890370000463100000
031993061012192190010000285800000
031993061012392390050000360100000
031993061012992990140000813500000
031993061012992990150000581000000
031993061014194190200000967800000
031993061144894890140008012200000
031993061111591590230000249200000
031993061111591590240000193100000
031993061111591590250000181600000
031993061112792790010000039400000
031993061112792790020000026200000
031993061112792790030000023800000
031993061113293290130000059100000
031993061113293290140000043600000
031993061113293290150000040600000
031993061113693690240000108700000
031993061113693690250000063300000
031993061113693690260000056300000
031993061040710710050001754600000
031993061040710710060001553100000
031993061040720720070000280300000
031993061040730730060000185700000
031993061010490490080000149800000
031993061010490490090000115500000
031993061010490490100000099100000
031993061011191190010002878500000
031993061011191190020002578300000
031993061011191190030002480500000
031993061011491490190000286800000
031993061011491490200000219700000
031993061011491490210000201900000
031993061011891890010000253200000
031993061011891890020000202300000
031993061011891890030000190100000
031993061012192190120000195700000
031993061012192190130000141600000
031993061012192190140000128300000
031993061012392390110000211000000
031993061012392390120000157700000
031993061012392390130000146000000
031993061012992990160000521000000
031993061012992990170000411700000
031993061012992990180000365300000
031993061014194190210000578500000
031993061014194190220000437100000
031993061014194190230000401800000
031993061140190190210001027300000
031993061140190190220000942200000
031993061140190190230000923200000
031993061142092090200001684000000
031993061142092090210001568600000
031993061142092090220001469700000
031993061133193190090002289800000
031993061133193190100002166400000
031993061133193190110002049300000
031993061144894890010004553400000
031993061144894890020004340000000
031993061144894890030004141400000
031993061140190190150003786700001
031993061140190190160003664500001
031993061140190190170003618900001
031993061142092090010008480600001
031993061142092090020008193100001
031993061142092090030008106600001
031993061144894890070016339000001
031993061144894890080015845900000
031993061144894890090015762800000
031993061025095090250000050400000
031993061025095090260000033800000
031993061122892890790000078500000
031993061122892890800000035700000
031993061122892890810000041500000
031993061162692690060000959500000
031993061162692690070000902700000
031993061162692690080000876100000
031993061053843840170000006600000
031993061140190190140000005800000
031993061170390390290000582700000
031993061170390390300000457900000
031993061170390390310000417100000
031993061010490490200000006400000
031993061080590590110000004400000
031993061090890890400000104700000
031993061080990990250000010000000
031993061101091090170000005000000
031993061011191190260000027900000
031993061171291290200000631700000
031993061171291290210000531800000
031993061171291290220000515300000
031993061071391390070000026400000
031993061011491490070000009600000
031993061071691690120000006600000
031993061091791790320000011000000
031993061011891890340000007100000
031993061071991990130000006600000
031993061142092090070000015500000
031993061012192190050000084800000
031993061022292290210000002900000
031993061012392390010000004700000
031993061082492490270000008200000
031993061014194190130000164100000
031993061014194190140000087000000
031993061025095090190000166900000
031993061025095090200000105000000
031993061185195190020000008800000
031993061185195190030000007400000
031993061122892890330000143400000
031993061122892890340000072200000
031993061122892890350000064500000
031993061083493490330000021200000
031993061122892890690000049200000
031993061122892890700000025700000
031993061122892890710000019000000
031993061122892890720000007000000
031993061100690690210000103100000
031993061100690690220000065000000
031993061100690690230000054500000
031993061101091090010000318900000
031993061101091090020000240300000
031993061101091090030000243500000
031993061090890890120000305300000
031993061091791790180000033200000
031993061092592590240000013100000
031993061162692690050000024500000
031993061122892890260000189100000
031993061153093090130000051900000
031993061153093090140000032800000
031993061153093090150000023800000
031993061133193190070000064600000
031993061033393390070000155700000
031993061063993990020000027400000
031993061094394390170000029300000
031993061122892890590000347800000
031993061122892890600000023900000
031993061122892890610000033000000
031993061100690690060000063300000
031993061122892890450000425400000
031993061122892890460000279600000
031993061122892890470000202100000
031993061010490490240000197000000
031993061010490490250000151900000
031993061010490490260000149600000
031993061011191190220000498800000
031993061011191190230000371400000
031993061011191190240000356700000
031993061011491490220000178200000
031993061011491490230000149300000
031993061011491490240000142900000
031993061011891890150000144900000
031993061011891890160000112500000
031993061011891890170000121800000
031993061012192190090000121800000
031993061012192190100000092000000
031993061012192190110000086600000
031993061012392390240000116000000
031993061012392390250000084100000
031993061012392390260000074700000
031993061012992990060001016400000
031993061012992990070000811900000
031993061012992990080000771000000
031993061014194190370000109800000
031993061014194190380000077100000
031993061014194190390000070700000
031993061170390390200000055200000
031993061170390390210000063600000
031993061170390390220000062600000
031993061011191190360000242300000
031993061171291290160000055500000
031993061122892890180000188600000
031993061122892890190000132600000
031993061122892890200000103600000
031993061063993990080000015700000
031993061014194190340000031100000
031993061014194190350000015500000
031993061014194190360000012200000
031993061174694690160000120600000
031993061174694690170000083900000
031993061011191190160000589300000
031993061011191190170000492700000
031993061011191190180000468300000
031993061011491490040000143600000
031993061011491490050000105300000
031993061011891890250000081100000
031993061011891890260000061700000
031993061011891890270000053100000
031993061012392390270000036100000
031993061012992990120000079300000
031993061012992990130000049200000
031993061014194190180000128600000
031993061010490490210002475900000
031993061010490490220002271300000
031993061010490490230002238300000
031993061011191190130007128500000
031993061011191190140006593400000
031993061011191190150006424000000
031993061011491490160008086200000
031993061011491490170007780800000
031993061011491490180007753200000
031993061011891890310004883700000
031993061011891890320004665400000
031993061011891890330004621800000
031993061012192190240002166100000
031993061012192190250002027800000
031993061012192190260001965700000
031993061012992990220008931400000
031993061012992990230008426000000
031993061012992990240008321100000
031993061014194190070011568700000
031993061014194190080010779400000
031993061014194190090010632400000
031993061010490490010012256600001
031993061010490490020011885500001
031993061010490490030011817100001
031993061011191190100025372800001
031993061011191190110024633300001
031993061011191190120024380700001
031993061011491490250022201900001
031993061011491490260021803900001
031993061011491490270021678100001
031993061011891890180022277800001
031993061011891890190021956700001
031993061011891890200021865100001
031993061012192190150013189700001
031993061012192190160012946600001
031993061012192190170012759800001
031993061012392390310020417000001
031993061012392390320019987000001
031993061012392390330019918300001
031993061012992990020029436600001
031993061012992990030028681800001
031993061012992990040028518000001
031993061014194190280052185800001
031993061014194190290050548300001
031993061014194190300050157100001
031993061010490490140000460000000
031993061010490490150000366900000
031993061010490490160000345800000
031993061011191190190001752100000
031993061011191190200001470700000
031993061011191190210001391400000
031993061011491490010001421700000
031993061011491490020001257700000
031993061011491490030001202700000
031993061011891890050000828200000
031993061011891890060000719000000
031993061011891890070000696900000
031993061012192190060000924900000
031993061012192190070000783800000
031993061012192190080000764900000
031993061012392390280000902700000
031993061012392390290000707800000
031993061012392390300000641800000
031993061012992990340001536200000
031993061012992990350001248200000
031993061012992990360001157400000
031993061014194190010003873100000
031993061014194190020003480800000
031993061014194190030003303700000
031993061040710710140001354900000
031993061040710710150001069600000
031993061040720720090000020500000
031993061122892890780000046700000
031993061025095090240000521600000
031993061022292290010000249600000
031993061022292290020000189500000
031993061022292290030000172900000
031993061024494490230000079400000
031993061024494490240000062600000
031993061024494490250000070100000
031993061025095090220000867000000
031993061025095090230000605900000
031993061022292290040002604600000
031993061022292290050002468700000
031993061022292290060002407300000
031993061024494490100001312700000
031993061024494490110001248300000
031993061024494490120001203000000
031993061025095090040012325700000
031993061025095090050011648000000
031993061025095090060011297900000
031993061033393390140001663900000
031993061033393390150001361600000
031993061033393390160001328300000
031993061090890890160000649600000
031993061091791790100000053600000
031993061122892890150000322600000
031993061033393390240000108700000
031993061033393390250000066100000
031993061033393390260000057800000
031993061122892890420000259500000
031993061040710710110000022000000
031993061040710710120000011900000
031993061040720720010000002900000
031993061040730730010000009200000
031993061140190190050001720800000
031993061140190190060001610100000
031993061140190190070001581100000
031993061170390390080000050500000
031993061170390390090000033800000
031993061170390390100000046000000
031993061080990990030000037700000
031993061080990990040000025300000
031993061080990990050000019400000
031993061122892890530000237600000
031993061122892890540000147900000
031993061122892890550000469900000
031993061053513510050000068800000
031993061053533530050000021300000
031993061053843840070001579900000
031993061053843840080001387600000
031993061053853850030000196100000
031993061053513510240002121200000
031993061053513510250001872300000
031993061053513510160000055800000
031993061053513510170000045800000
031993061170390390270000015800000
031993061171291290240000006600000
031993061063993990280000931900000
031993061063993990290000679600000
031993061063993990300000856800000
031993061063993990310000353700000
031993061174694690010000032500000
031993061063993990040000070800000
031993061063993990050000048000000
031993061063993990060000037800000
031993061053843840110000149200000
031993061053843840120000109600000
031993061053853850020000004400000
031993061053863860040000000600000
031993061063993990250005497500000
031993061063993990260004530900000
031993061063993990270004450000000
031993061080590590180000049400000
031993061083493490300000063000000
031993061083493490310000051200000
031993061083493490320000042900000
031993061083793790120000140400000
031993061083793790130000107700000
031993061083793790140000095300000
031993061084094090070000070500000
031993061084294290110000015300000
031993061084794790160000242600000
031993061084794790170000166700000
031993061084794790180000152900000
031993061084994990210000106200000
031993061053513510280001586000000
031993061053513510290001442500000
031993061070290290090000263800000
031993061080990990010000444200000
031993061071391390030000328200000
031993061071691690070000109400000
031993061162692690230000221300000
031993061122892890750005349900000
031993061122892890760003456200000
031993061122892890770002992000000
031993061033393390010000779300000
031993061033393390020000557700000
031993061033393390030000558500000
031993061084294290180000082500000
031993061084794790120000454200000
031993061025095090280000554800000
031993061053513510030000252600000
031993061053513510040000192900000
031993061071991990040000074700000
031993061071991990050000049200000
031993061071991990060000040200000
031993061084294290160000035200000
031993061090890890200000254100000
031993061091791790330000013700000
031993061082492490190000134600000
031993061082492490200000101300000
031993061082492490210000099200000
031993061122892890270000122700000
031993061033393390340000016500000
031993061083493490100000005700000
031993061083793790150000069000000
031993061083793790160000044200000
031993061083793790170000036100000
031993061084294290060000005900000
031993061094394390180000020000000
031993061084794790070000031600000
031993061084994990100000106000000
031993061084994990110000082900000
031993061084994990120000071200000
031993061053513510010000120600000
031993061053513510020000089200000
031993061090890890130096718900001
031993061090890890140095885600001
031993061090890890150093915400001
031993061091791790220007798100001
031993061091791790230007540800000
031993061091791790240007431600000
031993061092592590080005589600001
031993061092592590090005362200000
031993061092592590100005271800000
031993061094394390260010012500001
031993061094394390270009735600000
031993061094394390280009611300000
031993061092592590230000386300000
031993061090890890010087004700001
031993061090890890020084446000000
031993061090890890030082160900000
031993061091791790280012771800001
031993061091791790290012428300001
031993061091791790300012247100001
031993061092592590180008308700001
031993061092592590190008166900001
031993061092592590200007850100001
031993061094394390190010439600001
031993061094394390200010179000001
031993061094394390210009838800001
031993061174694690250000211700000
031993061174694690260000134000000
031993061174694690270000116000000
031993061153093090100000233000000
031993061153093090110000162400000
031993061153093090120000146500000
031993061153093090210000082700000
031993061025095090310000119000000
031993061040710710190000064600000
031993061090890890170024593600000
031993061090890890180023209900000
031993061090890890190021708400000
031993061091791790020001169000000
031993061091791790030001047300000
031993061091791790040000869100000
031993061092592590050000809900000
031993061092592590060000684200000
031993061092592590070000594000000
031993061094394390230001654400000
031993061094394390240001491400000
031993061094394390250001355800000
031993061012392390210000067500000
031993061012392390220000054600000
031993061012392390230000053000000
031993061090890890280002062500000
031993061090890890290001259300000
031993061090890890300001220400000
031993061090890890070015932900000
031993061091791790090003224300000
031993061092592590220001954300000
031993061094394390090002500600000
031993061040710710160000285600000
031993061040720720060000027000000
031993061040730730020000029900000
031993061100690690180000442800000
031993061100690690190000349900000
031993061100690690200000326400000
031993061101091090080000807600000
031993061101091090090000663600000
031993061101091090100000640500000
031993061122892890360000574600000
031993061122892890370000361800000
031993061122892890380000496200000
031993061092592590250000000000000
031993061092592590260000000000000
031993061122892890110000168300000
031993061122892890120000102500000
031993061122892890130000094000000
031993061122892890140000052000000
031993061111591590010006247800000
031993061111591590020005669100000
031993061111591590030005562600000
031993061112792790200001750600000
031993061112792790210001575900000
031993061112792790220001510300000
031993061113293290100001568200000
031993061113293290110001630200000
031993061113293290120001468800000
031993061113693690280004745800000
031993061113693690290004358600000
031993061113693690300004167000000
031993061111591590110022288400001
031993061111591590120021525800000
031993061111591590130021172800000
031993061112792790140006771700001
031993061112792790150006636300000
031993061112792790160006551000000
031993061113293290030007901700001
031993061113293290040007817300000
031993061113293290050007524000000
031993061113693690150016400100001
031993061113693690160015781100000
031993061113693690170015728900000
031993061100690690010000034700000
031993061100690690020000022000000
031993061171291290260000022000000
031993061111591590100000066500000
031993061011891890040000009700000
031993061112792790170000072700000
031993061112792790180000061000000
031993061112792790190000056300000
031993061122892890300000174100000
031993061122892890310000090700000
031993061122892890320000074900000
031993061012992990250000029600000
031993061083493490140000008000000
031993061083493490150000006100000
031993061083493490160000005000000
031993061113693690210000093300000
031993061113693690220000046700000
031993061113693690230000042000000
031993061084094090190000010200000
031993061084094090200000005800000
031993061084094090210000005000000
031993061014194190120000039300000
031993061174694690150000101200000
031993061122892890620000479900000
031993061122892890630000317900000
031993061122892890640000273500000
031993061122892890730000042100000
031993061122892890740000066500000
031993061070290290080000026400000
031993061080590590100000033900000
031993061080990990220000313800000
031993061080990990230000238400000
031993061080990990240000204000000
031993061071691690010000068700000
031993061071691690020000055700000
031993061071691690030000051100000
031993061071991990230000029500000
031993061082492490260000010800000
031993061122892890160000247700000
031993061122892890170000142500000
031993061083493490270000044800000
031993061083493490280000034000000
031993061083493490290000030100000
031993061083793790010000030000000
031993061084094090220000041400000
031993061084294290020000014300000
031993061084794790010000160300000
031993061084994990140000017900000
031993061090890890090000158600000
031993061090890890100000097700000
031993061090890890110000084500000
031993061144894890230000058300000
031993061111591590200000219700000
031993061111591590210000129400000
031993061111591590220000123800000
031993061112792790050000444600000
031993061112792790060000358800000
031993061112792790070000364200000
031993061140190190110001435600000
031993061140190190120001405600000
031993061140190190130001407700000
031993061142092090120007492200001
031993061142092090130007425600000
031993061142092090140007362100000
031993061133193190180003092800000
031993061012192190030006648600000
031993061012192190040006483300000
031993061022292290130004051300001
031993061022292290140003903500000
031993061022292290150003848500000
031993061012392390180012593900001
031993061012392390190011546000000
031993061012392390200011446200000
031993061082492490220013380900001
031993061082492490230013373500001
031993061082492490240012922100001
031993061162692690100007542700001
031993061162692690110007417300001
031993061162692690120007371500001
031993061112792790100011495400001
031993061112792790110011426000001
031993061112792790120011276400001
031993061122892890020134439500001
031993061122892890030129179100001
031993061122892890040127290100001
031993061012992990290019036600001
031993061012992990300018157200000
031993061012992990310017923600000
031993061153093090160030402500001
031993061153093090170029867300001
031993061153093090180029605200001
031993061113293290230010384300001
031993061113293290240010219100001
031993061113293290250010063100001
031993061033393390080025015000001
031993061033393390090024575000000
031993061033393390100024336600000
031993061083493490170005556500001
031993061083493490180005497900001
031993061083493490190005417200001
031993061113693690070022759300001
031993061113693690080022255300001
031993061113693690090022092700001
031993061083793790180010704500001
031993061083793790190010789100001
031993061083793790200010503900001
031993061063993990160010354600001
031993061063993990170009998000000
031993061063993990180009708900000
031993061084094090010004381800001
031993061084094090020004323400001
031993061040730730030001797500001
031993061084094090030004319500001
031993061014194190040024239600001
031993061014194190050023593600000
031993061014194190060023303500000
031993061084294290120002777300001
031993061084294290130002722200001
031993061084294290140002679500001
031993061094394390100005705500000
031993061094394390110005558700000
031993061094394390120005456400000
031993061024494490070003207100001
031993061024494490080003169200000
031993061024494490090003198300000
031993061074594590010013870400001
031993061074594590020013618300000
031993061074594590030013606400000
031993061084794790230013994200001
031993061084794790240013679200001
031993061084794790250013519000001
031993061144894890200009766500000
031993061144894890210009554800000
031993061144894890220009438500000
031993061084994990180006448400001
031993061084994990190006331900001
031993061084994990200006223600001
031993061025095090070015744900001
031993061025095090080015369700000
031993061025095090090015121600000
031993061185195190140001474700001
031993061185195190150001433500001
031993061195295290050001177600001
031993061195295290060001154400000
031993061053513510060013919700001
031993061053513510070013514800001
031993061053523520050000434800000
031993061053533530030000326100000
031993061053843840130000436900000
031993061053843840140000390800000
031993061053853850040000087000000
031993061040710710210000513600000
031993061040710710220000439600000
031993061053863860030000007700000
031993061053873870040000003400000
031993061040720720040000148800000
031993061140190190180000182300000
031993061140190190190000157100000
031993061140190190200000151400000
031993061070290290010000478600000
031993061070290290020000421900000
031993061070290290030000381100000
031993061170390390430001453500000
031993061170390390440001255500000
031993061170390390450001209300000
031993061010490490270000374000000
031993061010490490280000317900000
031993061010490490290000302400000
031993061080590590120001524300000
031993061080590590130001432000000
031993061080590590140001394900000
031993061100690690030000817600000
031993061100690690040000714100000
031993061100690690050000658900000
031993061090890890370002414800000
031993061090890890380001881100000
031993061090890890390001879200000
031993061080990990150000732700000
031993061080990990160000603200000
031993061080990990170000554700000
031993061101091090110000620100000
031993061101091090120000535000000
031993061101091090130000505800000
031993061011191190270000459800000
031993061011191190280000368600000
031993061011191190290000344100000
031993061171291290170000727200000
031993061171291290180000532800000
031993061171291290190000490600000
031993061071391390090000645800000
031993061071391390100000574700000
031993061071391390110000534200000
031993061011491490280000451300000
031993061011491490290000393400000
031993061011491490300000382600000
031993061111591590140001297200000
031993061111591590150001010200000
031993061111591590160000968500000
031993061071691690160000345700000
031993061071691690170000301400000
031993061071691690180000301500000
031993061011891890280000575000000
031993061011891890290000514200000
031993061011891890300000480100000
031993061071991990100000242800000
031993061071991990110000214200000
031993061071991990120000204800000
031993061142092090240000211400000
031993061142092090250000180700000
031993061142092090260000173900000
031993061012192190270000266300000
031993061012192190280000213900000
031993061012192190290000205600000
031993061022292290070000307900000
031993061022292290080000270900000
031993061022292290090000301200000
031993061012392390140000397400000
031993061012392390150000329100000
031993061012392390160000302500000
031993061082492490130000767000000
031993061082492490140000694900000
031993061082492490150000633800000
031993061162692690130000367500000
031993061162692690140000305400000
031993061162692690150000310300000
031993061112792790280000301400000
031993061112792790290000255700000
031993061112792790300000222200000
031993061122892890050011126200000
031993061122892890060008279300000
031993061122892890070007557900000
031993061012992990190000686400000
031993061012992990200000541200000
031993061012992990210000502400000
031993061153093090040001482900000
031993061153093090050001310800000
031993061153093090060001253600000
031993061133193190120000676800000
031993061133193190130000588600000
031993061133193190140000590400000
031993061113293290190000274800000
031993061113293290200000256100000
031993061113293290210000254100000
031993061033393390170002508700000
031993061033393390180002289000000
031993061033393390190002176400000
031993061083493490110000413900000
031993061083493490120000331300000
031993061083493490130000327100000
031993061113693690330000792000000
031993061113693690340000619100000
031993061113693690350000631100000
031993061083793790030000947900000
031993061083793790040000864500000
031993061083793790050000847400000
031993061063993990100000523100000
031993061063993990110000426600000
031993061063993990120000409500000
031993061084094090090000879600000
031993061084094090100000803700000
031993061084094090110000777200000
031993061014194190310001330600000
031993061014194190320001122900000
031993061014194190330001038700000
031993061084294290030000215700000
031993061084294290040000207100000
031993061084294290050000191700000
031993061094394390140000283100000
031993061094394390150000230300000
031993061094394390160000228000000
031993061024494490040000207000000
031993061024494490050000156700000
031993061024494490060000140600000
031993061074594590060000584700000
031993061053513510180000275900000
031993061053513510190000234500000
031993061074594590070000517100000
031993061074594590080000498800000
031993061174694690090002385600000
031993061174694690100001871100000
031993061174694690110001753800000
031993061084794790030001241100000
031993061084794790040001053000000
031993061084794790050001036900000
031993061144894890040000544400000
031993061144894890050000461800000
031993061144894890060000455600000
031993061084994990030000484400000
031993061084994990040000538000000
031993061084994990050000412200000
031993061025095090130000564100000
031993061025095090140000470900000
031993061025095090150000439400000
031993061185195190100000046600000
031993061185195190110000043000000
031993061195295290010000071000000
031993061195295290020000062700000
031993061053523520030000183100000
031993061053533530040000011500000
031993061070290290180002064600000
031993061070290290190001953400000
031993061070290290200001903200000
031993061071391390150002264800000
031993061071391390160002123000000
031993061071391390170002050200000
031993061071991990170000906600000
031993061071991990180000844700000
031993061071991990190000840000000
031993061122892890390041509800000
031993061122892890400037717400000
031993061053843840030011162700001
031993061053843840040010823500001
031993061053853850050001390100001
031993061040710710070010509500001
031993061040710710080009943300000
031993061053863860010000538900001
031993061053873870030000119500000
031993061070290290040010036900001
031993061070290290050009819100001
031993061070290290060009774200001
031993061170390390140029691500001
031993061170390390150029058900000
031993061170390390160028755600000
031993061080590590150003324000001
031993061080590590160003233800000
031993061080590590170003209800000
031993061100690690150020470700001
031993061100690690160020153800001
031993061100690690170020063000001
031993061080990990100007484000001
031993061080990990110007169800000
031993061080990990120007032700000
031993061101091090180012717600001
031993061101091090190012559500001
031993061083793790100000290000000
031993061084094090160000179500000
031993061074594590140000249100000
031993061084994990130000166400000
031993061101091090040000052400000
031993061091791790050000110500000
031993061091791790060000065800000
031993061091791790070000050100000
031993061091791790080000019500000
031993061010490490110000060500000
031993061010490490120000038400000
031993061010490490130000032100000
031993061011191190300000408600000
031993061011191190310000273900000
031993061011191190320000265300000
031993061011491490130000068700000
031993061011491490140000043900000
031993061011491490150000049000000
031993061011891890090000099100000
031993061011891890100000072000000
031993061011891890110000065200000
031993061012192190220000065700000
031993061012192190230000037200000
031993061012392390100000077700000
031993061122892890660001984900000
031993061122892890670001216700000
031993061122892890680001107900000
031993061012992990090000191900000
031993061012992990100000105600000
031993061012992990110000095300000
031993061014194190150000202600000
031993061014194190160000129900000
031993061014194190170000112800000
031993061082492490090000087700000
031993061082492490100000061500000
031993061082492490110000058100000
031993061084294290190000032400000
031993061084294290200000022900000
031993061084294290210000017600000
031993061084994990010000074200000
031993061084994990020000059100000
031993061090890890220001144600000
031993061090890890230000813000000
031993061090890890240000750300000
031993061091791790190000106600000
031993061091791790200000082900000
031993061091791790210000068800000
031993061092592590120000044500000
031993061092592590130000028100000
031993061092592590140000023800000
031993061092592590150000010500000
031993061094394390010000116700000
031993061094394390020000081300000
031993061094394390030000062600000
031993061094394390040000026500000
031993061092592590110000013700000
031993061174694690120050242100001
031993061174694690130048826000001
031993061174694690140048127800000
031993061170390390280000850800000
031993061174694690030002571500000
031993061063993990130002390700000
031993061063993990140002156300000
031993061063993990150002119400000
031993061112792790130000383500000
031993061082492490040001933300000
031993061082492490050001763100000
031993061082492490060001712400000
031993061083493490040000738800000
031993061083493490050000665900000
031993061083493490060000640900000
031993061083793790240001565500000
031993061083793790250001391900000
031993061083793790260001330300000
031993061084094090040000696500000
031993061084094090050000613000000
031993061084094090060000587300000
031993061084294290070000328100000
031993061084294290080000275800000
031993061084294290090000262300000
031993061084794790090003600600000
031993061084794790100003285700000
031993061084794790110003118900000
031993061084994990070000585900000
031993061084994990080000548600000
031993061084994990090000494300000
031993061162692690160001122200000
031993061162692690170001016700000
031993061162692690180000976300000
031993061113293290010000149800000
031993061113293290020000113400000
031993061033393390040010116500000
031993061033393390050009617600000
031993061033393390060009439200000
031993061071991990070000049200000
031993061071991990080000036100000
031993061094394390060000292100000
031993061094394390070000196100000
031993061094394390080000174900000
031993061153093090190000174600000
031993061153093090200000116900000
031993061090890890040001158600000
031993061090890890050000769800000
031993061090890890060000703300000
031993061071391390010000091500000
031993061071391390020000062400000
031993061142092090190000107400000
031993061113293290160000082200000
031993061113293290170000068600000
031993061113293290180000066300000
031993061113693690180000317000000
031993061113693690190000209800000
031993061113693690200000210900000
031993061033393390210000130700000
031993061033393390220000093700000
031993061033393390230000087400000
031993061083493490010000068800000
031993061083493490020000050000000
031993061083493490030000045700000
031993061174694690020000055300000
031993061010490490300000259100000
031993061010490490310000194300000
031993061010490490320000167300000
031993061011191190090000726800000
031993061011491490310000253400000
031993061092592590210000007700000
031993061162692690090000006500000
031993061122892890650000087900000
031993061012992990050000031000000
031993061153093090270000084500000
031993061133193190300000013600000
031993061113693690320000008800000
031993061083793790060000012800000
031993061063993990070000004900000
031993061084094090150000003400000
031993061014194190270000053100000
031993061084294290170000002300000
031993061094394390220000024900000
031993061024494490260000003500000
031993061074594590100000009600000
031993061174694690280011203100000
031993061174694690290010065600000
031993061174694690300009579400000
031993061084794790020000011700000
031993061144894890240000012100000
031993061025095090210000015900000
031993061040710710130000017700000
031993061053513510080000008600000
031993061170390390110007762700000
031993061170390390120007398900000
031993061170390390130007284000000
031993061171291290050002223200000
031993061171291290060002027400000
031993061171291290070001983300000
031993061174694690320015515400000
031993061174694690330014522800000
031993061174694690340014288700000
031993061170390390050000985800000
031993061170390390060000903900000
031993061170390390070000855400000
031993061171291290090000776200000
031993061171291290100000680600000
031993061171291290110000609200000
031993061174694690180003406100000
031993061174694690190002894000000
031993061174694690200002707100000
031993061170390390320000150500000
031993061170390390330000109900000
031993061170390390340000100700000
031993061185195190120000004200000
031993061185195190130000002800000
031993061185195190060000102800000
031993061185195190070000093300000
031993061040710710170000040700000
031993061040710710180000031000000
031993061133193190160000114100000
031993061133193190170000107200000
031993061140190190270002602500000
031993061140190190280002518100000
031993061140190190290002483500000
031993061142092090150006293800000
031993061142092090160006145400000
031993061142092090170006100700000
031993061133193190010000361300000
031993061133193190020000327900000
031993061133193190030000342700000
031993061144894890270019388200001
031993061144894890280019154300001
031993061144894890290018942100001
031993061082492490120000515100000
031993061010490490170000102600000
031993061082492490160001608800000
031993061082492490170001393000000
031993061082492490180001314400000
031993061122892890010001300000000
031993061033393390200000058800000
031993061083493490090000007000000
031993061083793790020000029400000
031993061084794790080000042500000
031993061084994990060000025800000
031993061084294290010000034700000
031993061083493490230000169800000
031993061083493490240000189000000
031993061083493490250000128100000
031993061033393390270000134500000
031993061033393390280000089900000
031993061033393390290000082400000
031993061111591590040000596000000
031993061113693690270000317700000
031993061122892890080000520400000
031993061122892890090000247200000
031993061122892890100000212600000
031993061091791790250000283200000
031993061091791790260000211600000
031993061091791790270000207200000
031993061091791790310000049600000
031993061011891890380000010200000
031993061071991990090000005100000
031993061142092090230000016900000
031993061022292290160000008300000
031993061012392390060000013500000
031993061082492490080000010500000
031993061162692690010000014000000
031993061112792790040000011800000
031993061122892890210000093200000
031993061133193190080000013100000
031993061113293290090000011200000
031993061033393390300000015900000
031993061113693690310000033700000
031993061083793790110000020200000
031993061063993990090000012300000
031993061014194190190000029800000
031993061092592590270000151700000
031993061092592590280000116900000
031993061092592590290000113000000
031993061022292290100000993300000
031993061022292290110000914000000
031993061022292290120000908700000
031993061024494490180000391100000
031993061024494490190000355500000
031993061024494490200000339000000
031993061025095090010006242900000
031993061025095090020005682900000
031993061025095090030005514800000
031993061100690690120003505200000
031993061100690690130003354600000
031993061100690690140003241300000
031993061101091090140001518600000
031993061101091090150001390200000
031993061101091090160001337000000
031993061040710710010000935100000
031993061040710710020000713200000
031993061040730730070000183100000
031993061170390390020000138100000
031993061170390390030000096200000
031993061170390390040000088500000
031993061111591590060000192900000
031993061111591590070000135500000
031993061111591590080000120700000
031993061112792790080000033400000
031993061112792790090000014800000
031993061113293290260000021800000
031993061113293290270000014700000
031993061113293290280000014300000
031993061113693690040000111100000
031993061113693690050000078000000
031993061113693690060000096700000
031993061091791790110003469000000
031993061091791790120003330100000
031993061091791790130003242400000
031993061092592590010003945700000
031993061092592590020003805500000
031993061092592590030003747500000
031993061170390390460000443900000
031993061040710710090002040800000
031993061040710710100001811100000
031993061040720720080000141000000
031993061040730730050000054900000
031993061140190190240000925800000
031993061140190190250000888600000
031993061140190190260000875000000
031993061133193190040001152800000
031993061133193190050001143000000
031993061133193190060001076400000
031993061144894890300004270100000
031993061144894890310004116700000
031993061144894890320004049900000
031993061142092090090006616400000
031993061142092090100006482900000
031993061142092090110006538000000
031993061053843840010000030700000
031993061040710710230000029100000
031993061040710710240000020300000
031993061140190190310000007900000
031993061070290290070000011000000
031993061170390390420000021400000
031993061080590590090000006200000
031993061100690690100000014000000
031993061090890890080000180100000
031993061080990990180000060600000
031993061011191190040000071800000
031993061171291290250000016500000
031993061071391390080000027300000
031993061011491490110000211500000
031993061084294290150000007400000
031993061094394390290000020200000
031993061024494490170000003400000
031993061074594590050000021300000
031993061174694690310000090200000
031993061084794790060000021700000
031993061144894890250000046600000
031993061084994990220000005800000
031993061025095090290000030800000
031993061040720720030000002900000
031993061040730730040000015600000
031993061053513510110000016000000
031993061012392390020004004500000
031993061012392390030003790400000
031993061012392390040003738100000
031993061111591590260003357600000
031993061111591590270003088500000
031993061111591590280002889000000
031993061113293290060000546200000
031993061113293290070000564100000
031993061113293290080000429100000
031993061112792790240000578900000
031993061112792790250000470100000
031993061112792790260000476800000
031993061113693690010002931600000
031993061113693690020002670300000
031993061113693690030002474600000
031993061022292290220000038100000
031993061022292290230000026200000
031993061024494490010000017900000
031993061024494490020000013000000
031993061024494490030000011400000
031993061025095090160000146500000
031993061025095090170000107200000
031993061025095090180000109000000
031993061171291290270000469800000
031993061133193190240010687600001
031993061133193190250010541700001
031993061133193190260010485800001
031993061170390390480000014400000
031993061171291290010000012600000
031993061174694690210000120900000
031993061090890890340005742800000
031993061090890890350004358000000
031993061090890890360003496500000
031993061091791790150000652900000
031993061091791790160000481900000
031993061091791790170000363200000
031993061094394390130000443800000
031993061040710710200000130400000
031993061133193190270000772700000
031993061133193190280000599000000
031993061133193190290000559000000
031993061100690690070000298500000
031993061100690690080000247600000
031993061100690690090000210500000
031993061101091090220000235100000
031993061101091090230000169100000
031993061101091090240000153900000
031993061153093090070000798800000
031993061153093090080000594600000
031993061153093090090000599400000
031993061063993990320000381500000
031993061063993990330000252300000
031993061063993990340000238900000
031993061185195190080000059200000
031993061185195190090000049300000
031993061140190190040000312000000
031993061142092090080000641100000
031993061144894890180001039300000
031993061012992990010000142000000
031993061080590590020000619000000
031993061080590590030000555600000
031993061080590590040000530500000
031993061080990990060002022700000
031993061080990990070001805200000
031993061080990990080001738100000
031993061171291290230000055200000
031993061071691690090000743500000
031993061071691690100000682600000
031993061071691690110000656900000
031993061080590590010000161600000
031993061071991990220000142400000
031993061082492490010000309600000
031993061082492490020000243300000
031993061082492490030000197600000
031993061083493490260000195900000
031993061083793790080000443900000
031993061083793790090000316800000
