032008031080590590090000007300000
032008031080590590100000036300000
032008031080590590110000029300000
032008031080590590120000028400000
032008031080590590130000010200000
032008031080590590140003920800001
032008031080590590150003697500000
032008031080590590160003652300000
032008031080590590170000005700000
032008031080590590180006405200001
032008031080590590190006328800001
032008031080590590200006274300001
032008031080590590210000377500000
032008031080590590220000320300000
032008031080590590230000286100000
032008031080590590240000019700000
032008031080590590250000020700000
032008031080590590260000018200000
032008031080590590270000028100000
032008031080590590280000005900000
032008031080590590290000004800000
032008031080590590300000002900000
032008031080590590310000004500000
032008031080590590320000002500000
032008031080590590330000002300000
032008031080590590340000006400000
032008031080590590350000021900000
032008031080590590360000021000000
032008031080590590370000009600000
032008031080990990010000012900000
032008031080990990020000006500000
032008031080990990030000056700000
032008031080990990040000039700000
032008031080990990050000034700000
032008031080990990060008726200001
032008031080990990070008523500000
032008031080990990080008295200000
032008031080990990090000280600000
032008031080990990100000028000000
032008031080990990110000023100000
032008031080990990120000202600000
032008031080990990130000112200000
032008031080990990140000025700000
032008031080990990150000009700000
032008031080990990160000053500000
032008031080990990170000019800000
032008031080990990180000762200000
032008031080990990190000506200000
032008031080990990200000505400000
032008031080990990210000040000000
032008031080990990220000133000000
032008031080990990230000684500000
032008031080990990240000546800000
032008031080990990250000487500000
032008031080990990260011008300001
032008031080990990270010703800001
032008031080990990280010588200001
032008031080990990290000238600000
032008031080990990300000056800000
032008031080990990310000033400000
032008031080990990320000291000000
032008031080990990330000221200000
032008031080990990340000193300000
032008031080990990350000059200000
032008031080990990360000034200000
032008031080990990370000037900000
032008031080990990380000024100000
032008031080990990390000033100000
032008031080990990400000026000000
032008031080990990410000020400000
032008031082492490010000006600000
032008031082492490020000813800000
032008031082492490030000676000000
032008031082492490040000632900000
032008031082492490050000737800000
032008031082492490060000631100000
032008031082492490070000617500000
032008031082492490080000101900000
032008031082492490090013734300001
032008031082492490100013602300000
032008031082492490110013530200000
032008031082492490120000021000000
032008031082492490130000011500000
032008031082492490140000008300000
032008031082492490150000006800000
032008031082492490160000005400000
032008031082492490170000016500000
032008031082492490180000259000000
032008031082492490190000223600000
032008031082492490200000200100000
032008031082492490210000141700000
032008031082492490220000010800000
032008031082492490230000044700000
032008031082492490240015627500001
032008031082492490250015572500001
032008031082492490260015290900001
032008031082492490270000133700000
032008031082492490280000009900000
032008031082492490290000011500000
032008031082492490300000008900000
032008031082492490310000005700000
032008031082492490320000019400000
032008031082492490330000058900000
032008031082492490340000042700000
032008031082492490350000022700000
032008031082492490360000009300000
032008031082492490370000023900000
032008031082492490380000012900000
032008031082492490390000011600000
032008031082492490400000111400000
032008031082492490410000062600000
032008031082492490420000045000000
032008031082492490430000030500000
032008031082492490440000028000000
032008031082492490450000020500000
032008031082492490460000012800000
032008031082492490470000012500000
032008031082492490480000039500000
032008031083493490010000021700000
032008031083493490020000012500000
032008031083493490030000173400000
032008031083493490040000146000000
032008031083493490050000136400000
032008031083493490060000005700000
032008031083493490070000004100000
032008031083493490080000044900000
032008031083493490090000069300000
032008031083493490100000054500000
032008031083493490110000047200000
032008031083493490120000006900000
032008031083493490130000004200000
032008031083493490140000030900000
032008031083493490150000307400000
032008031083493490160000258200000
032008031083493490170000259500000
032008031083493490180000052600000
032008031083493490190000016100000
032008031083493490200000015300000
032008031083493490210000072100000
032008031083493490220004917000001
032008031083493490230004823400000
032008031083493490240004784700000
032008031083493490250000020900000
032008031083493490260000032400000
032008031083493490270005635800001
032008031083493490280005482000001
032008031083493490290005458900001
032008031083493490300000016700000
032008031083493490310000010200000
032008031083793790010000024100000
032008031083793790020000055700000
032008031083793790030011985500001
032008031083793790040011826200001
032008031083793790050011764000001
032008031083793790060000575600000
032008031083793790070000425800000
032008031083793790080000374300000
032008031083793790090000108400000
032008031083793790100000262000000
032008031083793790110000454400000
032008031083793790120000393100000
032008031083793790130000355700000
032008031083793790140000074200000
032008031083793790150000055900000
032008031083793790160000051200000
032008031083793790170000052000000
032008031083793790180000017600000
032008031083793790190000022200000
032008031083793790200008767400000
032008031083793790210008806700001
032008031083793790220008594500000
032008031083793790230000028800000
032008031083793790240000018100000
032008031083793790250000010300000
032008031083793790260000008300000
032008031083793790270000025400000
032008031083793790280000014600000
032008031083793790290000087600000
032008031083793790300000055000000
032008031083793790310000050500000
032008031083793790320000037100000
032008031083793790330000078600000
032008031083793790340000004200000
032008031083793790350000023400000
032008031084094090010000015300000
032008031084094090020000016000000
032008031084094090030000003100000
032008031084094090040000001600000
032008031084094090050000010600000
032008031084094090060000012400000
032008031084094090070000005400000
032008031084094090080000020200000
032008031084094090090000023500000
032008031084094090100000012900000
032008031084094090110000109400000
032008031084094090120000079700000
032008031084094090130000053800000
032008031084094090140000047100000
032008031084094090150000183400000
032008031084094090160000152100000
032008031084094090170000145600000
032008031084094090180000009800000
032008031084094090190000004700000
032008031084094090200000035100000
032008031084094090210000275300000
032008031084094090220000223100000
032008031084094090230000217400000
032008031084094090240003748200001
032008031084094090250003639500000
032008031084094090260003564400000
032008031084094090270005033800001
032008031084094090280004994600001
032008031084094090290004927000001
032008031084094090300000055500000
032008031084094090310000015600000
032008031084094090320000011100000
032008031084094090330000010000000
032008031084094090340000007700000
032008031084094090350000003500000
032008031084094090360000002200000
032008031084094090370000021100000
032008031084094090380000025900000
032008031084294290010002630900001
032008031084294290020002550800001
032008031084294290030002583900001
032008031084294290040000047600000
032008031084294290050000018800000
032008031084294290060002323900001
032008031084294290070002230600000
032008031084294290080002165400000
032008031084294290090000002500000
032008031084294290100000001500000
032008031084294290110000012200000
032008031084294290120000044800000
032008031084294290130000030000000
032008031084294290140000021200000
032008031084294290150000013300000
032008031084294290160000012300000
032008031084294290170000125200000
032008031084294290180000102700000
032008031084294290190000093800000
032008031084294290200000133800000
032008031084294290210000097000000
032008031084294290220000090000000
032008031084294290230000009100000
032008031084294290240000007700000
032008031084294290250000015300000
032008031084294290260000004500000
032008031084294290270000023700000
032008031084294290280000031000000
032008031084294290290000009400000
032008031084794790010000143900000
032008031084794790020014158000001
032008031084794790030013822000000
032008031084794790040013764800000
032008031084794790050000337400000
032008031084794790060000289100000
032008031084794790070000282700000
032008031084794790080000072700000
032008031084794790090000055600000
032008031084794790100000049100000
032008031084794790110000087000000
032008031084794790120000045500000
032008031084794790130000726300000
032008031084794790140000658600000
032008031084794790150000597100000
032008031084794790160000094500000
032008031084794790170000046300000
032008031084794790180000063800000
032008031084794790190000124800000
032008031084794790200000084800000
032008031084794790210000082000000
032008031084794790220000194600000
032008031084794790230000102200000
032008031084794790240000093500000
032008031084794790250000033100000
032008031084794790260000056400000
032008031084794790270000145700000
032008031084794790280000015500000
032008031084794790290000144000000
032008031084794790300000010300000
032008031084794790310000025800000
032008031084794790320016511900001
032008031084794790330016125500001
032008031084794790340016103200001
032008031084794790350001112300000
032008031084794790360000920600000
032008031084794790370000845400000
032008031084794790380000050000000
032008031084794790390000035000000
032008031084794790400000027200000
032008031084994990010000054800000
032008031084994990020000082700000
032008031084994990030000051800000
032008031084994990040006458600001
032008031084994990050006415900001
032008031084994990060006411800001
032008031084994990070000026000000
032008031084994990080000013100000
032008031084994990090000082900000
032008031084994990100000063100000
032008031084994990110000054300000
032008031084994990120000153800000
032008031084994990130000118100000
032008031084994990140000115300000
032008031084994990150000013100000
032008031084994990160000007000000
032008031084994990170000010700000
032008031084994990180000006400000
032008031084994990190000006400000
032008031084994990200000012300000
032008031084994990210000015700000
032008031084994990220000009900000
032008031084994990230000008900000
032008031084994990240000011500000
032008031084994990250000012800000
032008031084994990260005378400001
032008031084994990270005260000000
032008031084994990280005219700000
032008031084994990290000008500000
032008031084994990300000313600000
032008031084994990310000240100000
032008031084994990320000222400000
032008031090890890010000206400000
032008031090890890020000318100000
032008031090890890030139862800001
032008031090890890040133404000001
032008031090890890050130208800001
032008031090890890060002485000000
032008031090890890070000304400000
032008031090890890080000157300000
032008031090890890090000248200000
032008031090890890100037858100000
032008031090890890110035420400000
032008031090890890120034621500000
032008031090890890130002958800000
032008031090890890140001950400000
032008031090890890150001160100000
032008031090890890160000163200000
032008031090890890170002552700000
032008031090890890180000408300000
032008031090890890190000247200000
032008031090890890200000140100000
032008031090890890210000084600000
032008031090890890220000269900000
032008031090890890230060620500001
032008031090890890240056248500000
032008031090890890250054976700000
032008031090890890260000389100000
032008031090890890270000119400000
032008031090890890280000097200000
032008031090890890290000098200000
032008031090890890300003486800000
032008031090890890310002716200000
032008031090890890320002481800000
032008031090890890330002913500000
032008031090890890340000979200000
032008031090890890350000629200000
032008031090890890360000605700000
032008031090890890370002832500000
032008031090890890380005872500000
032008031090890890390000800400000
032008031090890890400000616300000
032008031090890890410003260000000
032008031090890890420000440700000
032008031090890890430000306800000
032008031090890890440000447300000
032008031090890890450000064900000
032008031090890890460000026200000
032008031090890890470000021800000
032008031090890890480000045900000
032008031090890890490000563700000
032008031090890890500000339100000
032008031090890890510000286000000
032008031090890890520000373100000
032008031090890890530000209000000
032008031090890890540000168600000
032008031090890890550000856200000
032008031091791790010000055600000
032008031091791790020000099800000
032008031091791790030000014400000
032008031091791790040000046600000
032008031091791790050000032900000
032008031091791790060009873800001
032008031091791790070009401600000
032008031091791790080009331000000
032008031091791790090015486300001
032008031091791790100014711700001
032008031091791790110014373900001
032008031091791790120000144000000
032008031091791790130000760300000
032008031091791790140000051500000
032008031091791790150000108900000
032008031091791790160000140400000
032008031091791790170000056500000
032008031091791790180000078300000
032008031091791790190000029200000
032008031091791790200000165500000
032008031091791790210000113100000
032008031091791790220000103100000
032008031091791790230000026300000
032008031091791790240000824900000
032008031091791790250000045600000
032008031091791790260000013000000
032008031091791790270000011300000
032008031091791790280000018000000
032008031091791790290000148000000
032008031091791790300000011300000
032008031091791790310000025100000
032008031091791790320000120700000
032008031091791790330000154000000
032008031091791790340003372900000
032008031091791790350003189300000
032008031091791790360003118100000
032008031091791790370000420300000
032008031092592590010006484200001
032008031092592590020006174400000
032008031092592590030006102900000
032008031092592590040002863400000
032008031092592590050002709200000
032008031092592590060002627100000
032008031092592590070000179700000
032008031092592590080000046500000
032008031092592590090000011700000
032008031092592590100000076500000
032008031092592590110000031700000
032008031092592590120000058300000
032008031092592590130000351500000
032008031092592590140000007100000
032008031092592590150000108600000
032008031092592590160000079400000
032008031092592590170000064100000
032008031092592590180000039900000
032008031092592590190000025500000
032008031092592590200000013600000
032008031092592590210000068200000
032008031092592590220000037600000
032008031092592590230000161500000
032008031092592590240009502000001
032008031092592590250009341200001
032008031092592590260009114100001
032008031092592590270000075100000
032008031092592590280000029100000
032008031092592590290000052200000
032008031092592590300000032900000
032008031094394390010000094500000
032008031094394390020000392900000
032008031094394390030000186800000
032008031094394390040000128200000
032008031094394390050000095900000
032008031094394390060000495100000
032008031094394390070000042700000
032008031094394390080000075000000
032008031094394390090000090400000
032008031094394390100000057300000
032008031094394390110000053200000
032008031094394390120005738400000
032008031094394390130005435300000
032008031094394390140005336100000
032008031094394390150000128200000
032008031094394390160000027500000
032008031094394390170000068400000
032008031094394390180000082700000
032008031094394390190000086900000
032008031094394390200017963500001
032008031094394390210017181900001
032008031094394390220016908800001
032008031094394390230008747900001
032008031094394390240007975300000
032008031094394390250007797000000
032008031094394390260001425100000
032008031094394390270001143400000
032008031094394390280001034600000
032008031094394390290000033400000
032008031094394390300000165000000
032008031094394390310000037300000
032008031094394390320000014200000
032008031094394390330000014000000
032008031100690690010000381400000
032008031100690690020000318900000
032008031100690690030000301400000
032008031100690690040000021700000
032008031100690690050000124700000
032008031100690690060000007400000
032008031100690690070000006700000
032008031100690690080000003600000
032008031100690690090000200800000
032008031100690690100000136000000
032008031100690690110000140600000
032008031100690690120021725900001
032008031100690690130021348900001
032008031100690690140021278900001
032008031100690690150000208600000
032008031100690690160000143600000
032008031100690690170000016500000
032008031100690690180000197500000
032008031100690690190000134600000
032008031100690690200000122300000
032008031100690690210000046000000
032008031100690690220000023200000
032008031100690690230000024000000
032008031100690690240000040600000
032008031100690690250016805900001
032008031100690690260016674300000
032008031100690690270016427300000
032008031100690690280000235200000
032008031100690690290001174400000
032008031100690690300001034100000
032008031100690690310000990300000
032008031101091090010000022600000
032008031101091090020000097000000
032008031101091090030000026200000
032008031101091090040000202900000
032008031101091090050000051600000
032008031101091090060000681100000
032008031101091090070000601900000
032008031101091090080000546200000
032008031101091090090013711900001
032008031101091090100013353000001
032008031101091090110013212600001
032008031101091090120000127200000
032008031101091090130000170200000
032008031101091090140000118200000
032008031101091090150000106200000
032008031101091090160000016800000
032008031101091090170000278700000
032008031101091090180000186100000
032008031101091090190000168100000
032008031101091090200000031900000
032008031101091090210000011200000
032008031101091090220000018200000
032008031101091090230000055500000
032008031101091090240000034600000
032008031101091090250000021900000
032008031101091090260000012000000
032008031101091090270010783200001
032008031101091090280010522000000
032008031101091090290010370400000
032008031101091090300000103100000
032008031111591590010000031000000
032008031111591590020000057700000
032008031111591590030000035100000
032008031111591590040000039600000
032008031111591590050000073700000
032008031111591590060000446200000
032008031111591590070000445400000
032008031111591590080000134000000
032008031111591590090026188100001
032008031111591590100025045400000
032008031111591590110024797600000
032008031111591590120011815700000
032008031111591590130010632500000
032008031111591590140010267700000
032008031111591590150000082200000
032008031111591590160000032800000
032008031111591590170000050000000
032008031111591590180000034000000
032008031111591590190000028200000
032008031111591590200001354300000
032008031111591590210001046000000
032008031111591590220000910200000
032008031111591590230000127300000
032008031111591590240028962100001
032008031111591590250028197700001
032008031111591590260027958300001
032008031111591590270000045600000
032008031111591590280000058800000
032008031111591590290000033900000
032008031111591590300000022100000
032008031111591590310000126500000
032008031111591590320000192200000
032008031111591590330000097200000
032008031111591590340000059000000
032008031111591590350000514600000
032008031111591590360000422700000
032008031111591590370000397900000
032008031111591590380000069200000
032008031112792790010000144500000
032008031112792790020000119400000
032008031112792790030000099900000
032008031112792790040000021200000
032008031112792790050000015300000
032008031112792790060000031800000
032008031112792790070000030500000
032008031112792790080000016600000
032008031112792790090000016000000
032008031112792790100000024400000
032008031112792790110000065600000
032008031112792790120010395200001
032008031112792790130010092800001
032008031112792790140010071900001
032008031112792790150000295600000
032008031112792790160000196100000
032008031112792790170000180700000
032008031112792790180009203500001
032008031112792790190008845200000
032008031112792790200008752600000
032008031112792790210000276600000
032008031112792790220000029300000
032008031112792790230000016200000
032008031112792790240000013500000
032008031112792790250000126100000
032008031112792790260002946900000
032008031112792790270002695900000
032008031112792790280002624300000
032008031112792790290000140600000
032008031112792790300000011500000
032008031112792790310000005000000
032008031112792790320000025500000
032008031113293290010000027000000
032008031113293290020000025000000
032008031113293290030000023500000
032008031113293290040000127500000
032008031113293290050000070400000
032008031113293290060000059400000
032008031113293290070000224300000
032008031113293290080000166900000
032008031113293290090000138600000
032008031113293290100000026600000
032008031113293290110000014800000
032008031113293290120000010500000
032008031113293290130010391800001
032008031113293290140010284000001
032008031113293290150010074300001
032008031113293290160000424300000
032008031113293290170000342800000
032008031113293290180000341300000
032008031113293290190000027200000
032008031113293290200000009100000
032008031113293290210008229600001
032008031113293290220008135000000
032008031113293290230007728600000
032008031113293290240000255500000
032008031113293290250000142500000
032008031113293290260000119100000
032008031113293290270000097000000
032008031113293290280000023600000
032008031113293290290000021000000
032008031113293290300000017100000
032008031113293290310000102300000
032008031113293290320000135600000
032008031113293290330003113300000
032008031113293290340002854100000
032008031113293290350002778400000
032008031113293290360000034000000
032008031113293290370000023400000
032008031113693690010000437600000
032008031113693690020000021600000
032008031113693690030000073900000
032008031113693690040001081800000
032008031113693690050000793000000
032008031113693690060000751500000
032008031113693690070024519500001
032008031113693690080023930200001
032008031113693690090024319200001
032008031113693690100000274100000
032008031113693690110000062400000
032008031113693690120000029700000
032008031113693690130000032500000
032008031113693690140000327300000
032008031113693690150000025200000
032008031113693690160000180400000
032008031113693690170008137100000
032008031113693690180007507100000
032008031113693690190007258700000
032008031113693690200000922700000
032008031113693690210000694700000
032008031113693690220000657500000
032008031113693690230022333600001
032008031113693690240021072500000
032008031113693690250020644500000
032008031113693690260000181000000
032008031113693690270000056600000
032008031113693690280000243800000
032008031113693690290000108100000
032008031195295290110000007000000
032008031011491490230000027000000
032008031011491490240000025100000
032008031011491490250000299500000
032008031011491490260000983100000
032008031011491490270000836300000
032008031011491490280000780100000
032008031011491490290000246300000
032008031011491490300000142500000
032008031011491490310000044400000
032008031011491490320000027000000
032008031011491490330000040100000
032008031011891890010000021700000
032008031011891890020000024600000
032008031011891890030000431700000
032008031011891890040000357900000
032008031011891890050000307100000
032008031011891890060000035400000
032008031011891890070000208800000
032008031011891890080000115100000
032008031011891890090000048900000
032008031011891890100000043100000
032008031011891890110000032000000
032008031011891890120000053200000
032008031011891890130000029800000
032008031011891890140000027200000
032008031011891890150000020100000
032008031011891890160000015400000
032008031011891890170020180200001
032008031011891890180019790700000
032008031011891890190019593300000
032008031011891890200000627300000
032008031011891890210025428800001
032008031011891890220024720700001
032008031011891890230024435500001
032008031011891890240000364600000
032008031011891890250000406400000
032008031011891890260000290500000
032008031011891890270000257300000
032008031011891890280000096800000
032008031011891890290000020700000
032008031011891890300002562600000
032008031011891890310002229500000
032008031011891890320002117400000
032008031011891890330000739300000
032008031011891890340000582300000
032008031011891890350000540300000
032008031011891890360000033800000
032008031011891890370000019500000
032008031012192190010001363300000
032008031012192190020001210300000
032008031012192190030001125700000
032008031012192190040000204100000
032008031012192190050000029500000
032008031012192190060000015900000
032008031012192190070000026600000
032008031012192190080000011100000
032008031012192190090000108500000
032008031012192190100000023000000
032008031122892890010000278900000
032008031122892890020000151400000
032008031122892890030000134700000
032008031122892890040000112300000
032008031122892890050000063700000
032008031122892890060000057900000
032008031122892890070000526700000
032008031122892890080000336700000
032008031122892890090000289800000
032008031122892890100000262100000
032008031122892890110000138200000
032008031122892890120000199300000
032008031122892890130000097600000
032008031122892890140000069800000
032008031122892890150000033200000
032008031122892890160000677800000
032008031122892890170000483000000
032008031122892890180000340700000
032008031122892890190000071200000
032008031122892890200000300000000
032008031122892890210000181000000
032008031122892890220000168700000
032008031122892890230000198000000
032008031122892890240000093000000
032008031122892890250000102300000
032008031122892890260000952100000
032008031122892890270000529800000
032008031122892890280000725800000
032008031122892890290170473700001
032008031122892890300167738800001
032008031122892890310166839200001
032008031122892890320001101900000
032008031122892890330000725500000
032008031122892890340001502800000
032008031122892890350000084700000
032008031122892890360000043300000
032008031122892890370000047900000
032008031122892890380000423000000
032008031122892890390000314700000
032008031122892890400000281100000
032008031122892890410009398400000
032008031122892890420007581000000
032008031122892890430006580800000
032008031122892890440000680900000
032008031122892890450000244600000
032008031122892890460000107500000
032008031122892890470000194400000
032008031122892890480000100900000
032008031122892890490000088000000
032008031122892890500000153000000
032008031122892890510017916800000
032008031122892890520015151000000
032008031122892890530014975800000
032008031122892890540000368700000
032008031122892890550000130100000
032008031122892890560000076700000
032008031122892890570000093200000
032008031122892890580002389600000
032008031122892890590000309600000
032008031122892890600000479100000
032008031122892890610000565700000
032008031122892890620132276500001
032008031122892890630129519600000
032008031122892890640125956000000
032008031122892890650001019700000
032008031122892890660000091200000
032008031122892890670000052700000
032008031122892890680000040300000
032008031122892890690000132200000
032008031122892890700000096000000
032008031122892890710000200300000
032008031122892890720000158900000
032008031122892890730000098000000
032008031122892890740000088200000
032008031122892890750000408900000
032008031122892890760000150100000
032008031122892890770000106900000
032008031122892890780000034100000
032008031122892890790000152900000
032008031122892890800002322400000
032008031122892890810001625300000
032008031122892890820001101700000
032008031122892890830000271200000
032008031122892890840000202500000
032008031122892890850000189200000
032008031133193190010000052400000
032008031133193190020000046600000
032008031133193190030000051300000
032008031133193190040000132900000
032008031133193190050000257100000
032008031133193190060000040700000
032008031133193190070000046900000
032008031133193190080001212900000
032008031133193190090000923800000
032008031133193190100000790800000
032008031133193190110000024000000
032008031133193190120000055000000
032008031133193190130000036500000
032008031133193190140000030000000
032008031133193190150000104300000
032008031133193190160000052600000
032008031133193190170000048600000
032008031133193190180000046500000
032008031133193190190000293700000
032008031133193190200000235100000
032008031133193190210000221900000
032008031133193190220000035600000
032008031133193190230000023800000
032008031133193190240000021100000
032008031133193190250000022400000
032008031133193190260000013000000
032008031133193190270000014200000
032008031133193190280006509100000
032008031133193190290006019600000
032008031133193190300005858600000
032008031133193190310010914100001
032008031133193190320010469400000
032008031133193190330010246200000
032008031133193190340012825400001
032008031133193190350012644200001
032008031133193190360012501800001
032008031133193190370000058600000
032008031133193190380000360400000
032008031133193190390000239600000
032008031133193190400000223400000
032008031133193190410000021800000
032008031140190190010000005500000
032008031140190190020003293600000
032008031140190190030003121300000
032008031140190190040003078200000
032008031140190190050000210500000
032008031140190190060000135800000
032008031140190190070000125600000
032008031140190190080000558300000
032008031140190190090000492200000
032008031140190190100000489700000
032008031140190190110000207900000
032008031140190190120000026600000
032008031140190190130000733700000
032008031140190190140000654900000
032008031140190190150000624700000
032008031140190190160000010300000
032008031140190190170000038400000
032008031140190190180000104800000
032008031140190190190000068500000
032008031140190190200000060900000
032008031140190190210000004400000
032008031140190190220000009700000
032008031140190190230000028600000
032008031140190190240000007700000
032008031140190190250000004000000
032008031140190190260006269400001
032008031140190190270005998900001
032008031140190190280005990100001
032008031140190190290004354800001
032008031140190190300004217500000
032008031140190190310004163800000
032008031140190190320000084200000
032008031140190190330000067300000
032008031140190190340000063100000
032008031140190190350000123800000
032008031140190190360000326700000
032008031140190190370000259700000
032008031140190190380000249000000
032008031142092090010000133800000
032008031142092090020000072900000
032008031142092090030001691600000
032008031142092090040001544100000
032008031142092090050001484100000
032008031142092090060000311500000
032008031142092090070000204600000
032008031142092090080000198300000
032008031142092090090004576700000
032008031142092090100004424300000
032008031142092090110004355800000
032008031142092090120000014700000
032008031142092090130000008500000
032008031142092090140000276200000
032008031142092090150001491200000
032008031142092090160001315800000
032008031142092090170001260000000
032008031142092090180000022300000
032008031142092090190000008400000
032008031142092090200000177700000
032008031142092090210000081200000
032008031142092090220007827100001
032008031142092090230007617800000
032008031142092090240007510400000
032008031142092090250000054400000
032008031142092090260011702100001
032008031142092090270011321000001
032008031142092090280011095700001
032008031142092090290000101600000
032008031142092090300002532100000
032008031142092090310002364100000
032008031142092090320002321300000
032008031142092090330000010700000
032008031144894890010000157300000
032008031144894890020000421900000
032008031144894890030000343300000
032008031144894890040000305500000
032008031144894890050000015000000
032008031144894890060000073200000
032008031144894890070000064900000
032008031144894890080002675900000
032008031144894890090002562600000
032008031144894890100002448100000
032008031144894890110000084300000
032008031144894890120001952500000
032008031144894890130001828900000
032008031144894890140001790300000
032008031144894890150000087200000
032008031144894890160019573000001
032008031071691690250000007600000
032008031071691690260000006000000
032008031071691690270000003600000
032008031071691690280000022700000
032008031071691690290000017300000
032008031071691690300000012500000
032008031071691690310000012400000
032008031071691690320000138900000
032008031071691690330000110500000
032008031071691690340000101100000
032008031071991990010006548300001
032008031071991990020006421600001
032008031071991990030006358100001
032008031071991990040005258800001
032008031071991990050005150900000
032008031071991990060005085100000
032008031071991990070000020900000
032008031071991990080000028200000
032008031071991990090000458600000
032008031071991990100000411300000
032008031071991990110000436500000
032008031071991990120000010300000
032008031071991990130000007100000
032008031071991990140000006000000
032008031071991990150000009500000
032008031071991990160000066800000
032008031071991990170000010700000
032008031071991990180000024300000
032008031071991990190000011700000
032008031071991990200000115500000
032008031071991990210000018500000
032008031071991990220000031200000
032008031071991990230000010600000
032008031071991990240000304500000
032008031071991990250000262200000
032008031071991990260000244200000
032008031071991990270000023100000
032008031071991990280000014800000
032008031071991990290000016300000
032008031071991990300000006900000
032008031071991990310000003100000
032008031071991990320000002300000
032008031071991990330000029500000
032008031071991990340000018900000
032008031071991990350000017200000
032008031071991990360000026500000
032008031071991990370000004900000
032008031071991990380000002100000
032008031074594590010000049400000
032008031074594590020000018400000
032008031074594590030000008300000
032008031074594590040000007500000
032008031074594590050000069600000
032008031074594590060000044500000
032008031074594590070001144100000
032008031074594590080001027100000
032008031074594590090001002500000
032008031074594590100016309700001
032008031074594590110015869700000
032008031074594590120015853900000
032008031074594590130000030000000
032008031074594590140000021200000
032008031074594590150000033800000
032008031074594590160000178600000
032008031074594590170000026000000
032008031074594590180000007300000
032008031074594590190000014800000
032008031074594590200000053400000
032008031074594590210019625200001
032008031074594590220019292800001
032008031074594590230019290400001
032008031074594590240000022700000
032008031074594590250000005900000
032008031074594590260000019600000
032008031074594590270000022200000
032008031074594590280000422100000
032008031074594590290000376300000
032008031074594590300000353200000
032008031074594590310000052000000
032008031074594590320000032500000
032008031074594590330000027700000
032008031074594590340000026200000
032008031074594590350000134200000
032008031080590590010000010000000
032008031080590590020000028700000
032008031080590590030000030000000
032008031080590590040000009400000
032008031080590590050000012800000
032008031080590590060000184400000
032008031080590590070000155600000
032008031080590590080000142300000
032008031144894890170019234200000
032008031144894890180019051600000
032008031144894890190000377700000
032008031144894890200000987400000
032008031144894890210000841300000
032008031144894890220000816500000
032008031144894890230000060200000
032008031144894890240000017700000
032008031144894890250000011800000
032008031144894890260000028400000
032008031144894890270000594800000
032008031144894890280000546100000
032008031144894890290000574800000
032008031144894890300010915500000
032008031144894890310010761200000
032008031144894890320010591200000
032008031144894890330000227700000
032008031144894890340021346500001
032008031144894890350020854100001
032008031144894890360020633300001
032008031144894890370000588300000
032008031144894890380000400500000
032008031144894890390000377900000
032008031144894890400000017800000
032008031153093090010045229900001
032008031153093090020044249300001
032008031153093090030043865800001
032008031153093090040024093600001
032008031153093090050023573000000
032008031153093090060023478100000
032008031153093090070000029000000
032008031153093090080000016400000
032008031153093090090000015100000
032008031153093090100000783200000
032008031153093090110000284700000
032008031153093090120000088600000
032008031153093090130000233700000
032008031153093090140000047900000
032008031153093090150002238800000
032008031153093090160001912400000
032008031153093090170001886300000
032008031153093090180000131200000
032008031153093090190000088200000
032008031153093090200000085300000
032008031153093090210000661700000
032008031153093090220000080900000
032008031153093090230000036700000
032008031153093090240000289600000
032008031153093090250000277900000
032008031153093090260000270100000
032008031153093090270000062500000
032008031153093090280000385300000
032008031153093090290000368300000
032008031153093090300000344000000
032008031153093090310000048000000
032008031153093090320000136300000
032008031162692690010000078700000
032008031162692690020000368900000
032008031162692690030000293800000
032008031162692690040000277200000
032008031162692690050000152000000
032008031162692690060000109500000
032008031162692690070000082700000
032008031162692690080000010600000
032008031162692690090000020300000
032008031162692690100008998800001
032008031162692690110008826000001
032008031162692690120008797500001
032008031162692690130000060200000
032008031162692690140007914100001
032008031162692690150007742700000
032008031162692690160007614500000
032008031162692690170000417700000
032008031162692690180000326600000
032008031162692690190000303900000
032008031162692690200000033100000
032008031162692690210000024700000
032008031162692690220000020000000
032008031162692690230000036300000
032008031162692690240000018700000
032008031162692690250000014200000
032008031162692690260000015300000
032008031162692690270000261100000
032008031162692690280000228300000
032008031162692690290000213800000
032008031162692690300000006900000
032008031162692690310000005200000
032008031162692690320000014900000
032008031162692690330000011300000
032008031170390390010000089500000
032008031170390390020000196500000
032008031170390390030000771700000
032008031170390390040000639900000
032008031170390390050036331300001
032008031170390390060035107400000
032008031170390390070034988500000
032008031170390390080000220700000
032008031170390390090000055100000
032008031170390390100000108300000
032008031170390390110000063900000
032008031170390390120000054800000
032008031170390390130000031100000
032008031170390390140000073400000
032008031170390390150000026700000
032008031170390390160000027000000
032008031170390390170000913400000
032008031170390390180000735700000
032008031170390390190000620900000
032008031170390390200000155400000
032008031170390390210000426800000
032008031170390390220000140500000
032008031170390390230000099400000
032008031170390390240000083300000
032008031170390390250000079800000
032008031170390390260000047500000
032008031170390390270000143500000
032008031170390390280000092600000
032008031170390390290000746200000
032008031170390390300000723700000
032008031170390390310000109900000
032008031170390390320000069400000
032008031170390390330000056700000
032008031170390390340000027800000
032008031170390390350000015800000
032008031170390390360000018200000
032008031170390390370000282600000
032008031170390390380000193600000
032008031170390390390000143500000
032008031170390390400000041800000
032008031170390390410000024400000
032008031170390390420000044700000
032008031170390390430046357100001
032008031170390390440045492700001
032008031170390390450044780000001
032008031170390390460002351000000
032008031170390390470000092100000
032008031170390390480000056600000
032008031170390390490000022200000
032008031171291290010000085500000
032008031171291290020000042500000
032008031171291290030000027800000
032008031171291290040000048400000
032008031171291290050000525200000
032008031171291290060000398600000
032008031171291290070000331700000
032008031171291290080000056100000
032008031171291290090000024900000
032008031171291290100000010600000
032008031171291290110000021700000
032008031171291290120000012100000
032008031171291290130000018400000
032008031171291290140014970200001
032008031171291290150014619700001
032008031171291290160014581200001
032008031171291290170000168400000
032008031171291290180000703700000
032008031171291290190000145500000
032008031171291290200000036400000
032008031171291290210000015700000
032008031171291290220000192000000
032008031171291290230000171400000
032008031171291290240000190800000
032008031171291290250000200700000
032008031171291290260000131600000
032008031171291290270000111300000
032008031171291290280000012000000
032008031171291290290000007400000
032008031171291290300000004600000
032008031171291290310000042700000
032008031171291290320013392800001
032008031171291290330013116600000
032008031171291290340012824700000
032008031171291290350000135000000
032008031171291290360000019500000
032008031171291290370000106700000
032008031171291290380000032400000
032008031171291290390000013900000
032008031171291290400000104300000
032008031171291290410000111100000
032008031171291290420000149500000
032008031171291290430000019300000
032008031174694690010000174800000
032008031174694690020000078400000
032008031174694690030000038400000
032008031174694690040000214500000
032008031174694690050000129300000
032008031174694690060000134300000
032008031174694690070000706100000
032008031174694690080000109300000
032008031174694690090000047700000
032008031174694690100000041600000
032008031174694690110000047500000
032008031174694690120000215900000
032008031174694690130000372400000
032008031174694690140000236700000
032008031174694690150000212900000
032008031174694690160000080800000
032008031174694690170000904500000
032008031174694690180000133200000
032008031174694690190000874900000
032008031174694690200000475000000
032008031174694690210000395700000
032008031174694690220002406800000
032008031174694690230001746600000
032008031174694690240001579900000
032008031174694690250000284800000
032008031174694690260000146800000
032008031174694690270000129200000
032008031174694690280004521800000
032008031174694690290001176500000
032008031174694690300000608800000
032008031174694690310000229600000
032008031174694690320000998400000
032008031174694690330001189600000
032008031174694690340000950200000
032008031174694690350000104700000
032008031174694690360000282800000
032008031174694690370000163100000
032008031174694690380000137800000
032008031174694690390060003700001
032008031174694690400056400700000
032008031174694690410055544700000
032008031174694690420000285400000
032008031174694690430000106800000
032008031174694690440000166300000
032008031174694690450000057300000
032008031174694690460000101800000
032008031174694690470074647800001
032008031174694690480072227300001
032008031174694690490072084300001
032008031185195190010001923400001
032008031185195190020001810400001
032008031185195190030001257400000
032008031185195190040001197500000
032008031185195190050000072000000
032008031185195190060000050100000
032008031185195190070000037800000
032008031185195190080000016900000
032008031185195190090000002300000
032008031185195190100000001700000
032008031185195190110000075800000
032008031185195190120000056500000
032008031185195190130000007900000
032008031185195190140000023800000
032008031185195190150000018700000
032008031185195190160000008700000
032008031195295290010000007300000
032008031195295290020001518300001
032008031195295290030001556000001
032008031195295290040001409500000
032008031195295290050001352400000
032008031195295290060000045000000
032008031195295290070000008500000
032008031195295290080000007300000
032008031195295290090000000800000
032008031195295290100000012900000
032008031071691690090005874300001
032008031071691690100005807300000
032008031071691690110005780700000
032008031071691690120000041600000
032008031071691690130000036800000
032008031071691690140000012300000
032008031071691690150000010500000
032008031071691690160000313300000
032008031071691690170000270500000
032008031071691690180000254500000
032008031071691690190000023800000
032008031071691690200000007000000
032008031071691690210000004700000
032008031071691690220000003700000
032008031071691690230000002300000
032008031071691690240000059000000
032008031012192190110008860900001
032008031012192190120008459900000
032008031012192190130008358300000
032008031012192190140000131900000
032008031012192190150000036000000
032008031012192190160000028100000
032008031012192190170000008100000
032008031012192190180000245800000
032008031012192190190000210000000
032008031012192190200000203900000
032008031012192190210014252800001
032008031012192190220013920200001
032008031012192190230013753900001
032008031012192190240000140300000
032008031012192190250000555400000
032008031012192190260000460700000
032008031012192190270000417300000
032008031012192190280000041200000
032008031012392390010022335300001
032008031012392390020021810800001
032008031012392390030021768700001
032008031012392390040000159700000
032008031012392390050000020900000
032008031012392390060000022700000
032008031012392390070000023600000
032008031012392390080000014300000
032008031012392390090000055400000
032008031012392390100001814600000
032008031012392390110001697900000
032008031012392390120001611700000
032008031012392390130000131000000
032008031012392390140000102400000
032008031012392390150000132900000
032008031012392390160014368200001
032008031012392390170014009100000
032008031012392390180013838500000
032008031012392390190000040500000
032008031012392390200000016800000
032008031012392390210000006900000
032008031012392390220000007400000
032008031012392390230000024400000
032008031012392390240000578400000
032008031012392390250000487200000
032008031012392390260000486400000
032008031012392390270000032200000
032008031012392390280000112400000
032008031012392390290000224000000
032008031012392390300000053900000
032008031012392390310000019100000
032008031012392390320000041000000
032008031012392390330000149400000
032008031012992990010000083900000
032008031012992990020000042500000
032008031012992990030003883700000
032008031012992990040003370300000
032008031012992990050003229800000
032008031012992990060000222300000
032008031012992990070000379200000
032008031012992990080000087800000
032008031012992990090000120300000
032008031012992990100000219900000
032008031012992990110000122300000
032008031012992990120000097500000
032008031012992990130000070200000
032008031012992990140000281700000
032008031012992990150001424400000
032008031012992990160001193900000
032008031012992990170001125300000
032008031012992990180034526100001
032008031012992990190033507000001
032008031012992990200032839600001
032008031012992990210031239200001
032008031012992990220030359300000
032008031012992990230029762800000
032008031012992990240001024300000
032008031012992990250000691500000
032008031012992990260000715800000
032008031012992990270000057600000
032008031012992990280000026400000
032008031012992990290000017300000
032008031012992990300000011200000
032008031012992990310000081700000
032008031012992990320000752600000
032008031014194190010000830200000
032008031014194190020000550100000
032008031014194190030000452000000
032008031014194190040001556800000
032008031014194190050001220100000
032008031014194190060001131700000
032008031014194190070000091200000
032008031014194190080000049900000
032008031014194190090000112200000
032008031014194190100000598600000
032008031014194190110059014500001
032008031014194190120057424000001
032008031014194190130056959800001
032008031014194190140001020400000
032008031014194190150000058300000
032008031014194190160000024800000
032008031014194190170000017000000
032008031014194190180000021900000
032008031014194190190005734900000
032008031014194190200005017800000
032008031014194190210004787400000
032008031014194190220000313700000
032008031014194190230032646200001
032008031014194190240031613300000
032008031014194190250031308100000
032008031014194190260000216400000
032008031014194190270000105400000
032008031014194190280000093800000
032008031014194190290000056100000
032008031014194190300000027700000
032008031014194190310000031100000
032008031014194190320000047200000
032008031014194190330000054100000
032008031014194190340000036900000
032008031014194190350000028800000
032008031014194190360000079500000
032008031014194190370000091900000
032008031014194190380000072800000
032008031014194190390000039800000
032008031014194190400000042800000
032008031014194190410002289100000
032008031014194190420001927700000
032008031014194190430001840700000
032008031022292290010000868600000
032008031022292290020000764800000
032008031022292290030000761500000
032008031022292290040004666400001
032008031022292290050004549100000
032008031022292290060004491500000
032008031022292290070000029100000
032008031022292290080000193100000
032008031022292290090000139300000
032008031022292290100000131400000
032008031022292290110000027500000
032008031022292290120000014200000
032008031022292290130000008000000
032008031022292290140000024400000
032008031022292290150000543800000
032008031022292290160000445000000
032008031022292290170000410800000
032008031022292290180000130100000
032008031022292290190000088100000
032008031022292290200000064000000
032008031022292290210000011300000
032008031022292290220000007100000
032008031022292290230000005900000
032008031022292290240000005000000
032008031022292290250000002700000
032008031022292290260000019100000
032008031022292290270000003900000
032008031022292290280000047800000
032008031022292290290000028300000
032008031022292290300005928400001
032008031022292290310005799600001
032008031022292290320005723100001
032008031022292290330000403100000
032008031022292290340000319800000
032008031022292290350000287900000
032008031022292290360000008200000
032008031022292290370000012600000
032008031022292290380000030500000
032008031024494490010000002900000
032008031024494490020000007000000
032008031024494490030000011400000
032008031024494490040000010100000
032008031024494490050000248200000
032008031024494490060000204200000
032008031024494490070000184800000
032008031024494490080000003900000
032008031024494490090000023300000
032008031024494490100000009400000
032008031024494490110000030300000
032008031024494490120000019000000
032008031024494490130000015500000
032008031024494490140000005500000
032008031024494490150000002400000
032008031024494490160000003800000
032008031024494490170000002800000
032008031024494490180000002300000
032008031024494490190000004400000
032008031024494490200000767800000
032008031024494490210000723000000
032008031024494490220000700500000
032008031024494490230000097100000
032008031024494490240000073000000
032008031024494490250000066300000
032008031024494490260000015100000
032008031024494490270003659700001
032008031024494490280003562500001
032008031024494490290003497900001
032008031024494490300000316200000
032008031024494490310000237100000
032008031024494490320000225300000
032008031024494490330000016500000
032008031024494490340000010400000
032008031024494490350000006400000
032008031024494490360003219900001
032008031024494490370003173100000
032008031024494490380003152000000
032008031024494490390000035900000
032008031024494490400000015800000
032008031025095090010000047200000
032008031025095090020000044100000
032008031025095090030000034800000
032008031025095090040003217600000
032008031025095090050002696300000
032008031025095090060002636100000
032008031025095090070024222600001
032008031025095090080023728700001
032008031025095090090023240800001
032008031025095090100000053800000
032008031025095090110000026300000
032008031025095090120003140700000
032008031025095090130002828200000
032008031025095090140002718700000
032008031025095090150000684800000
032008031025095090160000590800000
032008031025095090170000554400000
032008031025095090180000080100000
032008031025095090190000049100000
032008031025095090200000013600000
032008031025095090210001632100000
032008031025095090220001428700000
032008031025095090230001328500000
032008031025095090240000351600000
032008031025095090250000206900000
032008031025095090260000185100000
032008031025095090270000029100000
032008031025095090280000012600000
032008031025095090290000008600000
032008031025095090300000009300000
032008031025095090310019009700001
032008031025095090320018448100000
032008031025095090330018352800000
032008031025095090340000080200000
032008031025095090350000025600000
032008031025095090360000051300000
032008031025095090370000115900000
032008031025095090380000082600000
032008031025095090390000074200000
032008031025095090400000209500000
032008031025095090410000037800000
032008031025095090420000026100000
032008031025095090430000024200000
032008031025095090440000074100000
032008031025095090450000048200000
032008031025095090460000021700000
032008031033393390010000020400000
032008031033393390020000019400000
032008031033393390030000026700000
032008031033393390040000014800000
032008031033393390050000065400000
032008031033393390060000050500000
032008031033393390070000047000000
032008031033393390080000025900000
032008031033393390090000029000000
032008031033393390100000037600000
032008031033393390110000047300000
032008031033393390120000021800000
032008031033393390130000982300000
032008031033393390140000896000000
032008031033393390150000826600000
032008031033393390160000082100000
032008031033393390170000065800000
032008031033393390180000096200000
032008031033393390190004958400000
032008031033393390200004801600000
032008031033393390210004590200000
032008031033393390220031779200001
032008031033393390230031192900001
032008031033393390240031116400001
032008031033393390250000410800000
032008031033393390260000208500000
032008031033393390270000151400000
032008031033393390280000136500000
032008031033393390290000133700000
032008031033393390300000100700000
032008031033393390310000093200000
032008031033393390320000018300000
032008031033393390330000112500000
032008031033393390340027803500001
032008031033393390350027507900000
032008031033393390360027338100000
032008031033393390370000231300000
032008031033393390380000020100000
032008031033393390390000120400000
032008031033393390400000092600000
032008031033393390410000083200000
032008031033393390420000037700000
032008031033393390430000075800000
032008031033393390440000044700000
032008031033393390450000023700000
032008031033393390460000048500000
032008031033393390470000066700000
032008031033393390480000041400000
032008031033393390490000278000000
032008031040710710010000077700000
032008031040710710020000063500000
032008031040710710030000007600000
032008031040710710040000087400000
032008031040710710050000072400000
032008031040710710060000020800000
032008031040710710070000014900000
032008031040710710080000038600000
032008031040710710090000029700000
032008031040710710100000074300000
032008031040710710110000058000000
032008031040710710120000257300000
032008031040710710130000237900000
032008031040710710140015495600001
032008031040710710150014980100000
032008031040710710160000057800000
032008031040710710170016043100001
032008031040710710180015518300001
032008031040710710190001226200000
032008031040710710200001003700000
032008031040710710210000300900000
032008031040710710220000018300000
032008031040710710230000052600000
032008031040710710240000036900000
032008031040710710250000183500000
032008031040710710260000008400000
032008031040710710270000055400000
032008031040710710280002351500000
032008031040710710290002245700000
032008031040720720010000007700000
032008031040720720020001612300000
032008031040720720030000028700000
032008031040720720040000002700000
032008031040720720050000057700000
032008031040720720060000022000000
032008031040720720070000000600000
032008031040720720080002102300001
032008031040720720090000023200000
032008031040720720100000046900000
032008031040720720110000019400000
032008031040720720120000000300000
032008031040720720130000004400000
032008031040720720140000001300000
032008031040730730010000027500000
032008031040730730020000011300000
032008031040730730030000000700000
032008031040730730040000096100000
032008031040730730050000003300000
032008031040730730060002651300001
032008031040730730070002211900000
032008031040730730080000026400000
032008031040730730090000025000000
032008031040730730100000004600000
032008031040730730110000007500000
032008031040730730120000009500000
032008031040730730130000045100000
032008031053513510010000043100000
032008031053513510020000408100000
032008031053513510030000330600000
032008031053513510040000040500000
032008031053513510050000019000000
032008031053513510060000018900000
032008031053513510070016473400001
032008031053513510080015884400000
032008031053513510090000181100000
032008031053513510100000010500000
032008031053513510110000009500000
032008031053513510120000007300000
032008031053513510130000002100000
032008031053513510140000012400000
032008031053513510150000021500000
032008031053513510160000051900000
032008031053513510170000038900000
032008031053513510180000030000000
032008031053513510190000323300000
032008031053513510200017672200001
032008031053513510210016699900001
032008031053513510220000081200000
032008031053513510230000047200000
032008031053513510240000018800000
032008031053513510250003300500000
032008031053513510260003156000000
032008031053513510270000227800000
032008031053513510280000187600000
032008031053513510290000029700000
032008031053513510300000018400000
032008031053513510310000186100000
032008031053513510320000022900000
032008031053513510330000092200000
032008031053513510340001519400000
032008031053513510350001392800000
032008031053523520010001711800001
032008031053523520020000019500000
032008031053523520030000044900000
032008031053523520040000004200000
032008031053523520050000005200000
032008031053523520060000001300000
032008031053523520070000015400000
032008031053523520080000011300000
032008031053523520090000002900000
032008031053523520100000002100000
032008031053523520110000061300000
032008031053523520120001335700000
032008031053523520130000031500000
032008031053523520140000068300000
032008031053523520150000015700000
032008031053523520160001090400000
032008031053523520170000012600000
032008031053523520180000001600000
032008031053523520190000001800000
032008031053523520200000000600000
032008031053523520210000001800000
032008031053523520220000077300000
032008031053533530010000002800000
032008031053533530020000002200000
032008031053533530030000001300000
032008031053533530040001141000000
032008031053533530050000002700000
032008031053533530060000029500000
032008031053533530070000037000000
032008031053533530080000003800000
032008031053533530090000009100000
032008031053533530100000002900000
032008031053533530110000670100000
032008031053533530120000009800000
032008031053533530130001328800001
032008031053533530140000012600000
032008031053533530150000005600000
032008031053533530160000002800000
032008031053533530170000010000000
032008031053533530180000001200000
032008031053843840010000069300000
032008031053843840020012284100000
032008031053843840030011004400000
032008031053843840040000260400000
032008031053843840050000177000000
032008031053843840060000021100000
032008031053843840070000023700000
032008031053843840080000295900000
032008031053843840090000250500000
032008031053843840100014397700001
032008031053843840110013954600001
032008031053843840120000369200000
032008031053843840130000273700000
032008031053843840140000060500000
032008031053843840150000015200000
032008031053843840160000018500000
032008031053843840170000014500000
032008031053843840180000045400000
032008031053843840190000030200000
032008031053843840200000175800000
032008031053843840210000143100000
032008031053843840220000014400000
032008031053843840230000020000000
032008031053873870040000004200000
032008031053873870050000000200000
032008031053873870060000000700000
032008031053873870070000000200000
032008031053873870080000241200001
032008031053873870090000001600000
032008031053873870100000000100000
032008031053873870110000000800000
032008031053873870120000000100000
032008031053873870130000000500000
032008031053873870140000000500000
032008031053873870150000000400000
032008031053873870160000120100000
032008031063993990010000031500000
032008031063993990020000023600000
032008031063993990030000020900000
032008031063993990040000226500000
032008031063993990050000027000000
032008031063993990060000015500000
032008031063993990070000011900000
032008031063993990080000118900000
032008031063993990090000022700000
032008031063993990100017681600001
032008031063993990110017503500001
032008031063993990120017273700001
032008031063993990130015383500001
032008031063993990140015286200000
032008031063993990150015127000000
032008031063993990160000107100000
032008031063993990170000060700000
032008031063993990180000055100000
032008031063993990190000042800000
032008031063993990200000057000000
032008031063993990210000042100000
032008031063993990220000038400000
032008031063993990230000027300000
032008031063993990240000008500000
032008031063993990250000010500000
032008031063993990260000066200000
032008031063993990270000807600000
032008031063993990280000703400000
032008031063993990290000641100000
032008031063993990300000049700000
032008031053843840240000014100000
032008031053843840250012300900001
032008031053843840260011532500000
032008031053843840270000223900000
032008031053843840280000006800000
032008031053843840290000005500000
032008031053843840300000624000000
032008031053843840310000521500000
032008031053843840320000049400000
032008031053843840330000011600000
032008031053843840340000015200000
032008031053843840350000010300000
032008031053853850010000010000000
032008031053853850020000001500000
032008031053853850030000003000000
032008031053853850040000001600000
032008031053853850050000002200000
032008031053853850060000038600000
032008031053853850070000008500000
032008031053853850080001445600000
032008031053853850090000003100000
032008031053853850100000018300000
032008031053853850110001687700001
032008031053853850120000023100000
032008031053853850130000018400000
032008031053853850140000002800000
032008031053853850150000002000000
032008031053853850160000000400000
032008031053853850170001379600000
032008031053863860010000000600000
032008031053863860020000003100000
032008031053863860030000000300000
032008031053863860040000000700000
032008031053863860050000000400000
032008031053863860060000000100000
032008031053863860070000008800000
032008031053863860080000019600000
032008031053863860090000001500000
032008031053863860100000715700001
032008031053863860110000006700000
032008031053863860120000165000000
032008031053863860130000002700000
032008031053863860140000000100000
032008031053863860150000002900000
032008031053863860160000379600000
032008031053873870010000000600000
032008031053873870020000003200000
032008031053873870030000220400000
032008031063993990310000009600000
032008031063993990320000033300000
032008031063993990330000023000000
032008031063993990340000022500000
032008031063993990350000147700000
032008031063993990360000010800000
032008031063993990370000014900000
032008031063993990380000541800000
032008031063993990390000464400000
032008031063993990400000442300000
032008031063993990410000031700000
032008031063993990420000024100000
032008031063993990430000020200000
032008031063993990440000011800000
032008031070290290010000017800000
032008031070290290020000181200000
032008031070290290030000029300000
032008031070290290040000018200000
032008031070290290050000012100000
032008031070290290060000015500000
032008031070290290070000006300000
032008031070290290080000004100000
032008031070290290090000059300000
032008031070290290100000024600000
032008031070290290110000005400000
032008031070290290120010827600001
032008031070290290130010585000001
032008031070290290140010645200001
032008031070290290150010644900001
032008031070290290160010387500000
032008031070290290170010362800000
032008031070290290180000809500000
032008031070290290190000707000000
032008031070290290200000657700000
032008031070290290210000096000000
032008031070290290220000018700000
032008031070290290230000011000000
032008031070290290240000022900000
032008031070290290250000376100000
032008031070290290260000306700000
032008031070290290270000292600000
032008031070290290280000013300000
032008031070290290290000008900000
032008031070290290300000008300000
032008031071391390010000309000000
032008031071391390020000026800000
032008031071391390030000067500000
032008031071391390040000027500000
032008031071391390050014136800001
032008031071391390060014001000001
032008031071391390070013863100000
032008031071391390080000010700000
032008031071391390090000017600000
032008031071391390100000004900000
032008031071391390110000020500000
032008031071391390120000012500000
032008031071391390130000010100000
032008031071391390140000024600000
032008031071391390150000048000000
032008031071391390160000034300000
032008031071391390170000037200000
032008031071391390180000026600000
032008031071391390190000030400000
032008031071391390200000156100000
032008031071391390210000023900000
032008031071391390220000755900000
032008031071391390230000677200000
032008031071391390240000648700000
032008031071391390250000015900000
032008031071391390260000008600000
032008031071391390270000014600000
032008031071391390280014194100001
032008031071391390290013970800001
032008031071391390300013837800000
032008031071391390310000111600000
032008031071691690010000030900000
032008031071691690020000021900000
032008031071691690030000016600000
032008031071691690040000011100000
032008031071691690050000013600000
032008031071691690060006343900001
032008031071691690070006289900001
032008031071691690080006251500001
032008031010490490010000006100000
032008031010490490020000004600000
032008031010490490030015079300001
032008031010490490040014795400001
032008031010490490050014603500001
032008031010490490060000684800000
032008031010490490070000565200000
032008031010490490080000554700000
032008031010490490090000044600000
032008031010490490100000015100000
032008031010490490110012918300001
032008031010490490120012570300000
032008031010490490130012572100000
032008031010490490140000190900000
032008031010490490150000029400000
032008031010490490160000020300000
032008031010490490170000012200000
032008031010490490180000006900000
032008031010490490190000109900000
032008031010490490200000945200000
032008031010490490210000787600000
032008031010490490220000701300000
032008031010490490230000042600000
032008031010490490240000207900000
032008031010490490250000005400000
032008031010490490260000003400000
032008031010490490270000003600000
032008031010490490280000023900000
032008031010490490290000054500000
032008031010490490300000998900000
032008031010490490310000897200000
032008031010490490320000869000000
032008031010490490330000292700000
032008031010490490340000218800000
032008031010490490350000191700000
032008031010490490360000020100000
032008031010490490370000014000000
032008031010490490380000016100000
032008031010490490390000027200000
032008031011191190010000565900000
032008031011191190020000432600000
032008031011191190030000326500000
032008031011191190040000039900000
032008031011191190050000023900000
032008031011191190060000021000000
032008031011191190070000014000000
032008031011191190080000009300000
032008031011191190090000161400000
032008031011191190100000589500000
032008031011191190110000528500000
032008031011191190120000467800000
032008031011191190130000064900000
032008031011191190140000051200000
032008031011191190150023327400001
032008031011191190160022370300000
032008031011191190170022272800000
032008031011191190180000041100000
032008031011191190190000024500000
032008031011191190200000009600000
032008031011191190210000362600000
032008031011191190220000056200000
032008031011191190230000099800000
032008031011191190240000053100000
032008031011191190250000051800000
032008031011191190260001864400000
032008031011191190270001592800000
032008031011191190280001583400000
032008031011191190290000077300000
032008031011191190300000068200000
032008031011191190310031481700001
032008031011191190320030357000001
032008031011191190330029797900001
032008031011191190340002987000000
032008031011191190350002647300000
032008031011191190360002439600000
032008031011191190370000162400000
032008031011491490010000058500000
032008031011491490020000019200000
032008031011491490030000018400000
032008031011491490040000016500000
032008031011491490050000012200000
032008031011491490060017167800001
032008031011491490070016899800000
032008031011491490080016675900000
032008031011491490090024264100001
032008031011491490100023501100001
032008031011491490110023231700001
032008031011491490120000046100000
032008031011491490130000109600000
032008031011491490140000028900000
032008031011491490150000174300000
032008031011491490160000062300000
032008031011491490170000020600000
032008031011491490180000018100000
032008031011491490190003314900000
032008031011491490200002968900000
032008031011491490210002903300000
032008031011491490220000013700000
