031989101074594590220012897500001
031989101074594590230012764600001
031989101074594590240012597300001
031989101033393390280023833400001
031989101033393390290023364700001
031989101033393390300023157800001
031989101083493490120004031400001
031989101083493490130003799900000
031989101083493490140003807900000
031989101025095090180016633400001
031989101025095090190016000100001
031989101025095090200015697300001
031989101122892890370094911000001
031989101122892890380086016600000
031989101122892890390083572500000
031989101040720720060001035500000
031989101133193190170008171800001
031989101133193190180008080600000
031989101133193190190007930000000
031989101071691690210005573400001
031989101071691690220005468600001
031989101071691690230005405100001
031989101162692690150005645300001
031989101162692690160005520200000
031989101162692690170005500000000
031989101185195190030000787500001
031989101185195190040000748100001
031989101071991990010003068000001
031989101071991990020002997400000
031989101071991990030002962400000
031989101040710710130008900400001
031989101040710710140007838100000
031989101084294290230001704400001
031989101084294290240001619500000
031989101084294290250001587100000
031989101083793790180007469600001
031989101083793790190007295700000
031989101083793790200007145800000
031989101174694690250045970600001
031989101174694690260044305700001
031989101174694690270043611000001
031989101040730730070001177400000
031989101053533530060000295700000
031989101084794790140009869600001
031989101084794790150009505800000
031989101084794790160009406900000
031989101053513510130009711700001
031989101053513510140008592100001
031989101100690690230019563400001
031989101100690690240019280600001
031989101100690690250019184600001
031989101153093090100015614900001
031989101153093090110015293000000
031989101153093090120015111000000
031989101174694690050028283400001
031989101174694690060026494800000
031989101174694690070025682700000
031989101012992990060009149200001
031989101012992990070008882300000
031989101012992990080008692900000
031989101011891890160009687400001
031989101011891890170009044700000
031989101011891890180008777500000
031989101040720720100001162500001
031989101024494490240002636500001
031989101024494490250002529400000
031989101024494490260002477300000
031989101053523520070000061100000
031989101084094090150003483200001
031989101084094090160003408400001
031989101084094090170003425700001
031989101083793790290008502700001
031989101083793790300007799900001
031989101083793790310007638000001
031989101084994990090005124700001
031989101084994990100005122900001
031989101084994990110004996400001
031989101053863860070000030600000
031989101084294290050002469300001
031989101084294290060002462600001
031989101084294290070002375400001
031989101122892890400094607900001
031989101122892890410088724900001
031989101122892890420087790400001
031989101011491490170007105200000
031989101011491490180007220100000
031989101011491490190006526200000
031989101171291290010007976200000
031989101171291290020007978200001
031989101171291290030007425300000
031989101083493490200000630300000
031989101083493490210000560300000
031989101083493490220000532100000
031989101083793790050001200300000
031989101083793790060001069700000
031989101083793790070001014700000
031989101162692690010000986600000
031989101162692690020000916500000
031989101162692690030000902000000
031989101101091090050001161200000
031989101101091090060001022600000
031989101101091090070000965500000
031989101084094090050000040800000
031989101084094090060000026100000
031989101084094090070000022800000
031989101010490490080000109300000
031989101010490490090000087300000
031989101010490490100000075700000
031989101074594590250000073700000
031989101074594590260000056000000
031989101074594590270000051400000
031989101063993990350000141200000
031989101063993990360000118100000
031989101063993990370000112500000
031989101012192190010000120000000
031989101012192190020000095600000
031989101012192190030000090300000
031989101012992990320000175000000
031989101012992990330000134700000
031989101012992990340000124300000
031989101053513510200000122400000
031989101053513510210000068300000
031989101080590590150000023200000
031989101080590590160000017500000
031989101080590590170000014100000
031989101122892890070002530700000
031989101122892890080001815500000
031989101122892890090001689500000
031989101082492490040000076700000
031989101082492490050000055600000
031989101082492490060000053300000
031989101033393390120000195700000
031989101033393390130000140800000
031989101033393390140000135000000
031989101053523520060000002400000
031989101170390390120000375800000
031989101014194190340000637400000
031989101014194190350000552400000
031989101014194190360000527600000
031989101113693690260000239800000
031989101113693690270000206300000
031989101113693690280000206700000
031989101083793790260000061500000
031989101083793790270000041600000
031989101083793790280000043100000
031989101011191190110000202000000
031989101011191190120000147900000
031989101011191190130000143000000
031989101113293290120000026200000
031989101113293290130000019400000
031989101113293290140000018200000
031989101071391390110000060000000
031989101071391390120000046700000
031989101071391390130000061900000
031989101084794790110000317900000
031989101084794790120000259100000
031989101084794790130000253400000
031989101024494490290000035900000
031989101024494490300000028900000
031989101024494490310000027700000
031989101090890890380000961800000
031989101090890890390000778400000
031989101090890890400000743600000
031989101080990990070000113200000
031989101080990990080000072100000
031989101080990990090000077400000
031989101100690690090000117200000
031989101100690690100000088600000
031989101100690690110000086300000
031989101111591590320000281600000
031989101111591590330000227100000
031989101111591590340000274300000
031989101040730730100000010200000
031989101094394390400000101400000
031989101094394390410000083900000
031989101094394390420000077400000
031989101053533530080000003100000
031989101084294290110000021400000
031989101084294290120000014700000
031989101084294290130000012100000
031989101174694690340000939200000
031989101174694690350000709100000
031989101174694690360000669200000
031989101040710710170000112500000
031989101040710710180000053800000
031989101011891890280000370400000
031989101011891890290000343800000
031989101011891890300000329800000
031989101084994990010000051100000
031989101084994990020000031600000
031989101084994990030000030300000
031989101053843840170000052500000
031989101133193190080000073800000
031989101133193190090000058000000
031989101133193190100000052000000
031989101011491490020000145900000
031989101011491490030000114300000
031989101011491490040000108500000
031989101053853850030000003200000
031989101022292290020000044800000
031989101022292290030000033400000
031989101022292290040000032800000
031989101083493490090000062200000
031989101083493490100000042100000
031989101083493490110000038000000
031989101091791790300000078500000
031989101091791790310000061500000
031989101091791790320000060600000
031989101101091090120000076600000
031989101101091090130000059900000
031989101101091090140000057500000
031989101071991990290000017000000
031989101071991990300000012300000
031989101071991990310000009800000
031989101153093090200000146700000
031989101153093090210000105800000
031989101153093090220000153800000
031989101162692690210000098800000
031989101162692690220000071900000
031989101162692690230000080100000
031989101012392390110000092000000
031989101012392390120000061200000
031989101012392390130000054100000
031989101071691690060000072200000
031989101071691690070000060100000
031989101071691690080000063900000
031989101092592590150000054900000
031989101092592590160000045100000
031989101092592590170000041000000
031989101025095090240000227600000
031989101025095090250000206000000
031989101025095090260000198700000
031989101040720720080000008800000
031989101171291290220000191000000
031989101171291290230000164000000
031989101171291290240000154900000
031989101112792790220000278700000
031989101112792790230000120500000
031989101112792790240000113600000
031989101070290290050000098100000
031989101070290290060000084500000
031989101070290290070000076000000
031989101142092090030000023100000
031989101142092090040000016200000
031989101084794790020000106700000
031989101084794790030000070200000
031989101084794790040000062300000
031989101083493490020000033700000
031989101070290290080000060400000
031989101053523520040000003200000
031989101162692690240000036200000
031989101162692690250000024200000
031989101082492490070000057400000
031989101082492490080000038200000
031989101084994990230000027900000
031989101084994990240000013200000
031989101100690690220000092300000
031989101084294290020000025600000
031989101084294290030000017200000
031989101084294290040000017000000
031989101090890890410000253800000
031989101090890890420000155200000
031989101090890890430000159100000
031989101090890890440000052200000
031989101122892890570000580200000
031989101122892890580000385000000
031989101122892890590000372600000
031989101084094090180000021800000
031989101063993990250000138700000
031989101063993990260000087900000
031989101063993990270000095600000
031989101140190190130000016600000
031989101140190190140000016200000
031989101171291290080000065400000
031989101012192190250000032500000
031989101012192190260000020500000
031989101012192190270000021700000
031989101053513510160000028800000
031989101053513510170000025400000
031989101071991990250000021300000
031989101071991990260000017200000
031989101071991990270000015700000
031989101053533530070000001300000
031989101033393390240000111800000
031989101033393390250000092900000
031989101033393390260000073000000
031989101080990990050000069300000
031989101080990990060000045600000
031989101083793790160000037000000
031989101083793790170000034200000
031989101111591590150000123300000
031989101111591590160000084400000
031989101111591590170000105600000
031989101011191190280000407600000
031989101011191190290000306400000
031989101011191190300000283500000
031989101012392390170000065500000
031989101012392390180000039600000
031989101170390390340000173800000
031989101170390390350000121800000
031989101170390390360000117800000
031989101071691690040000043500000
031989101071691690050000034300000
031989101094394390210000070300000
031989101113693690230000134600000
031989101113693690240000110900000
031989101113693690250000102700000
031989101014194190310000128300000
031989101014194190320000077100000
031989101014194190330000066900000
031989101112792790010000025200000
031989101112792790020000016000000
031989101112792790030000017900000
031989101144894890130000059600000
031989101144894890140000043200000
031989101144894890150000043700000
031989101080590590040000041000000
031989101113293290360000019200000
031989101113293290370000012600000
031989101113293290380000011300000
031989101053843840030000026500000
031989101053843840040000030500000
031989101012992990010000099300000
031989101101091090180000085800000
031989101091791790160000044700000
031989101133193190040000034200000
031989101011491490230000077200000
031989101011891890200000060400000
031989101011891890210000034900000
031989101011891890220000025300000
031989101011891890230000006000000
031989101084094090230000096100000
031989101122892890600002572800000
031989101122892890610001691300000
031989101010490490270000470100000
031989101010490490280000359500000
031989101010490490290000359900000
031989101033393390390000407000000
031989101033393390400000301300000
031989101080990990170000291400000
031989101170390390130000980600000
031989101170390390140000677700000
031989101074594590070000245100000
031989101074594590080000193200000
031989101074594590090000187100000
031989101094394390160000342900000
031989101094394390170000280000000
031989101071391390190000223300000
031989101071391390200000177200000
031989101071391390210000178000000
031989101040710710210000798500000
031989101040710710220000616200000
031989101014194190110001066100000
031989101012192190210000405600000
031989101025095090210000599900000
031989101025095090220000446300000
031989101025095090230000421000000
031989101024494490100000066400000
031989101024494490110000048400000
031989101071691690130000111400000
031989101080590590120000095300000
031989101080590590130000079000000
031989101080590590140000066900000
031989101144894890200000485500000
031989101012992990280001021500000
031989101012992990290000755400000
031989101012992990300000683500000
031989101084294290150000069200000
031989101100690690180000281300000
031989101185195190010000055400000
031989101185195190020000048600000
031989101071991990100000078200000
031989101053513510010000607200000
031989101053513510020000425000000
031989101090890890350003474100000
031989101090890890360002677100000
031989101090890890370002556200000
031989101070290290130000175000000
031989101053843840240000346200000
031989101053843840250000000000000
031989101171291290150000445400000
031989101133193190330000260900000
031989101140190190110000209200000
031989101012392390070000383700000
031989101101091090250000156900000
031989101011191190170001703900000
031989101082492490240000318800000
031989101082492490250000231600000
031989101082492490260000222500000
031989101040720720070000037400000
031989101153093090080000717900000
031989101153093090090000594300000
031989101063993990120000291700000
031989101011891890010000734900000
031989101022292290150000126500000
031989101022292290160000094100000
031989101022292290170000094400000
031989101174694690220001394300000
031989101174694690230000942200000
031989101174694690240000895900000
031989101040730730060000033400000
031989101084994990040000154700000
031989101011491490080000554400000
031989101133193190260000035000000
031989101084094090200002773100001
031989101084094090210002592200000
031989101084094090220002527300000
031989101071391390140013647000001
031989101071391390150013479200001
031989101071391390160013501600001
031989101195295290010000637800000
031989101195295290020000608900000
031989101063993990280011323200001
031989101063993990290011116600001
031989101063993990300011082000001
031989101171291290090010117300001
031989101171291290100009827400001
031989101171291290110009750600001
031989101082492490140010813200001
031989101082492490150010528200001
031989101082492490160010543400001
031989101053523520030000698700000
031989101080590590190002875200000
031989101080590590200002794200000
031989101080590590210002750400000
031989101053863860040000477100001
031989101070290290170009442700001
031989101070290290180009272300001
031989101070290290190009180300001
031989101022292290180004423700001
031989101022292290190004288500001
031989101022292290200004208500001
031989101053853850050001227900001
031989101153093090230023996600001
031989101153093090240023368600001
031989101153093090250023089300001
031989101101091090260012024600001
031989101101091090270011780500001
031989101101091090280011611300001
031989101080990990200006338700001
031989101080990990210006024500000
031989101080990990220005916200000
031989101053843840200010430700001
031989101053843840210009964600001
031989101024494490010003182400001
031989101024494490020003142600001
031989101024494490030003110000001
031989101170390390150027674500001
031989101170390390160026621000001
031989101170390390170026214600001
031989101084994990140004532900000
031989101084994990150004578000001
031989101084994990160004420000000
031989101053873870070000113300000
031989101090890890200018452900000
031989101090890890210017052900000
031989101090890890220016427800000
031989101094394390330001339400000
031989101094394390340001220900000
031989101094394390350001159300000
031989101092592590350000013000000
031989101091791790200000034800000
031989101090890890120000304500000
031989101094394390250000037700000
031989101090890890090001520000000
031989101090890890100001028500000
031989101090890890110000952100000
031989101094394390050000207200000
031989101094394390060000162000000
031989101094394390070000136800000
031989101094394390120000974800000
031989101094394390130000857700000
031989101094394390140000815900000
031989101092592590010000792100000
031989101092592590020000675700000
031989101092592590030000650400000
031989101091791790220000891600000
031989101091791790230000755300000
031989101091791790240000688400000
031989101090890890320006618600000
031989101090890890330005292000000
031989101090890890340004940700000
031989101100690690020000566100000
031989101100690690030000456400000
031989101100690690040000419500000
031989101101091090150001311200000
031989101101091090160000895600000
031989101101091090170000838400000
031989101113293290010000281800000
031989101113293290020000242500000
031989101113293290030000200400000
031989101113693690040001574200000
031989101113693690050001255200000
031989101113693690060001129500000
031989101111591590090001799200000
031989101111591590100001444800000
031989101111591590110001342600000
031989101112792790250000299200000
031989101112792790260000362600000
031989101112792790270000211200000
031989101113693690070001293600000
031989101113693690080001076200000
031989101113693690090001035900000
031989101113293290070001473900000
031989101113293290080001358700000
031989101113293290090001353400000
031989101111591590250000625100000
031989101111591590260000438300000
031989101111591590270000421900000
031989101112792790370001626300000
031989101112792790380001343300000
031989101112792790390001352300000
031989101113293290180000503700000
031989101113293290190000386500000
031989101113293290200000354200000
031989101111591590060001023300000
031989101111591590070000631700000
031989101111591590080000602200000
031989101113693690010000546100000
031989101113693690020000457200000
031989101113693690030000423100000
031989101112792790070000407400000
031989101112792790080000245700000
031989101112792790090000224300000
031989101113293290330000546000000
031989101113293290340000484500000
031989101113293290350000495600000
031989101111591590220002329600000
031989101111591590230001982100000
031989101111591590240001948100000
031989101112792790280000623200000
031989101112792790290000543400000
031989101112792790300000511900000
031989101113693690180001854900000
031989101113693690190001599900000
031989101113693690200001535200000
031989101112792790040005698200001
031989101112792790050005507300000
031989101112792790060005566000000
031989101113293290040006062900001
031989101113293290050005854600000
031989101113293290060005769700000
031989101111591590350017550500001
031989101111591590360016712900000
031989101111591590370016251900000
031989101083493490060004744900001
031989101083493490070004709000001
031989101083493490080004600300001
031989101112792790190008784100001
031989101112792790200008608600001
031989101112792790210008445800001
031989101070290290100005783600001
031989101070290290110005678200000
031989101070290290120005450900000
031989101071991990320003665200001
031989101071991990330003577900001
031989101071991990340003593300001
031989101010490490110004585500001
031989101010490490120004565400000
031989101010490490130004566000000
031989101170390390310018719400001
031989101170390390320017271300000
031989101170390390330017053500000
031989101033393390180015294500001
031989101033393390190014738800000
031989101033393390200014668400000
031989101040710710010010883200001
031989101040710710020010118800001
031989101074594590010009561300001
031989101074594590020009425100000
031989101074594590030009438400000
031989101094394390260003193700000
031989101094394390270003212500000
031989101094394390280003001700000
031989101082492490270010012400000
031989101082492490280010071200001
031989101082492490290009699700000
031989101053513510220006839200001
031989101053513510230005979800000
031989101142092090330002351400000
031989101142092090340002292500000
031989101142092090350002259500000
031989101111591590010018540900001
031989101111591590020017607700001
031989101111591590030017429700001
031989101185195190070000734100000
031989101185195190080000703700000
031989101053853850010000950100000
031989101012392390210007807700000
031989101012392390220008393500001
031989101012392390230007421800000
031989101063993990010010738400000
031989101063993990020010756800001
031989101063993990030010571100000
031989101100690690150008258500001
031989101100690690160007969900000
031989101100690690170007842300000
031989101140190190080001843800000
031989101140190190090001786800000
031989101140190190100001755100000
031989101011191190250006929700001
031989101011191190260006669500000
031989101011191190270006553300000
031989101090890890260022841100000
031989101090890890270021634700000
031989101090890890280021268600000
031989101071691690170004734400000
031989101071691690180004799800001
031989101071691690190004604900000
031989101080590590010003420600001
031989101080590590020003326400001
031989101080590590030003344800001
031989101053873870020000098300000
031989101080990990140008455200001
031989101080990990150008142800001
031989101080990990160008100900001
031989101113693690290016260200001
031989101113693690300015989100001
031989101113693690310015683400001
031989101053533530090000050800000
031989101084794790080010539500001
031989101084794790090009818800001
031989101084794790100009822000001
031989101022292290090002708000001
031989101022292290100002633200000
031989101022292290110002515900000
031989101014194190370014819600001
031989101014194190380014189700000
031989101014194190390013898400000
031989101091791790070001852700000
031989101091791790080001757400000
031989101091791790090001716500000
031989101162692690180005971300001
031989101162692690190005833100001
031989101162692690200005815600001
031989101053843840050004098100000
031989101053843840060004158100000
031989101025095090010011811900001
031989101025095090020011223200000
031989101025095090030010993000000
031989101040730730090001460600001
031989101144894890210005642600000
031989101144894890220005464900000
031989101144894890230005394300000
031989101092592590200002167700000
031989101092592590210002109800000
031989101092592590220002072000000
031989101012192190280003805200001
031989101012192190290003711000000
031989101012192190300003477000000
031989101101091090290006020400001
031989101101091090300005931000000
031989101101091090310005771600000
031989101195295290060000950600001
031989101195295290070000908800001
031989101071391390070007575200000
031989101071391390080007623800001
031989101071391390090007560600000
031989101025095090270003039800000
031989101025095090280002804200000
031989101025095090290002655100000
031989101011491490110002001700000
031989101011491490120001831600000
031989101011491490130001815300000
031989101140190190240000884000000
031989101140190190250000799400000
031989101140190190260000781900000
031989101100690690060003656700000
031989101100690690070003448100000
031989101100690690080003509200000
031989101012992990090002871200000
031989101012992990100002555000000
031989101012992990110002484500000
031989101171291290190002232900000
031989101171291290200002114800000
031989101171291290210002005600000
031989101053513510070006537100000
031989101053513510080006514900000
031989101033393390320007201800000
031989101033393390330006789900000
031989101033393390340006656500000
031989101012392390140001776700000
031989101012392390150001611300000
031989101012392390160001533900000
031989101014194190200001933700000
031989101014194190210001691100000
031989101014194190220001623500000
031989101174694690310007760100000
031989101174694690320006849200000
031989101174694690330006842300000
031989101011891890080002432400000
031989101011891890090002283700000
031989101011891890100002125200000
031989101053843840130002239000000
031989101053843840140002113600000
031989101053853850090000386300000
031989101040710710070002545700000
031989101040710710080002188800000
031989101011191190050002258700000
031989101011191190060001967200000
031989101011191190070001895600000
031989101112792790340001215600000
031989101112792790350001012600000
031989101112792790360001002500000
031989101040730730050000175300000
031989101144894890170001981700000
031989101144894890180001806200000
031989101144894890190001800200000
031989101153093090160005979100000
031989101153093090170005363100000
031989101153093090180005177200000
031989101083793790020002673700000
031989101083793790030002473300000
031989101083793790040002416100000
031989101053863860030000190600000
031989101012192190070001018100000
031989101012192190080000853900000
031989101012192190090000920200000
031989101053533530030000495900000
031989101080590590230003325900000
031989101080590590240003327700001
031989101080590590250003232800000
031989101084294290160000553900000
031989101084294290170000464600000
031989101084294290180000437500000
031989101040720720040000263500000
031989101010490490240001946600000
031989101010490490250001714500000
031989101010490490260001670400000
031989101071391390010002216000000
031989101071391390020002031800000
031989101071391390030001998800000
031989101111591590180003941700000
031989101111591590190003490600000
031989101111591590200003372900000
031989101082492490180002724800000
031989101082492490190002562700000
031989101082492490200002466300000
031989101071991990150000672700000
031989101071991990160000601500000
031989101071991990170000582700000
031989101071691690250000854300000
031989101071691690260000816400000
031989101071691690270000783700000
031989101170390390200006582400000
031989101170390390210006002000000
031989101170390390220005818400000
031989101133193190300001954600000
031989101133193190310001811500000
031989101133193190320001779400000
031989101070290290200001505300000
031989101070290290210001357500000
031989101070290290220001324300000
031989101122892890340028136800000
031989101122892890350023763800000
031989101122892890360022481400000
031989101063993990060002861500000
031989101063993990070002664000000
031989101063993990080002625500000
031989101113693690100003500600000
031989101113693690110003105500000
031989101113693690120002993000000
031989101074594590100002246500000
031989101074594590110002126500000
031989101074594590120002079700000
031989101142092090220000795900000
031989101142092090230000732800000
031989101142092090240000715800000
031989101162692690040001147800000
031989101162692690050001074300000
031989101162692690060001019600000
031989101195295290040000028700000
031989101195295290050000025400000
031989101084794790200003396400000
031989101084794790210003018700000
031989101084794790220002880600000
031989101084094090020001516100000
031989101084094090030001579400000
031989101084094090040001427100000
031989101113293290390000973400000
031989101113293290400000933400000
031989101113293290410000817700000
031989101084994990200001411000000
031989101084994990210001397800000
031989101084994990220001401800000
031989101022292290260000939300000
031989101022292290270000867200000
031989101022292290280000861500000
031989101185195190120000170500000
031989101185195190130000154300000
031989101083493490150001026300000
031989101083493490160001079100000
031989101083493490170000876300000
031989101101091090010002217700000
031989101101091090020001871800000
031989101101091090030001893800000
031989101024494490150000736700000
031989101024494490160000666100000
031989101024494490170000654400000
031989101080990990020002171200000
031989101080990990030002054700000
031989101080990990040001941700000
031989101084794790170002753700000
031989101084794790180002492900000
031989101084794790190002343100000
031989101074594590160002132400000
031989101074594590170002029400000
031989101074594590180001991800000
031989101070290290140001672000000
031989101070290290150001670600000
031989101070290290160001588400000
031989101084294290080000285000000
031989101084294290090000238700000
031989101084294290100000235900000
031989101122892890040036429000000
031989101122892890050032299400000
031989101122892890060032755000000
031989101084994990050000535300000
031989101084994990060000504500000
031989101084994990070000452500000
031989101025095090150005104800000
031989101025095090160005887900000
031989101025095090170004740600000
031989101033393390150009059900000
031989101033393390160008622800000
031989101033393390170008437800000
031989101022292290120000918600000
031989101022292290130000817500000
031989101022292290140000799400000
031989101063993990130001861200000
031989101063993990140001727300000
031989101063993990150001650600000
031989101133193190230001507000000
031989101133193190240001359600000
031989101133193190250001314900000
031989101071991990040000725100000
031989101071991990050000677900000
031989101071991990060000645500000
031989101084094090090000588600000
031989101084094090100000530200000
031989101084094090110000501000000
031989101153093090050004941600000
031989101153093090060004650000000
031989101153093090070004543100000
031989101080590590270000479000000
031989101080590590280000461500000
031989101080590590290000402900000
031989101024494490040000342900000
031989101024494490050000311400000
031989101024494490060000295400000
031989101100690690190002989500000
031989101100690690200002838000000
031989101100690690210002751000000
031989101071391390270001902300000
031989101071391390280001629200000
031989101071391390290001549000000
031989101082492490090001674100000
031989101082492490100001563900000
031989101082492490110001439800000
031989101080990990110001615900000
031989101080990990120001489400000
031989101080990990130001403900000
031989101071691690010000588600000
031989101071691690020000534500000
031989101071691690030000516800000
031989101011191190200003593500000
031989101014194190280009036600000
031989101014194190290008552900000
031989101014194190300008360500000
031989101011491490140007645100001
031989101011491490150007336300000
031989101011491490160007260400000
031989101012392390080003892300000
031989101012392390090003839400000
031989101012392390100003631900000
031989101011891890020004314800000
031989101011891890030004075500000
031989101011891890040003961300000
031989101012192190040001519600000
031989101012192190050001421900000
031989101012192190060001358200000
031989101010490490210001819600000
031989101010490490220001588500000
031989101010490490230001554300000
031989101012992990180006659100000
031989101012992990190006321800000
031989101012992990200006079400000
031989101014194190250041534400001
031989101014194190260040590300001
031989101014194190270040141900001
031989101011191190140022776400001
031989101011191190150021889300001
031989101011191190160021592600001
031989101012392390240019054000001
031989101012392390250018660600001
031989101012392390260018534500001
031989101011891890310019570300001
031989101011891890320019146800001
031989101011891890330019018800001
031989101011491490240019612300001
031989101011491490250019213200001
031989101011491490260018997200001
031989101010490490150010946100001
031989101010490490160010667400001
031989101010490490170010564500001
031989101012992990250024717400001
031989101012992990260024525300001
031989101012992990270023948500001
031989101012192190130011556300001
031989101012192190140011280400001
031989101012192190150011123900001
031989101012192190160001277500000
031989101012192190170001096300000
031989101012192190180000984900000
031989101010490490010000729700000
031989101010490490020000541500000
031989101010490490030000503800000
031989101012992990120002879400000
031989101012992990130002530300000
031989101012992990140002386700000
031989101011491490050002731000000
031989101011491490060002441000000
031989101011491490070002371100000
031989101012392390020001064800000
031989101012392390030000874800000
031989101012392390040000831200000
031989101011191190020005249200000
031989101011191190030004728700000
031989101011191190040004610900000
031989101011891890110001281900000
031989101011891890120001101700000
031989101011891890130001042600000
031989101014194190010008144900000
031989101014194190020007334800000
031989101014194190030007075000000
031989101090890890080000177100000
031989101071691690140000007000000
031989101071691690150000004000000
031989101080990990180000034400000
031989101080990990190000020200000
031989101083493490030000016200000
031989101083493490040000010400000
031989101083493490050000009600000
031989101053843840070000029100000
031989101053843840080000013000000
031989101053873870030000000000000
031989101100690690120000106400000
031989101100690690130000091400000
031989101100690690140000090400000
031989101022292290060000026200000
031989101022292290070000020800000
031989101022292290080000020200000
031989101101091090080000027800000
031989101101091090090000019800000
031989101101091090100000019800000
031989101040730730040000009700000
031989101014194190150000168600000
031989101014194190160000150300000
031989101070290290010000036600000
031989101070290290020000040300000
031989101070290290030000040400000
031989101025095090350000022800000
031989101025095090360000014700000
031989101025095090370000015200000
031989101012992990030000075900000
031989101012992990040000065500000
031989101012992990050000086500000
031989101083793790130000039000000
031989101083793790140000025100000
031989101083793790150000024300000
031989101040720720010000007500000
031989101082492490030000038800000
031989101082492490010000055200000
031989101082492490020000042500000
031989101063993990220000062400000
031989101063993990230000055400000
031989101063993990240000054100000
031989101053853850080000000700000
031989101171291290280000018700000
031989101171291290290000014200000
031989101171291290300000010200000
031989101053533530050000007900000
031989101084294290210000004600000
031989101084294290220000002200000
031989101140190190370000008600000
031989101140190190380000005100000
031989101074594590190000020600000
031989101122892890500000214300000
031989101122892890510000145800000
031989101122892890520000127000000
031989101174694690120000210100000
031989101174694690130000154800000
031989101174694690140000141700000
031989101053863860080000000100000
031989101111591590290000043600000
031989101111591590300000028500000
031989101111591590310000025700000
031989101153093090130000124200000
031989101153093090140000114700000
031989101153093090150000108000000
031989101024494490120000008100000
031989101024494490130000003700000
031989101024494490140000003600000
031989101071391390220000022600000
031989101071391390230000018600000
031989101071391390240000017000000
031989101084794790050000047900000
031989101040710710090000092400000
031989101040710710100000104700000
031989101084994990120000046700000
031989101084994990130000032100000
031989101142092090090000044000000
031989101142092090100000022900000
031989101142092090110000013000000
031989101170390390110000134900000
031989101053513510120000061500000
031989101122892890430000095900000
031989101122892890440000035800000
031989101122892890450000073600000
031989101025095090070000370600000
031989101025095090080000264500000
031989101025095090090000197700000
031989101022292290290000127100000
031989101022292290300000106200000
031989101022292290310000085800000
031989101024494490070000031900000
031989101024494490080000023900000
031989101024494490090000020500000
031989101024494490180000951000000
031989101024494490190000866000000
031989101024494490200000847500000
031989101022292290220001790200000
031989101022292290230001508600000
031989101022292290240001495300000
031989101025095090040006046700000
031989101025095090050005432200000
031989101025095090060005017500000
031989101033393390010000548000000
031989101033393390020000403700000
031989101033393390030000369200000
031989101122892890540000201300000
031989101122892890550000116800000
031989101122892890560000099000000
031989101033393390060000442500000
031989101033393390070000340200000
031989101033393390080000312900000
031989101040720720090000162900000
031989101040730730020000046600000
031989101040710710050000693100000
031989101040710710060000678800000
031989101040710710190000341900000
031989101040710710200000263500000
031989101040730730010000002500000
031989101040720720020000003000000
031989101040710710230000032700000
031989101040710710240000018700000
031989101090890890070002352700000
031989101094394390460000141600000
031989101091791790210000000000000
031989101040710710030000901000000
031989101040710710040000708100000
031989101092592590190000000000000
031989101040720720050000255800000
031989101040710710150001309300000
031989101040710710160001094900000
031989101040730730110000121400000
031989101053513510280003275000000
031989101053853850070000286600000
031989101053873870060000053500000
031989101053843840220001327600000
031989101053843840230001186600000
031989101053863860050000029100000
031989101053523520080000073700000
031989101053513510090000035900000
031989101053513510100000024800000
031989101053853850020000467000000
031989101053533530020000172300000
031989101053513510050000222900000
031989101053513510060000186100000
031989101053843840180005243700001
031989101053843840190005006800000
031989101053863860020000053600000
031989101053513510180001506900000
031989101053513510190001089700000
031989101053843840150000678400000
031989101053843840160000613600000
031989101053523520050000068200000
031989101053513510150000140200000
031989101053513510030000647600000
031989101053513510040000566200000
031989101053533530010000526800001
031989101053523520020001776800001
031989101063993990090000123700000
031989101063993990100000090400000
031989101063993990110000083600000
031989101063993990050000250300000
031989101071991990220000080000000
031989101071991990230000054400000
031989101071991990240000047500000
031989101122892890010000360900000
031989101083793790240000071100000
031989101083793790250000036500000
031989101084794790060000350700000
031989101084294290190000050200000
031989101080590590260000013500000
031989101082492490210000389800000
031989101082492490220000286500000
031989101082492490230000237100000
031989101080990990100000054900000
031989101083493490180000013300000
031989101084794790010000060800000
031989101084994990170000120400000
031989101084994990180000077300000
031989101084994990190000075900000
031989101083793790100000105000000
031989101083793790110000074400000
031989101083793790120000065300000
031989101092592590040000025500000
031989101092592590050000015600000
031989101092592590060000013000000
031989101090890890500000174400000
031989101090890890510000100300000
031989101090890890520000092000000
031989101091791790170000032600000
031989101091791790180000021600000
031989101091791790190000020000000
031989101094394390010000026500000
031989101094394390020000021200000
031989101094394390030000020700000
031989101092592590320004969400001
031989101092592590330004794800000
031989101092592590340004737200000
031989101094394390090008625700001
031989101094394390100008370500000
031989101094394390110008283200000
031989101090890890040085582800001
031989101090890890050082733300001
031989101090890890060080786300001
031989101091791790250007122100001
031989101091791790260006660900000
031989101091791790270006546400000
031989101094394390430000187800000
031989101094394390440000135000000
031989101094394390450000122000000
031989101091791790040000277400000
031989101091791790050000208600000
031989101091791790060000195400000
031989101092592590290000218000000
031989101092592590300000161100000
031989101092592590310000141200000
031989101090890890130003017000000
031989101090890890140002259400000
031989101090890890150002046000000
031989101092592590080007537000001
031989101092592590090007351300001
031989101092592590100007221600001
031989101091791790130011647200001
031989101091791790140011468700001
031989101091791790150011428100001
031989101090890890460072076500001
031989101090890890470069455800000
031989101090890890480068810800000
031989101094394390220009134500001
031989101094394390230008882800001
031989101094394390240008688600001
031989101174694690080000298900000
031989101092592590070000328200000
031989101094394390080000261400000
031989101090890890290002842500000
031989101090890890300002108900000
031989101090890890310001956500000
031989101091791790380000443600000
031989101091791790390000296200000
031989101091791790400000270500000
031989101092592590230000722500000
031989101092592590240000602900000
031989101092592590250000569700000
031989101091791790350000892100000
031989101091791790360000840900000
031989101091791790370000750300000
031989101053843840120000376000000
031989101174694690150002845900000
031989101170390390260000000000000
031989101113293290270000098400000
031989101012392390200000348100000
031989101111591590050000638800000
031989101171291290250000497700000
031989101053853850060000023700000
031989101033393390040000723100000
031989101033393390050000547800000
031989101012992990310000462900000
031989101080590590080000220400000
031989101083793790210000433600000
031989101083793790220000353400000
031989101083793790230000310900000
031989101083493490230000263100000
031989101082492490120000530900000
031989101053513510240000580700000
031989101053513510250000400100000
031989101113293290300000094500000
031989101113293290310000062100000
031989101025095090300000722200000
031989101012992990220000617500000
031989101012992990230000507500000
031989101012992990240000453500000
031989101071391390170000208700000
031989101071391390180000151700000
031989101113693690350000797100000
031989101170390390100001163100000
031989101063993990320000365600000
031989101063993990330000287900000
031989101063993990340000248800000
031989101011891890140000286400000
031989101011891890150000232400000
031989101022292290250000219000000
031989101153093090190000720600000
031989101122892890460004361200000
031989101122892890470002890500000
031989101122892890480002436200000
031989101084094090120000208900000
031989101084094090130000157900000
031989101084094090140000147100000
031989101174694690290001210100000
031989101174694690300000834300000
031989101071691690240000136700000
031989101033393390310000761400000
031989101024494490280000069300000
031989101101091090040000180600000
031989101012192190190000180100000
031989101171291290040000357200000
031989101071991990280000014000000
031989101112792790330000036000000
031989101025095090380000050900000
031989101084994990080000018400000
031989101010490490330000046100000
031989101094394390360000047400000
031989101133193190280000046900000
031989101040720720030000003400000
031989101071691690200000024300000
031989101092592590110000023400000
031989101162692690070000048900000
031989101040710710110000052600000
031989101174694690010000191400000
031989101071391390250000027100000
031989101084094090010000048800000
031989101012992990210000060400000
031989101144894890240000000000000
031989101063993990310000102700000
031989101084294290200000012800000
031989101033393390270000052400000
031989101195295290030000000000000
031989101083493490190000019900000
031989101011491490090000063000000
031989101040730730080000005000000
031989101080590590220000017600000
031989101083793790010000046400000
031989101170390390370000050700000
031989101122892890490000503600000
031989101091791790280000144700000
031989101092592590180000011200000
031989101091791790340000024700000
031989101094394390040000014900000
031989101090890890490000321500000
031989101122892890290000171100000
031989101122892890220000930800000
031989101122892890230000578000000
031989101122892890240000452200000
031989101014194190120000207800000
031989101014194190130000144100000
031989101014194190140000135100000
031989101122892890160000110900000
031989101122892890170000091400000
031989101122892890180000082300000
031989101122892890190000239500000
031989101122892890200000142700000
031989101122892890210000119400000
031989101011191190180004050600000
031989101011191190190003703600000
031989101113693690320013129300001
031989101113693690330012446300000
031989101113693690340012205300000
031989101113693690210000201700000
031989101113693690220000148900000
031989101113293290210000053500000
031989101113293290220000050500000
031989101113293290230000054700000
031989101111591590280000115600000
031989101122892890300000553200000
031989101122892890310000446700000
031989101122892890320000357700000
031989101122892890130001164700000
031989101122892890140000668200000
031989101122892890150000566900000
031989101122892890020000149800000
031989101122892890530000120200000
031989101014194190050000049000000
031989101014194190060000027400000
031989101014194190070000029300000
031989101144894890340004780600000
031989101144894890350004645200000
031989101144894890360004633700000
031989101140190190010001167700000
031989101140190190020001121700000
031989101140190190030001108000000
031989101133193190050001318800000
031989101133193190060001283800000
031989101133193190070001240500000
031989101142092090300006296300000
031989101142092090310006163700000
031989101142092090320006132200000
031989101140190190210001206800000
031989101140190190220001118000000
031989101140190190230001096300000
031989101133193190340000864000000
031989101133193190350000770900000
031989101133193190360000724800000
031989101144894890010004821200000
031989101144894890020004556100000
031989101144894890030004423800000
031989101142092090180003601100000
031989101142092090190003439200000
031989101142092090200003357200000
031989101133193190140000296100000
031989101133193190150000273600000
031989101133193190160000272100000
031989101142092090060007646000001
031989101142092090070007575000001
031989101142092090080007550700001
031989101140190190150001570800000
031989101140190190160001530200000
031989101140190190170001526900000
031989101144894890370009012300000
031989101144894890380008938300000
031989101144894890390008870800000
031989101133193190010002978500000
031989101133193190020002929600000
031989101133193190030003000800000
031989101133193190110008994400001
031989101133193190120008809200001
031989101133193190130008768100001
031989101142092090120000140500000
031989101142092090130000117600000
031989101142092090140000121300000
031989101144894890400000354800000
031989101144894890410000287600000
031989101144894890420000284300000
031989101140190190040000046100000
031989101140190190050000037900000
031989101140190190060000036500000
031989101140190190310000419600000
031989101140190190320000387400000
031989101140190190330000373500000
031989101142092090010000667700000
031989101142092090020000600200000
031989101144894890100001908900000
031989101144894890110001811500000
031989101144894890120001758800000
031989101140190190340003308000001
031989101140190190350003220600001
031989101140190190360003190700001
031989101144894890040012186200001
031989101144894890050011694700000
031989101144894890060011560500000
031989101142092090150006718800001
031989101142092090160006571000000
031989101142092090170006509600000
031989101170390390270000215200000
031989101170390390280000097200000
031989101170390390290000077000000
031989101170390390300000020500000
031989101174694690190014179600000
031989101174694690200009138900000
031989101174694690210008589900000
031989101171291290310000421000000
031989101170390390230000557800000
031989101170390390240000387000000
031989101170390390250000363700000
031989101171291290120001497400000
031989101171291290130001357500000
031989101171291290140001272100000
031989101174694690020011814300000
031989101174694690030010871800000
031989101174694690040010325400000
031989101170390390040006088200000
031989101170390390050005556900000
031989101170390390060005302100000
031989101174694690090003811000000
031989101174694690100003001400000
031989101174694690110002746400000
031989101170390390080000828900000
031989101170390390090000685200000
031989101171291290050000844300000
031989101171291290060000757200000
031989101171291290070000658300000
031989101185195190100000274600000
031989101185195190110000271600000
031989101092592590120000089600000
031989101092592590130000070600000
031989101094394390180000219400000
031989101094394390190000189500000
031989101094394390200000183500000
031989101091791790100000179600000
031989101091791790110000154900000
031989101091791790120000148400000
031989101090890890230003093500000
031989101090890890240002614300000
031989101090890890250002536600000
031989101195295290080000031000000
031989101195295290090000024100000
031989101142092090250005677900000
031989101142092090260005531100000
031989101142092090270005481800000
031989101140190190180002281300001
031989101140190190190002182800000
031989101140190190200002158600000
031989101144894890310016913100001
031989101144894890320016633700001
031989101144894890330016503700001
031989101111591590120002079900000
031989101111591590130001796700000
031989101111591590140001687900000
031989101113293290240000416300000
031989101113293290250000467200000
031989101113293290260000315200000
031989101112792790150000392600000
031989101112792790160000315900000
031989101112792790170000311900000
031989101113693690130001834900000
031989101113693690140001358200000
031989101113693690150001317500000
031989101113293290150007472400001
031989101113293290160007437700001
031989101113293290170007383900001
031989101094394390370001083200000
031989101094394390380000900500000
031989101094394390390000876200000
031989101090890890010010708900000
031989101090890890020009599200000
031989101090890890030009347600000
031989101091791790010000781200000
031989101091791790020000718500000
031989101091791790030000699100000
031989101092592590260000729400000
031989101092592590270000670000000
031989101092592590280000657700000
031989101170390390190000044400000
031989101074594590040000140700000
031989101074594590050000098100000
031989101074594590060000087900000
031989101012392390050000078600000
031989101012392390060000059900000
031989101033393390360000150400000
031989101033393390370000116000000
031989101033393390380000129400000
031989101084094090240000012400000
031989101084094090250000017600000
031989101010490490070000157600000
031989101053873870050000121900001
031989101122892890330004518500000
031989101011891890050000521200000
031989101011891890060000435800000
031989101011891890070000390700000
031989101122892890260000348500000
031989101122892890270000168300000
031989101122892890280000146500000
031989101012992990150000321400000
031989101012992990160000338200000
031989101012992990170000331400000
031989101033393390210000554200000
031989101033393390220000437400000
031989101033393390230000406100000
031989101040730730030000063100000
031989101153093090280000396100000
031989101153093090290000278200000
031989101144894890280000699200000
031989101144894890290000602300000
031989101144894890300000617400000
031989101071991990210000107500000
031989101111591590040000499400000
031989101074594590150000277100000
031989101133193190200000068200000
031989101133193190210000054600000
031989101133193190220000051200000
031989101010490490300000025700000
031989101010490490310000015800000
031989101010490490320000014200000
031989101071991990070000011500000
031989101071991990080000011300000
031989101071991990090000007300000
031989101162692690080000022200000
031989101162692690090000016200000
031989101162692690100000015300000
031989101012192190100000022600000
031989101012192190110000018600000
031989101012192190120000015500000
031989101144894890070000052200000
031989101144894890080000035500000
031989101144894890090000038500000
031989101080590590050000011200000
031989101080590590060000009100000
031989101080590590070000007100000
031989101011891890250000076500000
031989101011891890260000064700000
031989101011891890270000064700000
031989101011191190080000060400000
031989101011191190090000053300000
031989101011191190100000050900000
031989101113693690360000047600000
031989101113693690370000034200000
031989101113693690380000033000000
031989101112792790310000023900000
031989101112792790320000012400000
031989101113293290100000027800000
031989101113293290110000016500000
031989101011491490200000043100000
031989101011491490210000039500000
031989101011491490220000037300000
031989101074594590200000018300000
031989101071391390260000015400000
031989101084094090190000015100000
031989101091791790290000020900000
031989101090890890450000293100000
031989101101091090110000018200000
031989101071691690120000021200000
031989101092592590140000016800000
031989101010490490040000029900000
031989101010490490050000018300000
031989101010490490060000018300000
031989101112792790140000028800000
031989101170390390070000095300000
031989101174694690280000257900000
031989101140190190070000018200000
031989101083493490240000015100000
031989101011191190010000053200000
031989101153093090260000065900000
031989101025095090100000045100000
031989101111591590210000077000000
031989101142092090280000036400000
031989101142092090290000023700000
031989101083793790090000028600000
031989101171291290260000058200000
031989101012392390190000027800000
031989101084994990250000015600000
031989101122892890030000403600000
031989101100690690050000034700000
031989101014194190040000078300000
031989101082492490130000050700000
031989101012992990350000041000000
031989101084294290140000015200000
031989101011491490010000047000000
031989101063993990190000031300000
031989101063993990200000021600000
031989101063993990210000019200000
031989101022292290010000012700000
031989101080590590180000012800000
031989101033393390350000076300000
031989101071991990140000006900000
031989101144894890250000045800000
031989101144894890260000029300000
031989101144894890270000029600000
031989101011891890240000028500000
031989101094394390150000017400000
031989101140190190120000019700000
031989101122892890250000223100000
031989101133193190270000020200000
031989101142092090050000027700000
031989101144894890160000049400000
031989101033393390410000055300000
031989101033393390420000028400000
031989101033393390430000025900000
031989101071391390050000028000000
031989101071391390060000015100000
031989101112792790110000033000000
031989101112792790120000018800000
031989101112792790130000016300000
031989101025095090110000075800000
031989101025095090120000042000000
031989101025095090130000021500000
031989101025095090140000011800000
031989101122892890100000671700000
031989101122892890110000372100000
031989101122892890120000290800000
031989101071991990110000013600000
031989101071991990120000009600000
031989101071991990130000006500000
031989101022292290210000045300000
031989101071691690090000012000000
031989101071691690100000010100000
031989101071691690110000005800000
031989101024494490210000012800000
031989101024494490220000007800000
031989101024494490230000007800000
031989101070290290090000056300000
031989101170390390010000101500000
031989101170390390020000056200000
031989101170390390030000048900000
031989101174694690160000159400000
031989101174694690170000098400000
031989101174694690180000103600000
031989101074594590130000042900000
031989101074594590140000024700000
031989101101091090210000023000000
031989101101091090220000014500000
031989101101091090230000012300000
031989101053513510260000055100000
031989101053513510270000035700000
031989101014194190080000092600000
031989101014194190090000052500000
031989101014194190100000055600000
031989101113293290280000022800000
031989101113293290290000012300000
031989101113693690160000155500000
031989101153093090270000088500000
031989101171291290160000041300000
031989101171291290170000020800000
031989101171291290180000018500000
031989101063993990160000048400000
031989101063993990170000029400000
031989101063993990180000024200000
031989101053843840010000028000000
031989101053843840020000019500000
031989101113693690170000224000000
031989101071991990180000023400000
031989101071991990190000015600000
031989101071991990200000014400000
031989101012392390010000106900000
031989101084794790070000151400000
031989101010490490140000094400000
031989101011191190210000291800000
031989101080590590090000040900000
031989101080590590100000031700000
031989101080590590110000029800000
031989101022292290050000048900000
031989101012192190200000048800000
031989101144894890430000098200000
031989101144894890440000068200000
031989101144894890450000061700000
031989101144894890460000023200000
031989101025095090310000098000000
031989101025095090320000052100000
031989101025095090330000041900000
031989101025095090340000013300000
031989101094394390290000065500000
031989101094394390300000042600000
031989101094394390310000037000000
031989101094394390320000015700000
031989101091791790330000077800000
031989101140190190270000037700000
031989101140190190280000025300000
031989101140190190290000023300000
031989101140190190300000005600000
031989101100690690010000074300000
031989101174694690370000314600000
031989101174694690380000209000000
031989101174694690390000181000000
031989101071691690160000028200000
031989101011891890190000058800000
031989101084994990260000030900000
031989101063993990040000138000000
031989101133193190290000046800000
031989101092592590360000031500000
031989101071391390100000045100000
031989101101091090240000041200000
031989101084294290010000048100000
031989101111591590380000270100000
031989101111591590390000166400000
031989101111591590400000147900000
031989101111591590410000038500000
031989101083793790080000090600000
031989101084094090080000045600000
031989101171291290270000085300000
031989101113293290320000034500000
031989101090890890160000905100000
031989101090890890170000585000000
031989101090890890180000529000000
031989101090890890190000212600000
031989101195295290100000004700000
031989101053843840090000134700000
031989101053843840100000094100000
031989101074594590210000065300000
031989101170390390180000224600000
031989101053863860060000000400000
031989101053523520010000003200000
031989101142092090210000053000000
031989101012992990020000139300000
031989101053513510110000088800000
031989101082492490170000134600000
031989101070290290040000043600000
031989101011491490100000147700000
031989101053533530040000006800000
031989101024494490270000009900000
031989101014194190230000243400000
031989101014194190240000132800000
031989101080990990010000185900000
031989101053873870010000000100000
031989101083493490010000053100000
031989101153093090010000357100000
031989101153093090020000228200000
031989101153093090030000206600000
031989101153093090040000095600000
031989101033393390090000310100000
031989101033393390100000242800000
031989101033393390110000230400000
031989101122892890620000992100000
031989101122892890630000663100000
031989101122892890640000588700000
031989101185195190090000009300000
031989101053853850040000007900000
031989101040710710120000170500000
031989101112792790180000128700000
031989101162692690110000078700000
031989101162692690120000052300000
031989101162692690130000050000000
031989101162692690140000014400000
031989101071391390040000292600000
031989101112792790100000407800000
031989101010490490180000371600000
031989101010490490190000236500000
031989101010490490200000213000000
031989101012192190220000175500000
031989101012192190230000130400000
031989101012192190240000105200000
031989101185195190050000072000000
031989101185195190060000065900000
031989101101091090190000252100000
031989101101091090200000178900000
031989101053873870040000000500000
031989101011191190220000762500000
031989101011191190230000615600000
031989101011191190240000570900000
031989101014194190170001013600000
031989101014194190180000800300000
031989101014194190190000701900000
031989101053863860010000006400000
031989101053843840110000482400000
