072014051010490000040001204500000
072014051010490000220000022900000
072014051010490002110001388800000
072014051011190000670000061300000
072014051011490000140000021900000
072014051011490000580000011100000
072014051011890000020000028200000
072014051011890000030008979400000
072014051011890002110003382600000
072014051011890002490000039700000
072014051012190000220000014900000
072014051012190000480000003800000
072014051012390000140000018800000
072014051012390001470000140600000
072014051012390002360000022900000
072014051012990000280000419900000
072014051014190000090000016100000
072014051014190000170000022900000
072014051014190000470000068100000
072014051019990000580000133300000
072014051019990000670000427700000
072014051022290000400000006700000
072014051022290001860000015600000
072014051022290002480000009400000
072014051024490000110000083700000
072014051024490000120001298000000
072014051024490000370000006000000
072014051024490000440000007000000
072014051024490000560000000900000
072014051024490001260000006100000
072014051024490002370000010000000
072014051025090000200000033700000
072014051025090000670000081800000
072014051029990000230000034500000
072014051033390000020001606400000
072014051033390000210000006300000
072014051033390000500000024000000
072014051033390000530000492300000
072014051039990000220000037000000
072014051039990000500000024000000
072014051040790000420000079000000
072014051049990000030007422300000
072014051049990000670000063900000
072014051053590000180000023000000
072014051053590000530000250700000
072014051053890000470000033800000
072014051053890001300000029000000
072014051059990000020000093400000
072014051059990000080001059900000
072014051059990001490000569200000
072014051059990001860000162100000
072014051069990000180000008200000
072014051069990000210000006300000
072014051011190000040002708100000
072014051011190000050000022000000
072014051011190000080000454600000
072014051011190002490000012900000
072014051011490000090000007200000
072014051011490000250000166800000
072014051011490001250000006600000
072014051011890000370000061400000
072014051011890000500000011500000
072014051012190000050000003700000
072014051012190000140000013200000
072014051012190000490000010100000
072014051012190001860000024900000
072014051012390000040001362500000
072014051012390000050000003600000
072014051012390000390000014800000
072014051012390000670000037500000
072014051012990000230000052100000
072014051012990000250000310700000
072014051012990000410000373100000
072014051014190000390000031100000
072014051014190001860000104000000
072014051019990000450019046500000
072014051019990000470000237900000
072014051022290001700000017400000
072014051024490001560000157900000
072014051025090000230000022500000
072014051025090000250000688300000
072014051025090000580000013500000
072014051025090001260000019700000
072014051025090002120003300900000
072014051029990000020000041900000
072014051029990000090000014000000
072014051029990001560002070300000
072014051029990002480000051700000
072014051033390000080000383100000
072014051033390000180000008000000
072014051033390000280000165300000
072014051033390000370000087900000
072014051033390002130004898500000
072014051039990000030009190900000
072014051040790002140002392800000
072014051040790002590000439800000
072014051049990000050000009400000
072014051049990000090000035000000
072014051049990000180000015300000
072014051049990000230000042800000
072014051049990000380000019700000
072014051049990000390000022000000
072014051049990000400000016600000
072014051053590000030007090200000
072014051053590000110000441600000
072014051053590000280000226500000
072014051010490000110000446500000
072014051010490000450001030700000
072014051010490000470000008600000
072014051011190000140000042000000
072014051011190000400000023300000
072014051011190000480000008200000
072014051011490000070000004500000
072014051011890000070000008000000
072014051011890000110000612100000
072014051011890000390000014500000
072014051011890000560000004300000
072014051011890001250000009700000
072014051011890001470000316700000
072014051012190000210000005600000
072014051012390000160000008800000
072014051012390000480000018800000
072014051012990000030011911300000
072014051012990000170000025400000
072014051012990000380000528900000
072014051012990000400000023700000
072014051012990000530000734200000
072014051012990002490000022800000
072014051014190000050000029200000
072014051014190000250000338900000
072014051014190000530000825600000
072014051019990000560000050200000
072014051019990001470002555600000
072014051022290000110000192000000
072014051022290000140000007400000
072014051022290000160000002900000
072014051022290000200000008700000
072014051022290000230000008000000
072014051024490000450000374600000
072014051024490001700000010300000
072014051024490001860000007400000
072014051025090000080000452100000
072014051025090000170000017600000
072014051025090000380000005100000
072014051025090000440000043700000
072014051025090002480000037500000
072014051029990000030012825200000
072014051033390000110000944400000
072014051033390000140000044200000
072014051033390000160000019400000
072014051033390000400000021700000
072014051040790000040001807600000
072014051040790000670000063900000
072014051040790001280001960200000
072014051053590000200000093200000
072014051053590000250000204300000
072014051053890000230000055500000
072014051053890000560000008400000
072014051053890000670000089500000
072014051010490000160000006600000
072014051010490000400000007800000
072014051011190000110000645500000
072014051011190000170000021500000
072014051011190000440000030300000
072014051011190001470000292800000
072014051011190002360000062200000
072014051011490000170000008200000
072014051011490000400000011600000
072014051011490000410000131100000
072014051011890000080000203500000
072014051012190000450000928100000
072014051012390000440000012700000
072014051012990000200000065500000
072014051012990001470000490600000
072014051014190000370000083200000
072014051014190000580000030400000
072014051019990000050000088500000
072014051019990000170000111100000
072014051019990000490000218400000
072014051022290000050000001800000
072014051022290000220000011000000
072014051022290000370000014300000
072014051022290000380000001400000
072014051022290000450000685500000
072014051024490000050000000900000
072014051024490000210000000500000
072014051024490000250000052600000
072014051024490000380000001400000
072014051025090000040003073100000
072014051025090000090000009200000
072014051029990000370000063900000
072014051029990000480000013700000
072014051029990000530001074900000
072014051029990001260000045700000
072014051033390000030009190900000
072014051033390000050000009400000
072014051033390000450005177800000
072014051039990000040002285400000
072014051039990000210000006300000
072014051039990000420000053500000
072014051039990001270000014600000
072014051039990001690000139200000
072014051040790000250000296300000
072014051040790000480000008400000
072014051040790000500000020500000
072014051040790000530000412500000
072014051053590000050000022300000
072014051053890000250000279400000
072014051053890000410000214600000
072014051053890002150002830200000
072014051059990000180000044100000
072014051059990000210000021100000
072014051010490000090000005000000
072014051010490000200000017300000
072014051010490000250000075200000
072014051010490000370000021900000
072014051011490000040001643300000
072014051011490000080000182900000
072014051011490000280000145500000
072014051011490000370000070500000
072014051011490000670000033900000
072014051011490001470000289900000
072014051011890000440000021600000
072014051011890000490000026600000
072014051011890000580000013200000
072014051012190000080000130600000
072014051012190000280000075700000
072014051012190002110001404900000
072014051012190002360000023100000
072014051012390000090000004700000
072014051012390000230000010900000
072014051012390000450001108400000
072014051012390000500000010300000
072014051012990000120014055400000
072014051012990000470000042800000
072014051014190000020000049000000
072014051014190000280000505100000
072014051014190000450005202500000
072014051019990001860000527100000
072014051022290000410000051400000
072014051022290000480000001400000
072014051022290000500000005100000
072014051022290000580000005200000
072014051024490000480000001400000
072014051025090001560001598900000
072014051029990000070000014300000
072014051029990000400000044000000
072014051029990000410000331300000
072014051033390000250000530200000
072014051039990000480000018500000
072014051040790000090000035000000
072014051040790000110000619800000
072014051049990000040001807600000
072014051053590000140000054000000
072014051053590000440000028700000
072014051053590000560000010100000
072014051053890000160000034300000
072014051053890000180000021100000
072014051053890000400000017400000
072014051059990000030013389600000
072014051059990000220000060300000
072014051063990000110000644200000
072014051063990000180000008200000
072014051069990000050000004800000
072014051069990000470000038600000
072014051010490000560000003500000
072014051010490002490000013700000
072014051011190000090000012000000
072014051011190000210000009400000
072014051011190000220000037200000
072014051011190001250000014900000
072014051011190002110004352100000
072014051011490000450001553100000
072014051011890000090000009600000
072014051011890000160000017000000
072014051011890000250000155600000
072014051011890000470000028100000
072014051012190000580000010600000
072014051012190001250000004700000
072014051012390000170000007400000
072014051012390000410000088800000
072014051012390001250000006300000
072014051012990000160000035100000
072014051012990000500000032800000
072014051019990000120094050100000
072014051019990000210000057300000
072014051019990000390000167700000
072014051022290000080000071900000
072014051024490000280000029300000
072014051025090000110001067400000
072014051025090000210000009800000
072014051025090000560000004900000
072014051029990000140000042700000
072014051029990000220000088900000
072014051029990000250000841300000
072014051033390000390000030700000
072014051033390000420000053500000
072014051039990000020001606400000
072014051040790001730000092400000
072014051040790002450000019400000
072014051049990000140000040200000
072014051053890000120006359400000
072014051053890000220000027800000
072014051063990000370000048500000
072014051063990000440000021900000
072014051069990000480000020900000
072014051069990000670000035700000
072014051070290000170000005900000
072014051070290000470000010600000
072014051070290000490000009600000
072014051071390000470000012600000
072014051071390001860000028700000
072014051071390002170001537300000
072014051071690000090000002700000
072014051071690001570000055400000
072014051071990000380000003300000
072014051071990000560000003500000
072014051071990000670000012700000
072014051010490000390000023000000
072014051010490002360000027000000
072014051011190000020000062400000
072014051011190000030008518500000
072014051011190000390000022800000
072014051011490000020000026800000
072014051011890000380000403700000
072014051011890000670000058400000
072014051012190000410000136200000
072014051012390000380000353300000
072014051012990000480000020200000
072014051014190000140000062900000
072014051014190000440000047600000
072014051014190001250000019200000
072014051014190002110007997300000
072014051014190002360000111900000
072014051014190002490000019800000
072014051019990000080002502500000
072014051019990000090000080200000
072014051019990000480000123700000
072014051024490000200000007400000
072014051024490000220000009200000
072014051025090000160000023500000
072014051025090001700000096400000
072014051033390000040002285400000
072014051033390000230000026700000
072014051033390000440000024000000
072014051039990000110000944400000
072014051039990000200000040200000
072014051039990000380000004200000
072014051039990000400000021700000
072014051040790000140000040200000
072014051040790000170000128800000
072014051040790000470000044300000
072014051049990000500000020500000
072014051049990001730000092400000
072014051053590000090000026100000
072014051053590000230000065700000
072014051053590000450004034300000
072014051053890000050000012100000
072014051053890000480000015000000
072014051053890001490000285100000
072014051059990000040003948500000
072014051059990000120012698000000
072014051059990000140000102300000
072014051059990000380000020300000
072014051069990000410000160300000
072014051070290000250000074500000
072014051071390000020000014200000
072014051071390000120005625400000
072014051071690000040000413200000
072014051071690000050000001200000
072014051071690000280000033000000
072014051010490000020000017800000
072014051010490000030006427400000
072014051010490000120006032300000
072014051010490000170000009600000
072014051010490000440000016100000
072014051010490000530000180300000
072014051010490001250000006800000
072014051011190000230000036400000
072014051011490000480000011800000
072014051011890000120011212400000
072014051012190000030003720300000
072014051012190000560000003000000
072014051012390000070000004000000
072014051012390000080000130900000
072014051012390000530000188700000
072014051012390000560000002700000
072014051014190000070000023200000
072014051014190000560000012200000
072014051019990000110004647000000
072014051019990000220000328900000
072014051022290000040000567200000
072014051022290001560000313500000
072014051024490000020000004500000
072014051024490000030001708100000
072014051024490000160000001500000
072014051024490000230000004000000
072014051025090000020000028800000
072014051029990000280000505800000
072014051033390000580000036400000
072014051033390000670000069000000
072014051039990000160000019400000
072014051039990000280000165300000
072014051039990000470000026200000
072014051040790000160000031800000
072014051040790000400000016600000
072014051053590000160000021800000
072014051053590000370000112900000
072014051053590000420000051100000
072014051053590000500000034100000
072014051053890000140000048300000
072014051053890000450002245200000
072014051059990000280000465500000
072014051059990000440000050900000
072014051059990000450006279500000
072014051059990001300000066300000
072014051059990001870006960100000
072014051059990002150005975600000
072014051063990000020000043700000
072014051063990000070000008600000
072014051063990000380000003200000
072014051063990000470000038600000
072014051063990000480000020900000
072014051063990000560000003600000
072014051010490000490000014400000
072014051010490000670000018300000
072014051011190000070000008900000
072014051011190000530000348500000
072014051011490000160000009200000
072014051012190000380000223600000
072014051012190000470000011000000
072014051012390000120010899500000
072014051012390000210000003300000
072014051012390000370000034100000
072014051012990000050000012500000
072014051012990000210000012700000
072014051014190000110001115400000
072014051019990000140000255200000
072014051019990000200000313800000
072014051019990000280001848200000
072014051019990000440000204200000
072014051019990000530003240700000
072014051022290000020000008600000
072014051022290000530000110200000
072014051022290000560000001400000
072014051024490000170000002300000
072014051024490000470000002500000
072014051024490000530000051400000
072014051025090000140000031000000
072014051025090000530000913300000
072014051029990000050000008700000
072014051029990000160000027900000
072014051029990000380000007900000
072014051039990000090000014500000
072014051039990000140000044200000
072014051039990000230000026700000
072014051039990000670000069000000
072014051049990000020000034500000
072014051049990000070000010700000
072014051049990000250000296300000
072014051053590000120006338600000
072014051053590000580000023300000
072014051053890000420000060700000
072014051053890000500000025000000
072014051059990000390000050800000
072014051063990000120005225000000
072014051063990001310000009900000
072014051069990000140000026800000
072014051069990000400000010000000
072014051070290000160000007900000
072014051070290000280000064200000
072014051071390000200000019600000
072014051071390000420000018600000
072014051071690000200000008400000
072014051071690000250000020200000
072014051071990000070000002700000
072014051071990000390000021700000
072014051010490000210000002100000
072014051010490000230000012600000
072014051010490000280000095800000
072014051010490000580000007500000
072014051011190000160000020400000
072014051011190000470000034300000
072014051011490000380000455200000
072014051011490002490000009300000
072014051011890000140000024300000
072014051011890000230000022500000
072014051011890000480000013300000
072014051012190000500000009500000
072014051012390000400000009000000
072014051012990000020000057000000
072014051012990000110001113200000
072014051012990000370000099900000
072014051012990001250000019900000
072014051012990002360000090700000
072014051014190000040004894900000
072014051014190000220000080100000
072014051014190000230000044200000
072014051014190000410000415500000
072014051014190000670000097400000
072014051014190001470000743000000
072014051022290000120002040800000
072014051022290000470000005600000
072014051022290002120000643400000
072014051024490002120000388300000
072014051025090000070000008500000
072014051025090000500000011100000
072014051025090001860000069800000
072014051029990000580000021700000
072014051029990000670000101200000
072014051029990001700000124100000
072014051033390000070000019600000
072014051033390000090000014500000
072014051033390000170000013300000
072014051033390000220000037000000
072014051033390000470000026200000
072014051039990000070000019600000
072014051039990000250000530200000
072014051039990001480000363900000
072014051040790000020000034500000
072014051040790000050000009400000
072014051040790000220000045900000
072014051040790000230000042800000
072014051049990001860000074600000
072014051053590000470000031100000
072014051053890000040001816300000
072014051053890000070000023500000
072014051053890000210000009000000
072014051053890000530000228600000
072014051059990000110000804200000
072014051011190000280000292100000
072014051011490002360000029100000
072014051011890000050000006000000
072014051012190000040000819300000
072014051012190000170000005500000
072014051012190000230000011400000
072014051012190001470000102400000
072014051012390000200000018900000
072014051014190000030014679200000
072014051014190000080000651200000
072014051014190000200000083400000
072014051014190000210000014800000
072014051014190000380001347200000
072014051019990000070000064200000
072014051019990001250000088100000
072014051022290000170000012200000
072014051022290000210000001400000
072014051022290000280000057900000
072014051024490000040000290500000
072014051024490000070000001300000
072014051025090000050000006000000
072014051025090000280000418600000
072014051025090000400000035100000
072014051025090000470000037900000
072014051029990000200000049800000
072014051029990000440000060200000
072014051039990000050000009400000
072014051039990000410000217100000
072014051039990000450005177800000
072014051039990001860000056500000
072014051040790000120005951800000
072014051040790000280000497400000
072014051040790000370000051500000
072014051040790002630002792200000
072014051049990000170000128800000
072014051049990000440000026100000
072014051049990000530000412500000
072014051049990002590000439800000
072014051053590000390000027700000
072014051053590000400000016500000
072014051053590001710000154100000
072014051053590002150003145400000
072014051053890000380000007600000
072014051053890000580000019700000
072014051059990000050000034400000
072014051059990000070000042000000
072014051059990000400000033900000
072014051059990000500000059100000
072014051063990000230000021900000
072014051063990000250000158300000
072014051063990000450001978500000
072014051069990000230000021900000
072014051069990000580000014300000
072014051010490000480000006400000
072014051011190000380001026400000
072014051011190000450003849600000
072014051011490000210000005400000
072014051011490000440000018800000
072014051011490000500000005900000
072014051011490001860000048200000
072014051011490002110004246700000
072014051011890000170000010600000
072014051011890000210000004000000
072014051011890001860000049200000
072014051012190000160000007000000
072014051012390000020000015600000
072014051012390000110000223200000
072014051012390000490000014000000
072014051012990000040004305800000
072014051012990000560000008100000
072014051012990001860000184100000
072014051014190000500000027500000
072014051019990000230000207200000
072014051019990000250001500800000
072014051019990000370000456100000
072014051022290000440000009500000
072014051024490000580000003000000
072014051024490000670000007300000
072014051024490002480000004800000
072014051025090000120007858800000
072014051025090000370000043600000
072014051025090000390000035800000
072014051025090000480000010900000
072014051033390000560000004400000
072014051039990000120009900000000
072014051039990000440000024000000
072014051039990000560000004400000
072014051039990002130004898500000
072014051049990000280000497400000
072014051049990000480000008400000
072014051049990000560000007500000
072014051049990001610000557600000
072014051049990002630002792200000
072014051053590000020000058300000
072014051053590000210000012100000
072014051053590000480000027400000
072014051053590000670000083200000
072014051053890000030006299400000
072014051053890000110000362600000
072014051053890000390000023100000
072014051063990000490000047100000
072014051069990000040001757700000
072014051069990000530000386100000
072014051070290000220000025800000
072014051070290000450001050000000
072014051070290000480000002400000
072014051010490000410000111900000
072014051010490001470000179600000
072014051010490001860000024200000
072014051011190000120011124900000
072014051011190000200000064000000
072014051011190000250000243800000
072014051011190000410000218600000
072014051011190000500000036100000
072014051011190000560000012200000
072014051011190000580000034700000
072014051011190001860000066400000
072014051011490000030007729000000
072014051011490000220000035900000
072014051011490000470000022200000
072014051011890000040002172700000
072014051011890000200000028800000
072014051011890000450001930400000
072014051012190000090000004700000
072014051012190000370000023000000
072014051012190000400000007300000
072014051012190000670000018500000
072014051012190002490000006900000
072014051012390001860000026100000
072014051012990000070000007800000
072014051012990000670000102400000
072014051012990002110005905900000
072014051014190000120024645600000
072014051014190000400000032400000
072014051019990000020000268700000
072014051019990002110031120100000
072014051022290000250000100400000
072014051022290000670000012100000
072014051022290001260000019900000
072014051025090000410000251000000
072014051029990000080000556700000
072014051029990000390000048800000
072014051029990000500000017900000
072014051029990002120004332600000
072014051033390000480000018500000
072014051033390001690000139200000
072014051033390001860000056500000
072014051039990000170000013300000
072014051039990000180000008000000
072014051039990000370000087900000
072014051040790000030007422300000
072014051040790000070000010700000
072014051040790000210000022100000
072014051040790001610000557600000
072014051049990000210000022100000
072014051049990000370000051500000
072014051053590000080000435900000
072014051053590001860000086400000
072014051053890000200000063600000
072014051010490000050000005200000
072014051010490000070000005300000
072014051010490000140000018100000
072014051010490000500000006400000
072014051011190000370000062100000
072014051011190000490000042400000
072014051011490000200000022200000
072014051011490000390000017900000
072014051011490000530000291200000
072014051011490000560000004200000
072014051011890000280000237200000
072014051012190000110000167000000
072014051012190000250000115900000
072014051012190000530000091400000
072014051012390000250000093900000
072014051012390000280000076900000
072014051012390000580000005900000
072014051012390002490000015000000
072014051012990000140000054000000
072014051012990000490000048300000
072014051019990000040019111100000
072014051019990000380004546200000
072014051019990000410001674800000
072014051019990000500000140000000
072014051024490000080000032700000
072014051024490000500000001700000
072014051025090000450003329500000
072014051029990000110001343100000
072014051029990000210000011700000
072014051029990000470000046000000
072014051029990001860000092800000
072014051029990002370000117400000
072014051033390001480000363900000
072014051040790000180000015300000
072014051040790000200000064600000
072014051040790000410000209800000
072014051040790000440000026100000
072014051040790001860000074600000
072014051049990000220000045900000
072014051049990000410000209800000
072014051049990000470000044300000
072014051049990002450000019400000
072014051053890000090000023800000
072014051059990000250000483700000
072014051059990000670000172700000
072014051063990000170000037000000
072014051063990000200000031500000
072014051063990000500000015000000
072014051063990000530000386100000
072014051069990000110000644200000
072014051070290000050000002900000
072014051070290000090000005500000
072014051070290000230000010800000
072014051011490000110000324100000
072014051011490000230000017100000
072014051011890000220000044500000
072014051011890000410000199600000
072014051011890002360000039600000
072014051012190000020000011900000
072014051012190000070000002500000
072014051012190000120006070700000
072014051012190000200000013700000
072014051012190000390000017800000
072014051012390000030007367100000
072014051012390000470000022800000
072014051012990000090000020900000
072014051012990000220000067600000
072014051012990000390000025800000
072014051012990000450003443700000
072014051014190000480000041200000
072014051014190000490000045600000
072014051019990000030069332200000
072014051019990000400000130200000
072014051022290000030002302800000
072014051029990000450004389600000
072014051029990000560000007200000
072014051033390000120009900000000
072014051033390000200000040200000
072014051033390000380000004200000
072014051033390001270000014600000
072014051039990000080000383100000
072014051040790000390000022000000
072014051040790000560000007500000
072014051049990000110000619800000
072014051049990000200000064600000
072014051049990001280001960200000
072014051053590000070000018500000
072014051053590000220000032500000
072014051053590001300000037300000
072014051053890000440000022200000
072014051059990000230000121200000
072014051059990000410000515100000
072014051059990000480000042400000
072014051063990000280000118700000
072014051063990000420000034500000
072014051069990000070000008600000
072014051070290000030005078600000
072014051070290000440000015600000
072014051070290002170001278300000
072014051071390000220000028400000
072014051071390000280000068900000
072014051071390000440000019600000
072014051071690000390000005100000
072014051071690000500000005300000
072014051071990000140000009200000
072014051074590000050000004400000
072014051069990000250000158300000
072014051069990000500000015000000
072014051070290000040001066800000
072014051070290000390000011700000
072014051070290000410000087800000
072014051071390000170000007700000
072014051071690000490000004100000
072014051071990000050000002800000
072014051071990000160000005600000
072014051071990000250000044100000
072014051079990000050000013900000
072014051079990000480000016600000
072014051079990000580000040300000
072014051080590000180000003600000
072014051080590000500000003100000
072014051080990000230000014700000
072014051082490000080000162900000
072014051082490000500000006900000
072014051083790000370000015200000
072014051084090000250000022300000
072014051084090000500000002800000
072014051084290000220000005000000
072014051084790000180000006600000
072014051084990000370000008600000
072014051084990000670000006200000
072014051089990000210000022200000
072014051089990001580000872100000
072014051090890000040002612200000
072014051090890000210000089700000
072014051090890000390000097600000
072014051090890000500000080700000
072014051091790000140000022800000
072014051091790000160000008100000
072014051091790000200000033400000
072014051091790000560000005900000
072014051091790000670000026300000
072014051091790001720000075700000
072014051091790002550000209600000
072014051092590000050000003000000
072014051092590000440000006600000
072014051094390000650003305800000
072014051094390002440000012600000
072014051099990001860000440200000
072014051100690000160000008600000
072014051101090000080000104800000
072014051101090000140000012000000
072014051101090000280000063300000
072014051101090000370000017400000
072014051109990000090000012100000
072014051109990000170000011700000
072014051109990000450001882800000
072014051109990000480000010100000
072014051111590000120008635300000
072014051111590000160000029300000
072014051053590000410000300500000
072014051053590001870002892100000
072014051053890000020000035100000
072014051053890000080000624000000
072014051059990000560000018500000
072014051059990000580000043000000
072014051063990000210000006300000
072014051063990000410000160300000
072014051063990002160001929300000
072014051069990000200000031500000
072014051070290000080000139400000
072014051070290000400000008700000
072014051071390000110000346300000
072014051071390000500000007000000
072014051071390000560000002500000
072014051071390000670000023700000
072014051071390001570000113400000
072014051071690000070000001200000
072014051071690000380000001500000
072014051071690000470000007800000
072014051071990000580000011800000
072014051080590000030003082700000
072014051080590000040000540800000
072014051080590000120001300600000
072014051080590000170000003300000
072014051080590000440000011000000
072014051080590000450000346600000
072014051080590001580000049800000
072014051080590001860000009800000
072014051080990000030005159100000
072014051080990000200000028100000
072014051080990000250000095500000
072014051080990000470000014700000
072014051082490000020000125500000
072014051082490000530000335500000
072014051083490000220000014800000
072014051083490000490000009200000
072014051083490000580000003300000
072014051083790000410000067900000
072014051083790000490000015300000
072014051084090000110000122100000
072014051084090000120001267700000
072014051084090000160000004300000
072014051084090000180000002400000
072014051084090000410000031800000
072014051084290000380000000600000
072014051084290000440000002600000
072014051084790000030007102000000
072014051084790000250000132800000
072014051084790000420000036200000
072014051084790000450001616200000
072014051084790000500000007600000
072014051084990000380000001200000
072014051089990000410000590700000
072014051059990000160000056100000
072014051059990001710000342400000
072014051063990000040001757700000
072014051063990000580000014300000
072014051063990001860000041500000
072014051069990000020000043700000
072014051069990000030007460600000
072014051069990000170000037000000
072014051069990002160001929300000
072014051070290000120004108200000
072014051070290000180000004700000
072014051070290000210000002000000
072014051070290000420000019400000
072014051070290001330000004900000
072014051071390000050000002600000
072014051071390000250000097100000
072014051071390000450000889500000
072014051071390001330000005000000
072014051071690000170000003000000
072014051071690000180000001400000
072014051071690000220000013700000
072014051071990000200000011400000
072014051071990001330000003400000
072014051071990001570000097100000
072014051074590000090000010000000
072014051074590002170002021900000
072014051079990000160000037500000
072014051079990000670000099200000
072014051080590000390000005300000
072014051080990000160000007500000
072014051080990000380000002700000
072014051080990001320000006300000
072014051082490000140000017500000
072014051082490000370000035600000
072014051083490000440000005200000
072014051083790000070000047300000
072014051083790000230000011700000
072014051083790000420000020200000
072014051083790000670000015200000
072014051084090000670000007100000
072014051084090001860000012700000
072014051084290000020000003600000
072014051084290000050000001300000
072014051084290000110000076000000
072014051089990000160000052600000
072014051091790000050000006300000
072014051091790000400000008400000
072014051092590000220000008900000
072014051092590000410000045600000
072014051094390000500000010500000
072014051094390001910005698000000
072014051094390002620000967300000
072014051099990000030024669800000
072014051099990000160000104900000
072014051059990000420000111800000
072014051063990000030007460600000
072014051063990000090000012200000
072014051063990001500000280000000
072014051069990000450001978500000
072014051069990000560000003600000
072014051070290000020000012800000
072014051070290000580000007100000
072014051071690000120002456900000
072014051071990000180000003200000
072014051071990000500000003600000
072014051074590001330000008200000
072014051079990000370000105400000
072014051079990000420000085700000
072014051080590000200000008300000
072014051080590000250000030000000
072014051080990000090000008400000
072014051080990000210000002600000
072014051080990000530000442700000
072014051082490000220000021300000
072014051082490000390000028200000
072014051082490000410000144900000
072014051082490001860000029600000
072014051083490000370000009600000
072014051083490000530000145800000
072014051083790000030005386200000
072014051083790000170000010900000
072014051083790000210000003700000
072014051083790001580000147600000
072014051083790002180000887100000
072014051084090000200000007100000
072014051084290000180000001400000
072014051084290000210000001200000
072014051084790000530000720900000
072014051084990000170000003500000
072014051084990001320000002000000
072014051089990000050000025900000
072014051089990000070000229400000
072014051089990000140000119600000
072014051089990000370000145400000
072014051089990000470000094700000
072014051090890000160000081200000
072014051090890000370000336900000
072014051090890000560000047700000
072014051091790000650002374300000
072014051091790002620000575900000
072014051092590000020000006500000
072014051092590000030001269600000
072014051092590001860000018500000
072014051092590001910004323000000
072014051092590002550000088600000
072014051094390000390000016100000
072014051099990000090000114800000
072014051099990000470000183300000
072014051069990001310000009900000
072014051071390000490000010400000
072014051071690000030003418000000
072014051071690000210000001100000
072014051071690000440000009900000
072014051071690000530000084600000
072014051071690000560000001500000
072014051071990000020000008600000
072014051071990000230000007700000
072014051071990000280000054100000
072014051071990000410000061300000
072014051071990000420000016400000
072014051071990000530000247100000
072014051074590000160000012400000
072014051074590000170000027700000
072014051074590000280000109200000
072014051074590000380000005700000
072014051074590001570000139600000
072014051079990000110001588300000
072014051079990000230000060200000
072014051080590000230000006200000
072014051080590000470000005700000
072014051080590000530000150900000
072014051080990000120002823600000
072014051080990002180001159800000
072014051082490000560000003100000
072014051083490000140000008500000
072014051083490000230000007800000
072014051083490000250000078600000
072014051083490001860000012100000
072014051083490002180000612400000
072014051083790000480000003300000
072014051084090000030002342000000
072014051084090000390000008300000
072014051084090000580000003600000
072014051084090001580000079000000
072014051084290001860000006200000
072014051084790000050000004900000
072014051084790000220000047300000
072014051084990000090000002200000
072014051084990000140000008400000
072014051084990000480000003900000
072014051089990000030036222300000
072014051089990000200000137700000
072014051089990000390000144700000
072014051089990000560000022300000
072014051089990001860000190200000
072014051090890001600000662700000
072014051091790001860000058300000
072014051092590000090000004900000
072014051092590000280000027500000
072014051094390000280000100700000
072014051099990000020000154900000
072014051099990000230000178600000
072014051079990000020000061700000
072014051079990000280000329400000
072014051079990001860000118800000
072014051080590000280000021100000
072014051080590000370000008100000
072014051080590000490000005200000
072014051080990000390000021900000
072014051080990000420000029000000
072014051082490000160000009800000
072014051082490000170000008200000
072014051083490000080000044400000
072014051083490000170000003400000
072014051083790000160000008300000
072014051084090000230000005400000
072014051084090000370000008400000
072014051084990000020000010000000
072014051084990000530000102100000
072014051084990000560000001400000
072014051084990000580000001600000
072014051089990000040008037000000
072014051089990000220000168000000
072014051090890000200000290300000
072014051091790000530000039300000
072014051092590000160000004500000
072014051094390000030002602300000
072014051094390000180000009900000
072014051094390000380000010300000
072014051094390000560000006400000
072014051099990000410001367400000
072014051099990002550003202200000
072014051100690000410000089200000
072014051100690000450001024400000
072014051100690002390000030300000
072014051101090000050000005700000
072014051101090000470000008800000
072014051109990000180000010900000
072014051111590000180000016600000
072014051111590000280000212000000
072014051111590002020004744300000
072014051112790000280000041400000
072014051112790000410000073100000
072014051112790000670000023000000
072014051113290000070000002400000
072014051113290000450000652700000
072014051113290000470000007200000
072014051113290000560000002500000
072014051113690000280000201200000
072014051113690000370000082900000
072014051113690000390000025400000
072014051113690000560000013600000
072014051113690001510000265700000
072014051119990000030035906800000
072014051119990000070000027600000
072014051119990000120022219500000
072014051071690000420000006600000
072014051071690000450000412900000
072014051071990000080000094000000
072014051071990002170000802900000
072014051074590000030008882800000
072014051074590000080000261900000
072014051074590000200000033200000
072014051074590000410000113100000
072014051074590000450001444100000
072014051074590000530000351800000
072014051079990000070000018200000
072014051079990000080000663500000
072014051079990000170000048400000
072014051079990000220000140600000
072014051079990000410000376000000
072014051079990000530001045100000
072014051080590000580000002400000
072014051080590001320000002300000
072014051080990000040001271800000
072014051082490000670000021300000
072014051083490000040000513700000
072014051083490000110000130100000
072014051083490000390000007500000
072014051083490000410000045800000
072014051083490000420000009400000
072014051083790000020000018700000
072014051083790000090000006100000
072014051083790000390000011100000
072014051083790000560000004800000
072014051084090000050000001200000
072014051084090000170000003000000
072014051084090000420000008900000
072014051084290000080000012900000
072014051084290000400000001500000
072014051084290000580000001600000
072014051084790000070000015100000
072014051084790000160000011100000
072014051084790000380000004500000
072014051084990000050000001600000
072014051084990000110000136300000
072014051084990000440000009600000
072014051084990001580000027700000
072014051090890000400000075900000
072014051090890001720000542000000
072014051090890002380000945500000
072014051090890002440000077000000
072014051091790001850000827600000
072014051092590000210000002800000
072014051092590000500000010900000
072014051092590001960000918400000
072014051094390000210000008800000
072014051094390000220000021900000
072014051094390000530000086100000
072014051094390000670000037500000
072014051063990000670000035700000
072014051069990000120005225000000
072014051069990000380000003200000
072014051069990000390000018700000
072014051070290000110000310300000
072014051070290000140000018100000
072014051071390000030006737700000
072014051071390000380000004400000
072014051071690000670000009300000
072014051071990000110000325700000
072014051074590000020000020600000
072014051074590000070000010000000
072014051074590000370000032100000
072014051079990000210000025000000
072014051079990000560000019000000
072014051080990000220000018000000
072014051080990000370000026400000
072014051080990000670000026900000
072014051080990001860000040100000
072014051082490000280000103000000
072014051082490000380000002300000
072014051082490000490000021200000
072014051083490000030002712600000
072014051083490000210000000900000
072014051083490000480000004400000
072014051083790000220000015400000
072014051083790000450000750900000
072014051083790000530000339700000
072014051084090000080000045400000
072014051084090002180000438300000
072014051084290000070000001000000
072014051084290000560000000600000
072014051084790000170000034300000
072014051084790000280000093300000
072014051084790000370000029400000
072014051084790000390000044400000
072014051084790000480000030800000
072014051084990000030003007600000
072014051084990000080000036000000
072014051084990000160000003800000
072014051084990000280000021600000
072014051084990000400000002800000
072014051089990000020000228500000
072014051089990000400000056400000
072014051090890000230000136600000
072014051090890000530000624200000
072014051091790000180000005300000
072014051091790000210000009900000
072014051091790000480000005100000
072014051094390000040000344900000
072014051094390001960001852000000
072014051099990000200000372800000
072014051099990000440000158200000
072014051099990000500000108400000
072014051071990000400000008400000
072014051071990000450000743600000
072014051074590000490000021400000
072014051079990000140000071700000
072014051079990000250000322200000
072014051080590000090000003200000
072014051080590000400000005600000
072014051080990000110000344900000
072014051080990000140000017600000
072014051080990000280000071400000
072014051080990000480000033200000
072014051080990000490000042300000
072014051080990000500000006500000
072014051082490000440000018100000
072014051083490000050000000700000
072014051083490000450000439000000
072014051083790000110000362300000
072014051083790000120002956700000
072014051083790000280000058800000
072014051084090000070000002500000
072014051084090000480000003000000
072014051084090000490000008500000
072014051084090001320000002500000
072014051084290000470000002700000
072014051084290002180000187900000
072014051084990000180000001700000
072014051084990000200000008000000
072014051084990000470000004700000
072014051089990000120022561500000
072014051089990000230000086000000
072014051089990000440000111100000
072014051090890000670000339200000
072014051090890001850013013200000
072014051091790000020000012900000
072014051091790000370000033000000
072014051091790000380000012100000
072014051092590000140000014600000
072014051092590000470000006900000
072014051092590002620000305600000
072014051094390000230000018000000
072014051094390000370000041300000
072014051094390000400000014700000
072014051094390001860000034200000
072014051099990000480000048300000
072014051101090000160000006200000
072014051101090000500000005800000
072014051101090002210000919500000
072014051101090002390000026500000
072014051109990000140000027000000
072014051109990000250000155700000
072014051109990000370000051800000
072014051109990001640000229500000
072014051111590000220000033600000
072014051111590000380000008400000
072014051059990000370000184800000
072014051059990000530000479300000
072014051063990000050000004800000
072014051063990000160000014100000
072014051069990000080000239300000
072014051069990000160000014100000
072014051069990000280000118700000
072014051069990000490000047100000
072014051070290000370000027400000
072014051070290000380000002500000
072014051070290000560000002100000
072014051070290000670000020900000
072014051071390000040001278700000
072014051071390000180000005200000
072014051071390000530000172000000
072014051071990000470000011000000
072014051074590000120006474300000
072014051079990000380000017400000
072014051079990000400000043200000
072014051079990000440000105100000
072014051079990000470000082600000
072014051079990001570000572200000
072014051080590000070000002600000
072014051080590000380000001500000
072014051080590000420000010700000
072014051080990000050000005100000
072014051080990000400000013400000
072014051080990001580000165000000
072014051082490000090000007100000
072014051082490000230000011300000
072014051082490000400000006500000
072014051083490000070000004100000
072014051083490000090000003100000
072014051083490000120001788500000
072014051083490000200000011600000
072014051083490000470000007900000
072014051083490000670000010600000
072014051083790000440000013300000
072014051084090000470000005600000
072014051084090000560000001400000
072014051084290000090000001300000
072014051084290000140000003400000
072014051084290000480000000700000
072014051084290001320000000600000
072014051084290001580000021000000
072014051084790000020000024600000
072014051084790000670000039800000
072014051084990000250000029100000
072014051084990001860000010200000
072014051089990000530002408200000
072014051090890000480000034500000
072014051091790000030001569700000
072014051091790000280000053800000
072014051092590000200000016300000
072014051069990001860000041500000
072014051070290000070000001700000
072014051071390000580000007200000
072014051071690000020000005500000
072014051071690000080000037700000
072014051071690000110000101400000
072014051071690000370000008500000
072014051071690000580000002600000
072014051071690001330000002600000
072014051074590000140000020400000
072014051074590000400000014400000
072014051079990000040005144100000
072014051079990001330000024100000
072014051080590000020000008300000
072014051080590000210000001900000
072014051080590000670000008900000
072014051080990000560000003800000
072014051082490000480000003300000
072014051083490000560000000900000
072014051083790000080000069700000
072014051084090000220000015300000
072014051084090000280000028000000
072014051084090000530000121300000
072014051084290000160000001800000
072014051084290000200000003800000
072014051084290000230000002200000
072014051084290000530000049300000
072014051084790000040002077200000
072014051084790000400000010400000
072014051084990000120001764300000
072014051084990000390000006200000
072014051084990000410000034800000
072014051089990000080000700700000
072014051089990000380000019000000
072014051089990000450007867300000
072014051089990000490000135800000
072014051089990002180008008100000
072014051090890000050000063700000
072014051090890000180000047000000
072014051090890000650028901100000
072014051091790002500000113200000
072014051092590000230000009100000
072014051092590000400000003500000
072014051092590000560000001000000
072014051092590001290004040700000
072014051092590002380000043700000
072014051094390000440000019700000
072014051094390001850001537800000
072014051099990000210000111200000
072014051099990001910054909600000
072014051099990002500001943900000
072014051100690000090000007700000
072014051100690000400000009300000
072014051100690000500000009000000
072014051071390000080000130500000
072014051071390000140000017200000
072014051071690000480000001300000
072014051071690002170000555700000
072014051074590000470000040600000
072014051074590000500000010900000
072014051079990000030026952600000
072014051079990000090000027400000
072014051080590000220000019000000
072014051080590000560000001600000
072014051080990000020000019700000
072014051082490000050000005700000
072014051082490000120005086300000
072014051082490000180000004600000
072014051082490000470000011800000
072014051083490000020000010600000
072014051083490000160000003300000
072014051083490000500000002400000
072014051083790000050000002700000
072014051083790000470000010800000
072014051083790001860000020800000
072014051084090000040000574900000
072014051084090000450000537400000
072014051084290000410000017600000
072014051084290000490000003900000
072014051084790000210000005600000
072014051084790000440000028700000
072014051084990000450000682000000
072014051084990000490000005800000
072014051084990000500000002600000
072014051084990002180000518100000
072014051089990000110002574500000
072014051089990000250000569700000
072014051089990001320000040800000
072014051090890000020000120000000
072014051090890000030019228200000
072014051090890000470000146000000
072014051091790000230000014900000
072014051091790000410000075600000
072014051091790000470000012100000
072014051091790001290007771000000
072014051092590000070000002700000
072014051092590001720000039500000
072014051092590002500000087000000
072014051099990001720000724800000
072014051099990002380001148000000
072014051100690000220000024400000
072014051100690000580000009100000
072014051101090000090000004400000
072014051109990000110000385300000
072014051109990000200000045300000
072014051109990000220000040100000
072014051109990001340000010100000
072014051111590000040001547000000
072014051053890000280000239000000
072014051053890000370000071900000
072014051053890001710000188300000
072014051059990000200000156800000
072014051069990000220000036100000
072014051069990000370000048500000
072014051070290000500000005500000
072014051071390000160000008500000
072014051071390000210000003500000
072014051071390000390000016400000
072014051071690000230000006000000
072014051071690000400000001500000
072014051071690001860000009800000
072014051071990000480000004100000
072014051074590000250000086300000
072014051074590000560000009400000
072014051074590000580000011600000
072014051074590001860000034100000
072014051079990000180000019500000
072014051079990000390000078100000
072014051079990000500000032300000
072014051080590000110000151300000
072014051080990000080000109800000
072014051080990000410000079800000
072014051080990000450001355300000
072014051082490000200000027100000
072014051082490000580000007000000
072014051082490001320000014000000
072014051083490000400000003800000
072014051083790000040001105100000
072014051083790000140000015500000
072014051083790000250000054700000
072014051083790000380000003000000
072014051083790000500000013300000
072014051083790001320000004600000
072014051084090000440000008500000
072014051084290000250000016500000
072014051084290000390000011800000
072014051084790000140000031700000
072014051084790000580000009700000
072014051084790001320000005400000
072014051084790001580000211800000
072014051084790001860000048700000
072014051084990000220000011900000
072014051084990000230000004900000
072014051089990000090000046700000
072014051089990000180000032700000
072014051089990000420000155200000
072014051089990000500000047200000
072014051089990000580000047000000
072014051090890000280001077100000
072014051090890000410001120100000
072014051091790000440000015100000
072014051091790002380000074500000
072014051070290001570000166700000
072014051070290001860000027200000
072014051071390000090000005000000
072014051071390000400000010200000
072014051071690000140000006800000
072014051071990000040000799200000
072014051071990000090000004200000
072014051071990000210000004400000
072014051071990000440000013700000
072014051074590000220000051800000
072014051079990002170006196100000
072014051080590000050000002700000
072014051080590000140000010500000
072014051080590000410000029900000
072014051080990000180000005800000
072014051082490000030006103000000
072014051082490000040001275400000
072014051082490000210000002500000
072014051082490001580000122300000
072014051083790000180000004300000
072014051084090000020000007500000
072014051084090000090000003200000
072014051084090000140000006500000
072014051084290000120000702800000
072014051084290000670000004300000
072014051084790000110000704600000
072014051084790000200000030100000
072014051084790000470000030800000
072014051084790000490000024400000
072014051084990000210000001700000
072014051089990000670000140300000
072014051090890000090000089000000
072014051090890002500001559100000
072014051091790000390000009400000
072014051091790001600000040200000
072014051092590000530000035800000
072014051092590001850000416200000
072014051094390000140000032000000
072014051094390000410000126100000
072014051094390000470000018300000
072014051094390001290006170700000
072014051099990000050000077300000
072014051099990000220000199200000
072014051099990000380000112900000
072014051100690000040001348900000
072014051100690000250000069700000
072014051100690002210001548700000
072014051101090001340000003800000
072014051109990000070000005700000
072014051109990000580000019400000
072014051109990002210002468200000
072014051111590000530000429700000
072014051112790000160000008200000
072014051113290000090000023800000
072014051074590000110000504600000
072014051074590000230000022200000
072014051074590000390000023200000
072014051074590000420000024700000
072014051074590000480000005600000
072014051074590000670000032600000
072014051079990000200000091600000
072014051080590000080000038200000
072014051080590000160000002700000
072014051080990000070000008000000
072014051082490000070000110200000
072014051082490000250000110200000
072014051083490000180000002300000
072014051083490000380000001100000
072014051083790000400000006900000
072014051083790000580000009100000
072014051084090000380000002100000
072014051084090000400000005500000
072014051084290000030001327100000
072014051084290000170000002100000
072014051084290000370000004100000
072014051084290000500000002000000
072014051084790000080000181400000
072014051084790000120004871000000
072014051084790000230000021800000
072014051084790000560000004700000
072014051084790002180002148200000
072014051084990000040000474700000
072014051089990000170000082500000
072014051090890000380000086900000
072014051090890000440000116800000
072014051090890001860000329200000
072014051091790000040000201400000
072014051091790000070000003600000
072014051091790000090000009500000
072014051091790000500000006300000
072014051091790001910007266500000
072014051092590000370000018400000
072014051094390000020000015500000
072014051094390000160000011100000
072014051094390000200000032800000
072014051099990001600000791900000
072014051100690000210000098600000
072014051100690000480000006700000
072014051100690001340000006300000
072014051101090000220000015700000
072014051101090000380000002600000
072014051101090000530000137100000
072014051109990000500000014800000
072014051111590000070000008500000
072014051111590000450003810600000
072014051112790000070000003300000
072014051112790000220000012600000
072014051113290000380000002700000
072014051111590000230000052300000
072014051111590000370000101300000
072014051111590001880000408300000
072014051112790000140000017600000
072014051112790002510000087900000
072014051113290000110000150800000
072014051113290000370000019600000
072014051113290002020000871400000
072014051113290002400000037000000
072014051113690000040001269800000
072014051113690000220000041400000
072014051119990000530000789800000
072014051119990000580000064400000
072014051122890000110010680700000
072014051122890000140000217800000
072014051129990000120042059400000
072014051129990000140000217800000
072014051133190000070000012500000
072014051139990000280000117100000
072014051139990000500000015700000
072014051139990000560000004800000
072014051140190000180000004000000
072014051140190002530000005800000
072014051142090000390000006100000
072014051142090000420000050100000
072014051144890000040001316900000
072014051144890000140000038200000
072014051144890000280000156800000
072014051144890000380000006500000
072014051149990000670000206500000
072014051153090000180000014400000
072014051159990000120008861700000
072014051159990000220000067200000
072014051159990000250000329700000
072014051159990000400000026400000
072014051162690000020000011200000
072014051169990000140000016500000
072014051169990000400000007100000
072014051169990000410000086600000
072014051169990000500000004600000
072014051170390000070000018500000
072014051170390000200000111400000
072014051170390000500000043900000
072014051171290000050000006100000
072014051171290000120004632800000
072014051171290000210000006400000
072014051171290000280000240100000
072014051174690000250000728100000
072014051174690000410000883700000
072014051179990000040014952900000
072014051179990000560000038400000
072014051179990002640014456400000
072014051185190000030000634600000
072014051185190000210000000500000
072014051089990000480000084300000
072014051090890000070000049200000
072014051090890000140000246600000
072014051090890000220000149000000
072014051090890001910037622100000
072014051090890001960021503200000
072014051090890002620009850800000
072014051091790001960001641600000
072014051092590000040000110100000
072014051092590000180000003500000
072014051092590000390000009000000
072014051094390000090000011400000
072014051094390000480000006700000
072014051099990000040003268600000
072014051101090000560000109100000
072014051101090000580000010300000
072014051101090001860000021600000
072014051109990000080000255500000
072014051109990000390000018100000
072014051111590000200000070200000
072014051111590000390000028800000
072014051111590000560000006500000
072014051111590000580000027900000
072014051112790000040000376000000
072014051113690000030011465600000
072014051113690000140000045100000
072014051113690000210000010800000
072014051113690001680003145800000
072014051122890000180000054300000
072014051122890000530008140500000
072014051129990000050000087400000
072014051129990000170000153100000
072014051129990000390000242300000
072014051129990001860000515000000
072014051133190000440000011200000
072014051139990000180000008100000
072014051139990000400000013600000
072014051140190000220000004900000
072014051142090000120003244200000
072014051142090000180000006900000
072014051142090002530000015400000
072014051144890002610002803600000
072014051149990000020000079100000
072014051149990000140000065700000
072014051149990000400000031700000
072014051149990001380000078500000
072014051153090000070000007200000
072014051153090000370000068500000
072014051153090000380000013600000
072014051159990000030016011700000
072014051159990000160000041800000
072014051159990000500000023100000
072014051162690000120002716600000
072014051162690000220000015000000
072014051099990000530000785400000
072014051099990000560000061000000
072014051099990001960025915200000
072014051099990002620011699600000
072014051100690000120009575500000
072014051101090000020000014600000
072014051101090000120005598300000
072014051101090000670000019300000
072014051109990000120015173800000
072014051109990000380000006800000
072014051109990000490000022900000
072014051109990000670000038300000
072014051111590000050000018000000
072014051112790000560000002900000
072014051113290000440000008700000
072014051113290002560000100000000
072014051119990000110001648400000
072014051119990000200000176800000
072014051119990000440000068200000
072014051119990000500000087400000
072014051119990001860000206300000
072014051122890000080002824700000
072014051122890000370000346800000
072014051122890000470000415500000
072014051129990000230000218500000
072014051129990000500000082900000
072014051129990000670000365300000
072014051133190000090000015300000
072014051133190000110000388900000
072014051133190000230000024100000
072014051139990000200000046300000
072014051140190000470000008200000
072014051142090000230000016000000
072014051144890000390000014200000
072014051144890000420000073800000
072014051149990000380000010900000
072014051149990002530000047300000
072014051153090000030016011700000
072014051153090000200000063600000
072014051159990000280000249400000
072014051159990000480000018600000
072014051162690000040001032100000
072014051162690000480000002700000
072014051162690001390000008100000
072014051169990000090000004200000
072014051169990000280000063300000
072014051169990000480000002700000
072014051170390002580000712300000
072014051171290000020000025100000
072014051171290000500000028100000
072014051171290000530000251000000
072014051171290001410000170800000
072014051174690001410000406900000
072014051179990000170000231600000
072014051099990001850015794800000
072014051100690000200000021900000
072014051100690000670000019000000
072014051101090000180000003900000
072014051101090000210000147800000
072014051101090000230000011600000
072014051101090000410000064200000
072014051101090000480000003400000
072014051109990000400000018700000
072014051111590002510000364000000
072014051112790000440000008500000
072014051112790001510000051300000
072014051112790001860000021600000
072014051112790002020001065300000
072014051113290000400000004900000
072014051113290001880000197800000
072014051113290002510000077300000
072014051113690000070000013400000
072014051113690000200000067900000
072014051113690000580000024700000
072014051119990000050000041800000
072014051119990000180000044000000
072014051122890000120042059400000
072014051129990000470000415500000
072014051133190000160000016200000
072014051133190000280000117100000
072014051133190000390000015600000
072014051139990000070000012500000
072014051139990000110000388900000
072014051139990000220000016800000
072014051139990002570000195400000
072014051149990000030007758300000
072014051149990000470000057700000
072014051153090000480000018600000
072014051153090000670000140500000
072014051159990000020000054600000
072014051159990002250004186000000
072014051162690000110000259300000
072014051162690000160000006400000
072014051169990000390000008100000
072014051170390000020000081300000
072014051170390000170000075600000
072014051170390001860000127600000
072014051170390002640005035300000
072014051171290002270001767700000
072014051174690000170000123500000
072014051174690000220000203800000
072014051174690000280000681800000
072014051174690000400000067000000
072014051179990000120037954100000
072014051179990000370000473200000
072014051179990000470000223600000
072014051185190000020000001100000
072014051195290000030000639200000
072014051099990000370000429600000
072014051099990000400000102500000
072014051100690000070000002000000
072014051100690000080000150700000
072014051100690000110000220900000
072014051100690000140000015000000
072014051100690000370000034400000
072014051100690000470000011300000
072014051101090000170000005300000
072014051101090000400000009400000
072014051109990000030013940400000
072014051109990000040002138000000
072014051109990000560000211400000
072014051109990001860000048100000
072014051111590000140000057700000
072014051111590002400000133500000
072014051112790000020000021300000
072014051112790000580000005900000
072014051113290000480000006300000
072014051113290000670000024800000
072014051113690001880000284700000
072014051119990000040003544500000
072014051119990000390000073200000
072014051119990001880000981200000
072014051119990002510000799900000
072014051122890000020000211800000
072014051122890000280001656900000
072014051122890000440000428800000
072014051122890000500000082900000
072014051122890002420000511300000
072014051129990000200000292800000
072014051129990000370000346800000
072014051129990000480000090600000
072014051129990001590004447700000
072014051133190000210000008100000
072014051133190000220000016800000
072014051133190000560000004800000
072014051139990002260002070400000
072014051140190000040000483400000
072014051140190000070000003300000
072014051140190000160000006500000
072014051140190000390000005900000
072014051140190000500000005200000
072014051140190001860000032500000
072014051140190002600000112200000
072014051142090000020000022300000
072014051142090000070000005600000
072014051142090000110000158200000
072014051142090000210000011600000
072014051142090000410000118500000
072014051144890000410000221700000
072014051144890002520000391800000
072014051149990000210000035500000
072014051149990000390000026200000
072014051122890000490000257000000
072014051129990000030066524400000
072014051133190000580000011400000
072014051133190002570000195400000
072014051139990000140000027500000
072014051139990000230000024100000
072014051139990001670004412900000
072014051140190000200000019500000
072014051140190000380000001900000
072014051140190000480000006000000
072014051140190002610000944000000
072014051142090000030001883700000
072014051142090000090000023700000
072014051142090001900005822800000
072014051144890000440000008900000
072014051149990000050000017900000
072014051149990000410000406800000
072014051149990001900020898700000
072014051153090000170000026600000
072014051153090000410000289300000
072014051153090000470000080600000
072014051153090000530000999400000
072014051153090001540000380500000
072014051159990000370000068500000
072014051159990000420000061400000
072014051159990000450003242800000
072014051169990000170000013500000
072014051170390000400000043100000
072014051171290001630001269500000
072014051171290002430000070000000
072014051174690000120020356800000
072014051174690002270011177300000
072014051179990000500000129800000
072014051185190000050000000800000
072014051185190000070000000500000
072014051185190000090000000900000
072014051185190000410000006600000
072014051189990000110000037900000
072014051189990000170000001500000
072014051189990000670000006000000
072014051195290001430000000400000
072014051199990000530000085800000
072014051999990000370002932400000
072014051999990000520030226600001
072014051999990000580000830900000
072014051999990001860003283300000
072014051094390001600000063300000
072014051094390002380000084300000
072014051099990000140000316000000
072014051099990000670000419700000
072014051099990002440000105200000
072014051100690000020000014400000
072014051100690000440000013200000
072014051101090000200000023400000
072014051101090000250000086000000
072014051101090000390000008800000
072014051109990000230000027000000
072014051111590000400000022400000
072014051111590000410000306400000
072014051111590001680003233000000
072014051112790000090000026800000
072014051112790000110000143400000
072014051112790001350000011500000
072014051113290000020000016600000
072014051113290000040000351700000
072014051113290001860000018100000
072014051113690000440000025200000
072014051113690001860000082100000
072014051113690002020004028500000
072014051119990000380000023800000
072014051119990000470000075000000
072014051119990000560000025500000
072014051119990001680008039400000
072014051122890000030066524400000
072014051122890000040023511400000
072014051122890000210000204900000
072014051122890000390000242300000
072014051122890000450025252900000
072014051122890000480000090600000
072014051122890001860000515000000
072014051122890002230023466700000
072014051129990000040023511400000
072014051129990000530008140500000
072014051133190001860000092100000
072014051139990000250000246700000
072014051139990000530000348100000
072014051139990001370000041000000
072014051144890001650000570100000
072014051144890001860000082400000
072014051149990000110000626200000
072014051149990000480000018400000
072014051153090000050000012300000
072014051153090000140000060200000
072014051153090000500000023100000
072014051153090000560000005600000
072014051159990000070000007200000
072014051159990000090000025100000
072014051159990000230000033600000
072014051162690000050000004700000
072014051162690000080000086700000
072014051100690000280000094900000
072014051100690000490000013100000
072014051100690000560000102300000
072014051100690001640000125500000
072014051101090000040000789100000
072014051109990000160000014800000
072014051109990000530000379300000
072014051111590000480000032200000
072014051111590000670000095100000
072014051112790000030005531200000
072014051112790000200000021400000
072014051112790000230000012100000
072014051112790000380000003500000
072014051113290000530000072700000
072014051113690000470000027800000
072014051119990000230000130000000
072014051119990000400000055900000
072014051119990000480000061200000
072014051122890000200000292800000
072014051129990000080002824700000
072014051129990000090000092100000
072014051129990000280001656900000
072014051129990002230023466700000
072014051133190000530000348100000
072014051139990000050000004500000
072014051139990000670000068300000
072014051139990001860000092100000
072014051140190000090000013000000
072014051140190002200000672300000
072014051142090000160000009900000
072014051142090001380000030300000
072014051144890000050000011100000
072014051144890000180000014000000
072014051144890000200000061300000
072014051144890000530000229700000
072014051144890001660008290700000
072014051149990000220000021300000
072014051149990001860000159700000
072014051153090000020000054600000
072014051153090000230000033600000
072014051159990000410000289300000
072014051159990001540000380500000
072014051162690000440000010300000
072014051169990000070000003500000
072014051169990000210000003700000
072014051169990000220000015000000
072014051169990000250000093800000
072014051170390000370000200200000
072014051170390001740000057200000
072014051171290000410000207800000
072014051171290000470000035100000
072014051174690000030027189400000
072014051174690000200000153200000
072014051174690000210000032800000
072014051111590000470000030700000
072014051112790000050000005200000
072014051112790000120003095300000
072014051112790000480000006300000
072014051113290000030005732200000
072014051113290000160000006400000
072014051113290000280000050800000
072014051119990002560001112500000
072014051122890000400000153700000
072014051129990000250001322500000
072014051129990000400000153700000
072014051129990000440000428800000
072014051133190000040000997600000
072014051133190000140000027500000
072014051133190000250000246700000
072014051133190000420000078100000
072014051133190000500000015700000
072014051133190000670000068300000
072014051139990000470000073000000
072014051140190000210000009100000
072014051140190001650000307000000
072014051140190001900001826100000
072014051142090000480000004300000
072014051142090000670000050600000
072014051144890000020000042300000
072014051144890000030004174800000
072014051144890000220000010300000
072014051144890000470000030700000
072014051144890000500000017800000
072014051144890000670000106200000
072014051149990000280000313900000
072014051149990000500000035600000
072014051149990000560000016400000
072014051153090000390000046900000
072014051159990000050000012300000
072014051159990000490000035500000
072014051169990000050000004700000
072014051169990000180000004300000
072014051169990000380000002500000
072014051169990001860000023700000
072014051170390000670000142800000
072014051171290000250000150800000
072014051174690000230000097200000
072014051174690000370000220200000
072014051179990000400000123700000
072014051179990000410001553100000
072014051185190000200000002200000
072014051185190000440000002700000
072014051189990000030000634600000
072014051189990000070000000500000
072014051189990000390000001800000
072014051189990000500000000600000
072014051189990000560000000300000
072014051195290000050000000200000
072014051094390001720000067600000
072014051099990000070000059600000
072014051100690000170000006400000
072014051100690001860000026500000
072014051101090000450000858400000
072014051109990000020000029000000
072014051109990000210000246400000
072014051109990000410000153400000
072014051111590000030013177800000
072014051111590000210000013000000
072014051112790000470000009300000
072014051112790000500000008700000
072014051112790002400000035000000
072014051112790002560000106400000
072014051113290000050000004800000
072014051113290000120003002700000
072014051113290000210000002800000
072014051113290000220000014100000
072014051113290000230000014600000
072014051113690002510000270700000
072014051119990000450008519300000
072014051122890000380000059800000
072014051129990000160000162500000
072014051129990000220000422500000
072014051129990000490000257000000
072014051133190000030005485100000
072014051133190000120003162900000
072014051133190000410000142800000
072014051133190001370000041000000
072014051139990000160000016200000
072014051139990000390000015600000
072014051140190000020000014500000
072014051140190000400000005000000
072014051140190001380000013000000
072014051144890000090000044100000
072014051144890000160000016700000
072014051144890000480000008100000
072014051144890000560000006900000
072014051144890002600000380400000
072014051149990000160000033100000
072014051149990000200000110300000
072014051149990000420000148500000
072014051153090000110001546100000
072014051153090000120008861700000
072014051153090000400000026400000
072014051153090000420000061400000
072014051153090000490000035500000
072014051153090001400000020300000
072014051159990000180000014400000
072014051162690000090000004200000
072014051169990000490000021200000
072014051169990001520000149300000
072014051169990002410000023500000
072014051170390000090000058700000
072014051101090000070000003700000
072014051101090000440000010900000
072014051101090000490000009800000
072014051109990000050000012200000
072014051111590000020000048200000
072014051111590000090000084000000
072014051111590000110000790400000
072014051112790001680000890200000
072014051113290000390000009400000
072014051113290000500000010300000
072014051113690000090000088600000
072014051113690000160000024800000
072014051113690000400000022300000
072014051113690000530000229100000
072014051113690002560000484400000
072014051119990000020000137900000
072014051119990000210000029200000
072014051119990000220000101700000
072014051119990000410000762100000
072014051122890000230000218500000
072014051122890000560000097900000
072014051122890001590004447700000
072014051129990000020000211800000
072014051133190000180000008100000
072014051133190001890000555200000
072014051133190002260002070400000
072014051139990000210000008100000
072014051139990001890000555200000
072014051139990002650002032700000
072014051140190000050000002400000
072014051140190000120001613500000
072014051140190000530000094200000
072014051140190000670000049700000
072014051142090000040000706100000
072014051142090002610001517900000
072014051149990000040002506400000
072014051153090000220000067200000
072014051159990000470000080600000
072014051169990000230000006400000
072014051169990002220000932400000
072014051170390000230000085700000
072014051170390000410000461600000
072014051170390002460000041500000
072014051171290000370000052800000
072014051171290001740000028100000
072014051174690000560000017700000
072014051179990000070000046000000
072014051179990000280001350500000
072014051179990000390000180100000
072014051185190000230000002200000
072014051185190000250000011900000
072014051185190000500000000600000
072014051189990000020000001100000
072014051189990000120000354800000
072014051111590000500000035200000
072014051111590001350000047600000
072014051112790000210000002600000
072014051112790000370000023600000
072014051112790000400000006300000
072014051112790001880000090400000
072014051113290000410000072900000
072014051113290001680000770400000
072014051113690000410000309700000
072014051119990000160000068700000
072014051119990002020010709500000
072014051122890000220000422500000
072014051122890001360000129100000
072014051129990000110010680700000
072014051129990000210000204900000
072014051129990000580000087000000
072014051133190001670004412900000
072014051139990000380000004800000
072014051139990000410000142800000
072014051140190000230000013900000
072014051140190000370000020600000
072014051140190000410000066600000
072014051142090000530000097800000
072014051142090000560000005100000
072014051149990000070000022200000
072014051153090000250000329700000
072014051159990000390000046900000
072014051159990000530000999400000
072014051159990000580000021200000
072014051159990001400000020300000
072014051162690000070000003500000
072014051162690000180000004300000
072014051162690000230000006400000
072014051170390000560000015800000
072014051171290000110000622500000
072014051171290002470000039300000
072014051174690000110002730900000
072014051174690001860000260400000
072014051179990002470000603300000
072014051185190000400000000900000
072014051185190001860000003400000
072014051189990000230000002200000
072014051189990000280000007600000
072014051189990002190000053400000
072014051195290000040000101700000
072014051195290000180000000200000
072014051195290000440000003200000
072014051199990000180000000200000
072014051199990000480000000600000
072014051199990000560000000500000
072014051199990001860000001500000
072014051999990000420003869000000
072014051092590000380000003600000
072014051092590000480000002000000
072014051092590000670000016700000
072014051092590001600000025700000
072014051092590002440000008500000
072014051094390000070000004100000
072014051099990000280001259100000
072014051099990000390000132100000
072014051099990000650035921400000
072014051099990001290059549300000
072014051100690000050000006500000
072014051100690000380000004200000
072014051101090000030005615100000
072014051109990000280000158200000
072014051109990000470000020100000
072014051109990002390000056800000
072014051111590000440000025800000
072014051111590001510000322600000
072014051112790000390000009600000
072014051112790000530000058300000
072014051113290000140000011300000
072014051113290000180000004400000
072014051113690000670000103900000
072014051119990000280000505400000
072014051119990000670000246800000
072014051119990001510000705200000
072014051122890000050000087400000
072014051122890000160000162500000
072014051129990000180000054300000
072014051133190002650002032700000
072014051139990000420000078100000
072014051139990000480000067200000
072014051140190000420000024600000
072014051142090000380000002500000
072014051142090000400000010200000
072014051149990000120010504300000
072014051149990000180000024900000
072014051149990000370000114400000
072014051153090000210000008000000
072014051153090000580000021200000
072014051153090001860000092400000
072014051159990000440000049400000
072014051162690000170000013500000
072014051162690000210000003700000
072014051162690000410000086600000
072014051162690000580000005400000
072014051169990000040001032100000
072014051169990000080000086700000
072014051169990001390000008100000
072014051170390000390000049800000
072014051170390000470000056400000
072014051171290000390000037700000
072014051174690000040008440600000
072014051179990001630013986300000
072014051113290000200000017300000
072014051113690000120007486200000
072014051113690000500000033200000
072014051119990002400000334900000
072014051122890000090000092100000
072014051122890000170000153100000
072014051122890000580000087000000
072014051129990000070000083800000
072014051129990000380000059800000
072014051129990000450025252900000
072014051129990000560000097900000
072014051133190000020000023800000
072014051133190000050000004500000
072014051133190000370000044100000
072014051133190000470000073000000
072014051133190001550000349100000
072014051139990000580000011400000
072014051140190000110000122000000
072014051140190000440000005200000
072014051142090000280000102300000
072014051142090000370000030800000
072014051142090001860000044800000
072014051142090002200001186600000
072014051144890000110000346000000
072014051144890000120005646600000
072014051144890000210000014800000
072014051144890001900013249800000
072014051144890002200002359300000
072014051144890002530000026100000
072014051149990000230000063200000
072014051149990000530000421700000
072014051149990002610005265500000
072014051153090000040004040600000
072014051153090000090000025100000
072014051153090000280000249400000
072014051153090002250004186000000
072014051159990000110001546100000
072014051159990000140000060200000
072014051159990000170000026600000
072014051159990000200000063600000
072014051159990000670000140500000
072014051162690000030004409300000
072014051162690002410000023500000
072014051169990000370000028100000
072014051170390000040005061700000
072014051170390000250000369000000
072014051170390000440000084400000
072014051170390001410000235200000
072014051170390002270005664200000
072014051170390002470000059900000
072014051171290000030006472400000
072014051171290000400000013600000
072014051171290000670000041000000
072014051174690002460000057600000
072014051113290000580000005900000
072014051113690000230000051000000
072014051113690000380000009200000
072014051113690000480000016400000
072014051119990000090000223200000
072014051119990000140000131700000
072014051119990000370000227400000
072014051122890000250001322500000
072014051122890000670000365300000
072014051129990000410001716100000
072014051129990001360000129100000
072014051133190000380000004800000
072014051133190000400000013600000
072014051133190000480000067200000
072014051139990000030005485100000
072014051139990000090000015300000
072014051139990000120003162900000
072014051139990001550000349100000
072014051140190000030001699800000
072014051140190000280000054800000
072014051140190000560000004400000
072014051140190001660002078300000
072014051142090000050000004400000
072014051142090000140000016200000
072014051142090000220000006100000
072014051142090000440000003800000
072014051142090001650000298100000
072014051142090001660007400400000
072014051144890000230000033300000
072014051149990002200004218200000
072014051149990002520000707400000
072014051149990002600000658000000
072014051159990000040004040600000
072014051159990000560000005600000
072014051162690000280000063300000
072014051162690000380000002500000
072014051162690000500000004600000
072014051162690001520000149300000
072014051162690001860000023700000
072014051169990000580000005400000
072014051169990000670000018800000
072014051170390000030017396800000
072014051170390000050000016100000
072014051170390000210000023400000
072014051170390000280000428600000
072014051171290000070000005500000
072014051171290000220000048000000
072014051171290000560000004900000
072014051174690000070000022000000
072014051174690000140000124200000
072014051174690000390000092600000
072014051174690000440000184400000
072014051174690000470000132100000
072014051174690000670000277600000
072014051189990000090000000900000
072014051189990000530000027600000
072014051195290000080000016400000
072014051199990000400000000700000
072014051999990000180001150200000
072014051999990000390001307900000
072014051999990000480000692900000
072014051999990000500000859300000
072014051162690000450000859800000
072014051162690000470000020900000
072014051162690000490000021200000
072014051169990000470000020900000
072014051170390000160000058400000
072014051171290000170000032500000
072014051171290001860000049300000
072014051174690000050000021700000
072014051174690000380000032300000
072014051174690001740000122800000
072014051174690002470000504100000
072014051179990000110005155000000
072014051179990000530003007100000
072014051185190000160000001900000
072014051185190000280000007600000
072014051189990000180000000500000
072014051189990000210000000500000
072014051195290000450000042300000
072014051195290001530000030100000
072014051199990000030000639200000
072014051199990000090000000500000
072014051999990000250011568200000
072014051999990000410010566600000
072014051999990000450125383700005
072014051185190000040000107200000
072014051185190000370000002800000
072014051185190000670000006000000
072014051189990000380000003400000
072014051189990000400000000900000
072014051195290000230000002500000
072014051199990000380000001100000
072014051199990000670000001400000
072014051999990000220002168700000
072014051195290000470000001100000
072014051199990000440000003200000
072014051199990000580000000700000
072014051999990000140001828700000
072014051999990000200002314000000
072014051999990000430063007200002
072014051149990000440000017900000
072014051149990001650001175200000
072014051149990001660017769400000
072014051153090000440000049400000
072014051159990000210000008000000
072014051162690000250000093800000
072014051169990000030004409300000
072014051169990000530000159500000
072014051169990000560000002200000
072014051170390000120012964500000
072014051170390000220000116300000
072014051170390000480000018500000
072014051171290000140000026800000
072014051179990000020000211700000
072014051179990000210000062600000
072014051179990000380000074800000
072014051179990000440000326000000
072014051179990000480000046200000
072014051185190000080000022700000
072014051189990000220000007000000
072014051189990000480000000500000
072014051199990000200000001300000
072014051199990001530000030100000
072014051999990000070000675900000
072014051999990000470001787900000
072014051162690000140000016500000
072014051162690000200000016500000
072014051162690000390000008100000
072014051162690000400000007100000
072014051162690000530000159500000
072014051162690000670000018800000
072014051169990000110000259300000
072014051169990000200000016500000
072014051169990000450000859800000
072014051170390001630002741300000
072014051170390002430000138000000
072014051171290000200000035500000
072014051171290000230000020100000
072014051171290000380000009500000
072014051171290000440000057200000
072014051174690000020000105300000
072014051174690000090000071600000
072014051174690000500000057800000
072014051179990000050000043900000
072014051185190000140000001600000
072014051185190000220000007000000
072014051189990000410000006600000
072014051189990000450000058100000
072014051195290000380000001100000
072014051195290000400000000700000
072014051195290000410000007300000
072014051195290001860000001500000
072014051199990000070000000300000
072014051199990000160000000300000
072014051199990000250000006300000
072014051199990000390000002000000
072014051199990000450000042300000
072014051199990000470000001100000
072014051199990000500000000400000
072014051999990000090000994000000
072014051999990000170085197100003
072014051174690000530001840000000
072014051174690002430000250900000
072014051179990000160000139000000
072014051179990000220000368100000
072014051179990002580002294100000
072014051185190000120000354800000
072014051185190000390000001800000
072014051185190000470000001900000
072014051185190001620000140900000
072014051189990000050000000800000
072014051195290000070000000300000
072014051195290000170000001100000
072014051195290000210000000000000
072014051195290000280000005500000
072014051195290000530000085800000
072014051199990000140000001200000
072014051199990000490000000900000
072014051195290000220000004100000
072014051195290000580000000700000
072014051199990000020000002300000
072014051199990000110000026500000
072014051199990000370000002200000
072014051999990000030409833900016
072014051999990000040102223200004
072014051999990000120361423200014
072014051170390000530000916100000
072014051171290000160000013800000
072014051171290000480000005800000
072014051171290002460000011900000
072014051171290002640001568100000
072014051174690001630009975500000
072014051174690002640007853000000
072014051179990002430000458900000
072014051179990002460000111000000
072014051185190000420000002500000
072014051185190000490000002000000
072014051185190001420000001000000
072014051185190002190000053400000
072014051189990000200000002200000
072014051189990000250000011900000
072014051189990000370000002800000
072014051189990001420000001000000
072014051195290000020000002300000
072014051195290000090000000500000
072014051195290000390000002000000
072014051999990000020003296200000
072014051999990000110049714600002
072014051189990000160000001900000
072014051189990000440000002700000
072014051189990000580000002500000
072014051199990000040000101700000
072014051199990000220000004100000
072014051199990000230000002500000
072014051199990000280000005500000
072014051999990000210000882100000
072014051999990000550157530800006
072014051999990000670003082700000
072014051185190000180000000500000
072014051185190000380000003400000
072014051185190000530000027600000
072014051189990000040000107200000
072014051189990000490000002000000
072014051189990001620000140900000
072014051189990001860000003400000
072014051195290000110000026500000
072014051195290000120000363400000
072014051195290000140000001200000
072014051195290000250000006300000
072014051195290000420000001500000
072014051195290000500000000400000
072014051195290000560000000500000
072014051199990000410000007300000
072014051199990001430000000400000
072014051199990002240000048500000
072014051999990000160000967000000
072014051999990000530024683300000
072014051999990000560000596700000
072014051179990000090000145100000
072014051185190000580000002500000
072014051189990000420000002500000
072014051195290000200000001300000
072014051195290000370000002200000
072014051195290000480000000600000
072014051199990000420000001500000
072014051174690002580001360100000
072014051179990000030051058600000
072014051179990000200000300100000
072014051179990000250001247900000
072014051185190000110000037900000
072014051185190000450000058100000
072014051185190000480000000500000
072014051185190000560000000300000
072014051189990000140000001600000
072014051195290000160000000300000
072014051195290000670000001400000
072014051199990000050000000200000
072014051199990000120000363400000
072014051199990000170000001100000
072014051199990000210000000000000
072014051999990000080017749900000
072014051999990000230001489600000
072014051999990000280010056100000
072014051999990000380004952300000
072014051010490000080000131200000
072014051010490000380000207900000
072014051011490000050000006300000
072014051011490000120010009300000
072014051011490000490000017000000
072014051011890000400000015100000
072014051011890000530000580800000
072014051012190000440000007200000
072014051012390000220000025800000
072014051012390002110002441800000
072014051012990000080000617600000
072014051012990000440000049900000
072014051012990000580000019900000
072014051014190000160000033900000
072014051019990000160000138000000
072014051019990002360000406500000
072014051019990002490000140100000
072014051022290000070000004500000
072014051022290000090000002900000
072014051022290000390000007300000
072014051022290002370000022800000
072014051024490000090000001900000
072014051024490000140000004300000
072014051024490000390000005700000
072014051024490000400000002200000
072014051024490000410000028900000
072014051025090000030008814300000
072014051025090000220000068700000
072014051025090002370000084600000
072014051029990000040003930800000
072014051029990000120011197600000
072014051029990000170000032100000
072014051033390000410000217100000
072014051039990000390000030700000
072014051039990000530000492300000
072014051039990000580000036400000
072014051040790000380000019700000
072014051049990000120005951800000
072014051049990000160000031800000
072014051049990000420000079000000
072014051049990002140002392800000
072014051053590000040002132200000
072014051053590000380000012700000
072014051053590001490000284100000
072014051053890001860000075700000
072014051053890001870004068000000
072014051059990000090000049900000
072014051059990000470000064900000
072014051063990000080000239300000
072014051063990000140000026800000
072014051063990000220000036100000
072014051063990000390000018700000
072014051063990000400000010000000
072014051069990000090000012200000
072014051069990000420000034500000
072014051069990000440000021900000
072014051069990001500000280000000
072014051070290000200000019000000
072014051070290000530000189600000
072014051071390000070000002600000
072014051071390000230000013500000
072014051071390000370000024000000
072014051071390000410000084600000
072014051071390000480000003200000
072014051071690000160000003100000
072014051071690000410000029200000
072014051071990000030002835500000
072014051071990000120001882500000
072014051071990000170000004100000
072014051071990000220000020900000
072014051071990000370000013400000
072014051071990000490000007400000
072014051071990001860000019000000
072014051074590000040001586200000
072014051074590000180000005000000
072014051074590000210000014000000
072014051074590000440000046300000
072014051079990000120020547300000
072014051079990000450004540100000
072014051079990000490000052900000
072014051080590000480000001700000
072014051080590002180000473000000
072014051080990000170000013800000
072014051080990000440000014100000
072014051080990000580000008700000
072014051082490000110000546900000
072014051082490000420000027100000
072014051082490000450001745100000
072014051082490002180001583300000
072014051083490000280000029600000
072014051083490001320000003100000
072014051083490001580000047900000
072014051083790000200000013600000
072014051084090000210000002100000
072014051084290000040000203400000
072014051084290000280000012100000
072014051084290000420000004500000
072014051084290000450000394800000
072014051084790000090000012100000
072014051084790000410000138200000
072014051084990000070000038600000
072014051084990000420000009200000
072014051089990000280000438900000
072014051090890001290041566900000
072014051090890002550002606200000
072014051091790000220000019400000
072014051091790002440000007100000
072014051092590000650001340200000
072014051094390000050000004300000
072014051094390002500000184600000
072014051094390002550000297800000
072014051099990000180000065700000
072014051100690000030008325300000
072014051100690000180000007000000
072014051100690000230000015400000
072014051100690000390000009300000
072014051100690000530000242200000
072014051101090000110000164400000
072014051101090001640000104000000
072014051109990000440000024100000
072014051111590001860000084500000
072014051111590002560000421700000
072014051112790000180000005400000
072014051112790000450000741100000
072014051113290001350000011700000
072014051113290001510000065600000
072014051113690000020000051800000
072014051113690000050000013800000
072014051113690000110000563800000
072014051113690000180000017600000
072014051113690000450003314900000
072014051113690001350000036000000
072014051113690002400000129400000
072014051119990001350000106800000
072014051122890000070000083800000
072014051122890000410001716100000
072014051129990002420000511300000
072014051133190000200000046300000
072014051139990000020000023800000
072014051139990000040000997600000
072014051139990000370000044100000
072014051139990000440000011200000
072014051140190000140000011300000
072014051140190002520000102300000
072014051142090000200000029500000
072014051142090000470000018800000
072014051142090000500000012600000
072014051142090002520000213300000
072014051142090002600000165400000
072014051144890000070000013300000
072014051144890000370000063000000
072014051144890000400000016500000
072014051144890001380000035200000
072014051149990000090000080800000
072014051153090000080000536200000
072014051153090000160000041800000
072014051153090000450003242800000
072014051159990000080000536200000
072014051159990000380000013600000
072014051159990001860000092400000
072014051162690000370000028100000
072014051162690000560000002200000
072014051162690002220000932400000
072014051169990000020000011200000
072014051169990000120002716600000
072014051169990000160000006400000
072014051169990000440000010300000
072014051170390000110001801600000
072014051170390000140000109800000
072014051170390000380000033000000
072014051171290000040001450600000
072014051171290000090000014800000
072014051171290002580000221700000
072014051174690000160000066800000
072014051174690000480000021900000
072014051179990000140000260800000
072014051179990000230000203000000
072014051179990000670000461400000
072014051179990001410000812900000
072014051179990001740000208100000
072014051179990001860000437300000
072014051179990002270018609200000
072014051185190000170000001500000
072014051189990000080000022700000
072014051189990000470000001900000
072014051195290000490000000900000
072014051195290002240000048500000
072014051199990000080000016400000
072014051999990000050000498000000
072014051999990000400000890900000
072014051999990000440001703500000
072014051999990000490032646400001
