042007051012999999990001724100002
042007051014190002700039428300753
042007051024490019940001853100326
042007051025090039040000002700000
042007051025090039320000164000005
042007051040790013330000116700002
042007051049990007360000071600003
042007051053590001900000031900001
042007051053890039870000042200001
042007051063990032270000014100001
042007051063990032310000010100003
042007051063990032630000042200001
042007051069990032340000075300006
042007051071390013570000028500001
042007051071990018380000020500001
042007051074590035910000037900002
042007051083799999990000328400001
042007051084090032970000013300001
042007051084090032990000009200001
042007051084990005530000652300016
042007051084990039250000020800004
042007051100690006260000023200003
042007051109990012010000039300005
042007051122890002700098223400664
042007051122890024140000192300042
042007051129990024650000241500004
042007051133190028550000116600010
042007051140190002370000014300001
042007051140190002510000011700005
042007051140190002540000102000008
042007051142090002010003271200044
042007051144890038480000012600004
042007051162690002700006939000349
042007051170390002010037929200816
042007051170390003300000160800002
042007051171290013100000055900001
042007051174690003960000456800002
042007051174690004470007309600108
042007051010490005100000972700031
042007051010490005250000010200000
042007051011490013800000003400000
042007051012390020380000083000006
042007051019990033250000120900005
042007051024490035570000003100001
042007051029990020050000023600001
042007051039990029520000021700001
042007051053590030420000058600001
042007051053890005160000086300000
042007051053890031820000079500000
042007051063990032300000046000001
042007051063990032370000112600003
042007051071390013630000134600005
042007051071690003400000022600001
042007051079990006270000113800005
042007051080590005880000015400001
042007051080990011510000009700002
042007051080990011830000022400003
042007051082490020600000020100001
042007051082490039780000008700001
042007051083490030250000006600001
042007051091790015960000013600004
042007051099990015190000170000005
042007051100690006340000014600003
042007051100690006510000044300003
042007051111590014560000165200004
042007051113690014210000699200004
042007051122890024180000073200003
042007051133190028410000044300007
042007051142090019150000014100005
042007051162690022810000012200004
042007051169990022790001108500043
042007051999990002110010575400277
042007051010490005240000140300001
042007051011190012690000499700004
042007051011890017540000086200002
042007051012190019810000020900000
042007051019990005150004836500064
042007051019990020150000250100005
042007051033390029490000293000007
042007051039990029590000042900001
042007051040790007100000113300003
042007051059990031960000033900003
042007051071390002010011394100440
042007051074590035720000016500002
042007051074590035730000025200001
042007051080590005530000539200023
042007051080590005760000014000001
042007051083490006000000113500003
042007051083790031740000008700003
042007051084090032930000018900001
042007051084090032980000027200001
042007051084290033910000028300002
042007051089990005540000177200014
042007051092590007890000816700025
042007051094390007420000014000002
042007051113690031050000104200001
042007051119990031340000071500004
042007051122890024050000091300003
042007051129990024250000268800007
042007051144890002050002438400121
042007051144890038390000013700002
042007051159990025580000056900000
042007051170390004680000184300003
042007051171290012900000016500004
042007051171299999990000731600005
042007051174690002010063532101372
042007051199990002700000524600005
042007051010490002700010747300470
042007051011890017370000035900003
042007051012190005140001815000073
042007051039990029430006061500098
042007051039990029510000033100001
042007051059990030600000497300003
042007051059990030640000187500005
042007051070290003300000064700000
042007051080990011940000115200010
042007051083490002010004872700581
042007051083490030090000036100003
042007051083490030190000012600004
042007051083790031600000006600003
042007051084090005530000372700011
042007051084790005650001082300054
042007051090890007710000333200037
042007051090890010160000753500008
042007051091790015130000015100004
042007051092590022590000010800002
042007051099999999990009832300308
042007051101090012470000063100002
042007051109990003290003683900138
042007051113690030900000051400001
042007051113690030920000134600004
042007051113690030990000336400007
042007051119990014560000165200004
042007051119990029360000094700004
042007051122890023110000213800003
042007051129990024400000043500004
042007051139990002040000282600039
042007051140190002190000005400002
042007051140190002400000007800001
042007051153090025570000044400001
042007051159990025670000015100000
042007051169990022740000004300001
042007051171290013340000184200003
042007051174699999990002538500050
042007051010490005430000010000000
042007051011490002620000008900000
042007051011890017780000221300002
042007051012190019780000020800001
042007051014190005150000661200005
042007051014190013790000363800011
042007051014199999990001332200001
042007051029990039340000004200004
042007051049990007030000074400004
042007051053890031880000112800000
042007051059990030270021740700404
042007051069990002700009233300245
042007051080590005860000013300003
042007051084790037640000026400000
042007051084790037660000020200000
042007051099990008150006729800013
042007051100690006180000178600003
042007051113290029300000008300001
042007051119990029340000079000008
042007051133190025830000058400007
042007051139999999990004099800721
042007051140190002210000005400004
042007051144890038320000026200003
042007051153090004790000387600003
042007051162690022860000003400001
042007051170390004400000066600002
042007051170399999990003938800038
042007051171290013230000068100002
042007051174690037310000081600006
042007051999990030270021740700404
042007051010490005180000025300000
042007051010490005490000041600003
042007051011490013880000066300003
042007051011490013890000018100004
042007051012190019870000054600000
042007051012390002620000006900000
042007051012390005140001701300045
042007051012390020290000025000001
042007051012990025210000079600006
042007051012990025290000141400002
042007051019990005120002255400061
042007051019990033400000196900007
042007051033390029980000087200007
042007051039999999990000603900000
042007051040790006850000020300003
042007051049990007520000143000006
042007051059990030340000118800004
042007051059990030380001068800002
042007051070290002620000026800000
042007051071390003290001251500027
042007051079990018170000007700004
042007051080590005720000023100002
042007051083790031580000042400003
042007051084090032800000008100001
042007051089990031390001017900085
042007051089990033750000375300020
042007051090890009090000087300006
042007051094390009890000102400001
042007051094390035250000022200001
042007051101090012130000015200002
042007051109990006220001269300085
042007051111590014640000131600003
042007051112790002010009981200344
042007051112790013990000545300016
042007051122890006270000449900012
042007051133190027440000075400009
042007051139990002050002069000093
042007051139990027320000030800007
042007051140190002260000008100001
042007051140190002670000028800003
042007051142090018620000082000004
042007051142090018680000161300004
042007051159990025720000076500001
042007051169990022820000007000001
042007051169990022870000021400000
042007051170390004160000174900004
042007051174690036350000339100002
042007051179990002010114824202768
042007051185190002010002248400019
042007051999990025860005238700133
042007051011490005150000216400001
042007051011890017190000042100004
042007051011890017310000039700003
042007051012390005150000320800005
042007051012390020350000033700001
042007051012390020400000022800001
042007051012990003740000027100002
042007051022290014840000080300001
042007051025090019930004362200110
042007051029990039330000015400001
042007051029999999990000091000000
042007051033399999990000603900000
042007051053890031810000173600002
042007051071390013470000008900000
042007051071690002010005582300600
042007051071690014850000011600000
042007051074590035680000014900001
042007051080990011500000803900024
042007051080990011880000009900002
042007051083490030240000007500001
042007051083790031390001017900085
042007051083790031410000027200003
042007051083790031570000016800001
042007051084790037500000003100001
042007051084799999990000033200000
042007051084990039150000031700004
042007051089990039090000219300027
042007051092590021090000047100004
042007051094390007870009911700465
042007051099990007710000360600040
042007051099990039370000289400021
042007051100690006470000047600004
042007051100690006730000017500002
042007051101090004790000007300002
042007051101090012320000015000002
042007051101099999990000153500009
042007051111590014040000110300003
042007051111590014550000090900002
042007051112790022990000103200004
042007051113690030970000057100002
042007051113690031120000111000002
042007051119990031220000213700004
042007051122890024470000066500006
042007051122890024710000080600003
042007051139990028050000036800007
042007051142090018810000012000007
042007051153090014840000008200000
042007051159990025610000120000001
042007051171290002160000163600002
042007051171290004470000512600005
042007051174690036060000106900003
042007051999990005650001988500149
042007051011490013730000211500005
042007051011490013900000108700005
042007051012190019850000038200003
042007051012990025300000102000004
042007051014190033230000074500001
042007051022290039020000009100000
042007051029990019970000018400004
042007051033390029730000043700003
042007051040790007330000137400004
042007051049990007000000113700004
042007051053899999990000222700000
042007051059990002010019029400235
042007051059990031830000723700005
042007051069990032550000070300005
042007051070290003340000011500000
042007051080590005810000008900004
042007051083790031420000015500005
042007051083790031560000031600005
042007051084290033900000005800003
042007051089990031560000031600005
042007051090890007890021446200305
042007051090890008570000173400004
042007051091790007910009901000789
042007051100690006740000116600005
042007051111590014280000624900009
042007051113690030980000049300002
042007051129999999990012935800161
042007051133190027000000018400007
042007051133190027320000030800007
042007051140190002010003847000074
042007051144890038490000034900002
042007051149990038570000050000006
042007051153090025650000014900000
042007051153090025670000015100000
042007051179990004210000167900004
042007051185190039440000155700000
042007051185190039450000032600000
042007051999990005150004836500064
042007051011490013760000009700001
042007051011890017680000026300003
042007051012190019710000035100003
042007051019990005440000106500006
042007051019990019920000164800006
042007051040790007400000030300003
042007051040790007730000180000005
042007051059990002700028142600462
042007051069990032630000042200001
042007051071390002700013698800532
042007051071390013530000009800000
042007051071390013610000051400004
042007051071390013650000014200001
042007051074590035650000043200003
042007051079990003400000133400005
042007051079990013630000134600005
042007051080590005800000003900003
042007051082490007440000032600001
042007051082490020510000017600003
042007051084090032860000010500002
042007051084090032920000013300004
042007051084290033870000004200001
042007051084990039120000049000005
042007051089990006000001210800086
042007051090890008760000301500006
042007051091790002010001298300019
042007051099990002060001747800086
042007051100690006620000054600004
042007051111590013960012459400238
042007051113690031110000189000003
042007051122890024070000012700005
042007051129990023230000058200007
042007051140190002040001025300034
042007051140190002080000061700003
042007051144890038170000034300002
042007051159990025630000253900003
042007051159990025780000028600004
042007051169990022750000003000000
042007051170390005030000229100003
042007051195290039480000078300000
042007051999990007910072332503387
042007051010490005470000010800000
042007051011190004790000065800000
042007051011890017720000030300004
042007051012390020330000010700000
042007051024490002010002531900336
042007051029990003290003045300047
042007051053590005160000974900003
042007051059990032050000373000010
042007051071390013590000031500003
042007051071690004790000246600015
042007051071990006270000071200005
042007051079990013610000051400004
042007051080590006100000006500002
042007051080990002700006618100467
042007051080990011550000040900004
042007051090890002010023179400176
042007051091790015500000007100004
042007051101090006220000440300033
042007051111590013990002363800043
042007051113690031320000050800001
042007051119990014380000470300003
042007051119990014570000156000003
042007051122890023850000344500003
042007051122890024650000241500004
042007051129990023540000018300005
042007051129990024470000066500006
042007051140190002360000011900001
042007051144890037750000076700002
042007051153090004500000015400000
042007051153090025740000012000000
042007051153090025750000050800001
042007051162690022890000005500002
042007051174690037400000194700004
042007051010490005230000035700000
042007051012190005150000089400002
042007051012990025220000263200004
042007051014190033300000043500001
042007051022290002010003436600331
042007051022290020040000004500000
042007051033390030010000053700006
042007051039990029800000039700001
042007051049990007220000226800003
042007051053590002700014111600159
042007051069990032250000054400001
042007051070290002740000014100001
042007051071690014870000011100003
042007051074590035940000022600001
042007051074599999990000193000010
042007051079990018010000056000006
042007051080590005770000014700002
042007051080990011540000005700005
042007051080990011700000017100003
042007051082490020480000009700001
042007051083790005530000503600008
042007051084099999990000055700007
042007051084290033830000004800000
042007051084990003300000012600000
042007051090890008150005978600008
042007051094390034920000091600002
042007051112790013950000163900003
042007051119990022990000103200004
042007051129990004790000262500005
042007051142090002050004447400193
042007051142090019040000020200006
042007051153090025630000253900003
042007051153090025710000013200000
042007051169990022780000007800003
042007051010490005310000104900000
042007051011190012820000059600000
042007051011490013910000150900004
042007051012190019860000139900002
042007051012190019920000164800006
042007051012990017410000174900010
042007051014190005140006987400096
042007051014190033430000067400001
042007051022290019930001009200084
042007051029990035570000003100001
042007051049990006950000021900003
042007051053590030410000071700001
042007051059990031950000040400003
042007051063990002010013947200428
042007051070290002010008587400337
042007051070290002830000019400001
042007051071390013660000019200004
042007051074590035970000036000003
042007051079990017940000005900004
042007051080590002700003292900364
042007051083790031760000014800004
042007051084090032760000006800005
042007051084090032790000014400002
042007051090890008070000065500004
042007051091790017000000093500006
042007051092590021520000048600002
042007051094390033960000015500001
042007051094390035230000022600001
042007051099990021490000079000012
042007051101090012300000113000005
042007051111590014060000254200006
042007051113290005200000007400000
042007051113690013960010959900172
042007051113690030940000070000001
042007051119990013950001973900010
042007051122890002610000143500004
042007051122890024130001006100005
042007051142090019110000044000009
042007051162690022850000005400001
042007051170390004250000063900005
042007051179990004300000166200005
042007051179999999990010412900192
042007051185190039470000125800000
042007051999990002040007259000255
042007051999990006220001269300085
042007051010490005140000978800034
042007051011890017450000102900003
042007051012390020090000019400000
042007051025090002600000052100000
042007051025090018070000091600000
042007051039990029840000077900003
042007051040799999990002079700038
042007051059990030730000864600022
042007051069990032360000074900001
042007051070290003170000011700001
042007051070290003380000051300003
042007051071390013670000002800000
042007051079990003290005403400134
042007051079990013550000189100008
042007051082499999990000200900001
042007051084090006000000039000002
042007051084790037630000026600000
042007051089990005530006104100137
042007051089990011920000027700005
042007051089990020740000218900006
042007051090890007870068724101207
042007051090890010280000199700004
042007051094390010160000279100004
042007051100699999990000609100007
042007051112790014090000003400000
042007051113690031220000213700004
042007051133190028900000022000007
042007051139990028410000044300007
042007051144890037800000051200003
042007051144890038070000067600004
042007051159990025650000014900000
042007051170390002700028865400568
042007051171290002010013362900580
042007051174690002160000396600009
042007051999990002010791607523348
042007051011490013870000069500003
042007051011890017490000067600003
042007051014190033530000025700001
042007051019990005110047321501090
042007051022290003290000395200007
042007051040790007770000078400003
042007051049990007730000180000005
042007051053590030600000497300003
042007051053590030800000036500002
042007051053890030740000075900001
042007051063990032470000025500002
042007051070290003400000016300000
042007051071990017980000026400001
042007051079990014860000057800004
042007051079990014910000020200004
042007051080590005670000018800001
042007051080990011630000005800005
042007051083790031440000003700001
042007051083790031640000012700001
042007051090890008990000114900005
042007051090890009260000062700004
042007051091790015030000025800004
042007051094390002010002705000058
042007051100690006490000025700002
042007051101090012110000039000003
042007051109990012300000113000005
042007051111590014590000038400003
042007051119990002010065564001791
042007051133190025860005238700133
042007051140190002070000081500006
042007051142090002040003052600091
042007051153090025730000198800003
042007051159990025770000032300001
042007051170390004030000144500002
042007051170390004990000498100005
042007051174690037440000026100003
042007051195290002700000524600005
042007051999990039080000670500063
042007051011890017240000354800002
042007051012390020320000168300005
042007051012990025250000133500001
042007051012990025480000074500002
042007051019990012730000651200010
042007051019990019820000124800005
042007051039990030020000014900001
042007051049990007750000058000004
042007051053590030640000187500005
042007051069990032640000028500001
042007051070290003290001198400025
042007051071390004790000011900000
042007051071690002700006186100700
042007051071690014730000021400002
042007051071690014770000037500002
042007051071690014900000006900001
042007051074590035660000046500002
042007051080590005660000033300003
042007051083790031470000026900004
042007051084090033000000008000002
042007051084090033010000026500003
042007051084290005530000103600002
042007051084290033890000009900004
042007051084790037520000192700006
042007051089990004790000054500008
042007051090890010740000122200005
042007051091790007430000162300017
042007051092590021170000020200001
042007051094390034750000061500002
042007051099990007870092477302570
042007051099990007890025794700451
042007051100690003290002623800102
042007051101090012260000009500004
042007051109990012350000055600005
042007051111590013980000148600003
042007051111590014220000064700002
042007051129990002700098223400664
042007051129990023330000009200004
042007051133190025910001222000021
042007051140190002170000022700002
042007051144890038030000248600010
042007051159990025530004292000032
042007051159990025710000013200000
042007051170390002110003290500096
042007051170390003890000053100004
042007051170390004580000104500004
042007051189990002010002248400019
042007051999990019940009407900983
042007051012190002010008079300188
042007051012990025060000031800001
042007051019990005140023488500525
042007051019990033410000246500006
042007051040790007750000058000004
042007051053590030480000903500015
042007051053890031980000150200007
042007051059990030480000903500015
042007051063990032650000092500000
042007051070290002780000002100000
042007051071690014860000057800004
042007051071990018220000006100001
042007051071990018250000016700001
042007051074590005770000250700013
042007051083790031680000005400002
042007051084090033050000005200001
042007051084290033860000005700002
042007051084790002010014369300787
042007051089990020520000615000015
042007051089990032750000030400006
042007051089990032810000016400005
042007051089999999990004236000375
042007051090890009890001490400016
042007051090890010020000143300006
042007051100690006220000829000052
042007051113290002010010482700503
042007051113290029290000175700000
042007051113290029350000017200000
042007051122890024060000006700004
042007051122890024940000236700004
042007051129990023550000166600006
042007051133190028910000035900009
042007051169990022830000013200004
042007051171290012940000080300001
042007051174690037350000026800004
042007051179990002700085650402069
042007051179990003970000072300006
042007051179990037450000029800004
042007051011190012680000060500003
042007051011190012780000071300000
042007051011490013720000012300000
042007051011890017410000562100010
042007051012390002700017885400604
042007051012390020220000007900000
042007051014190002010023458000257
042007051029990002700026066701822
042007051039990030010000053700006
042007051040790007350000204200004
042007051040790007520000143000006
042007051053890032020000051300000
042007051053890032050000373000010
042007051053890032130000127800003
042007051069990002010013947200428
042007051071690014690000007700002
042007051071990018030000004500004
042007051074590002700016474800922
042007051079990035880000057100005
042007051083490005650000465900042
042007051083490007640000018000000
042007051083490030120000093800003
042007051083790031510000008500003
042007051084090033060000007000001
042007051084290033840000004800001
042007051089990011940000115200010
042007051090899999990006216900102
042007051092590021630000010500003
042007051099990022630000200900027
042007051109990012260000009500004
042007051119990014060000254200006
042007051122890023230000058200007
042007051133190025880000214200010
042007051133190028050000036800007
042007051139990025820000029600007
042007051140190002020003733400190
042007051159990007640000006200000
042007051159990025590000084600001
042007051170390003960000622600005
042007051171290013040000113700003
042007051199990039480000078300000
042007051011490005110010677200175
042007051012390017240000062500000
042007051019990020420000202400006
042007051022290039770000005100001
042007051039990030050000175800001
042007051040790006820003430000096
042007051049990002700012431100218
042007051053590030390000171400001
042007051053890002010006369400089
042007051079990002820000023500004
042007051080590005580000015200002
042007051080990005530000870700011
042007051082490020430003185100161
042007051082490020680000014200002
042007051082490020700000032700002
042007051083490030150000015300001
042007051084290033790000028700003
042007051084790004790000029400003
042007051090890009280000115200005
042007051091790007710000027400003
042007051092590007910006556100755
042007051094390035220000005700003
042007051094390035480000016100002
042007051099990034760000186100007
042007051100690006230000231000004
042007051101090012200000031000004
042007051101090012280000025600004
042007051109990006350000104300004
042007051119999999990005240400090
042007051133190002050002069000093
042007051133190025930000015900007
042007051139990026710000054600016
042007051139990027440000075400009
042007051142090002030007914700138
042007051142090002070000374300025
042007051144890002080000723500008
042007051149990038030000248600010
042007051169990022900000001200001
042007051174690036180000233900002
042007051179990003890000053100004
042007051012390020340000015300000
042007051019990025330000417900005
042007051022290012590000007400000
042007051025090002620000024100000
042007051025090039310000012800003
042007051029990020080000004800001
042007051029990035550000004100001
042007051039990029620000088500003
042007051053890032100000093300003
042007051059990030550000570700008
042007051059990030710000197100002
042007051063990032320000020000001
042007051069990032490000050500001
042007051070290002810000004500000
042007051071390013600000013700001
042007051071990018000000042400001
042007051071990018010000056000006
042007051074590035880000057100005
042007051079999999990002653000146
042007051080990011760000008200004
042007051082490020710000011500001
042007051082490020740000218900006
042007051084990004500000031900006
042007051090890010950000087300005
042007051090890039370000053200007
042007051091790015470000026800003
042007051092590022040000029100002
042007051100690006590000030500004
042007051100690006770000037600004
042007051113290014210000052800000
042007051119990013990003362600066
042007051129990023110000213800003
042007051139990025910001222000021
042007051139990028550000116600010
042007051142090018580000201300005
042007051149990002010015325800185
042007051153090024330000050000000
042007051159990024330000050000000
042007051162690022880000003800002
042007051169990002700006939000349
042007051171290002700010533500412
042007051174690002700046251501089
042007051174690036580000095700003
042007051179990036870000668800006
042007051189990039470000125800000
042007051010490002620000008600000
042007051011490013690000009600000
042007051011890017170000055200004
042007051011890017840000042100002
042007051012990002010024483600315
042007051019990033500000203700008
042007051039990002010023237400338
042007051039990029740000049500001
042007051053590030340000118800004
042007051063990032420000010200001
042007051071690014750000003500001
042007051071990018040000007800002
042007051082490020670000019700002
042007051083490030260000003800000
042007051083790002010010297701193
042007051084990039090000219300027
042007051091790015180000008400004
042007051101090012050000323600001
042007051101090012060000061100005
042007051101090012460000017800005
042007051111590014540000203900004
042007051119990014610000052300004
042007051122890024250000268800007
042007051122899999990012935800161
042007051129990024050000091300003
042007051139990026550000138100007
042007051140190002220000013500002
042007051140190002340000012600001
042007051149990018810000012000007
042007051149990039000000016300006
042007051170390004600000038000004
042007051171290012930000009600003
042007051174690013080001813800025
042007051179990004600000038000004
042007051179990004670000049500005
042007051999990006820003430000096
042007051010490005160000077000000
042007051010490005330000015900000
042007051010490005440000106500006
042007051011190012540000068400000
042007051011190012710000050400000
042007051011490013850000075200003
042007051012990025430000024800002
042007051014190033270000309300005
042007051019990002010122826902375
042007051033390030050000175800001
042007051039990029650000039700001
042007051039990029670000210000000
042007051039990029720000114300003
042007051039990029730000043700003
042007051040790007030000074400004
042007051040790007650000151900004
042007051049990007290000086800004
042007051063990032190007365700303
042007051063990032490000050500001
042007051063990032640000028500001
042007051069990032580000077500002
042007051071990017920000008800005
042007051071990018130000063100005
042007051074590003290001870800051
042007051079990035620000087000005
042007051080590006000000108100013
042007051080990011900000014600002
042007051082490003300000132600003
042007051082490020550000033900001
042007051083790031750000010900003
042007051090890002200001346100012
042007051092590006900003431100356
042007051092599999990000194100003
042007051094390015040000033700001
042007051094399999990000687900001
042007051100690006330000052800004
042007051101090006230000189400010
042007051101090012170000025900001
042007051101090012290000013600003
042007051113690014090000139000002
042007051140190002650000020900002
042007051144890038190000079700005
042007051149990019380000060400009
042007051162690022710000493000005
042007051162690022780000007800003
042007051011890017330000072200003
042007051012190019770000005500001
042007051012190019900000003000000
042007051012990005150000395400004
042007051019990017410000925000020
042007051019990020320000168300005
042007051022290020080000004800001
042007051029990039310000012800003
042007051033390029430006061500098
042007051039990029750000042600003
042007051040790007280000034100003
042007051049990006850000020300003
042007051049990007840000113400005
042007051059990030680000460700007
042007051063990032360000074900001
042007051069990004790000083600002
042007051069990032310000010100003
042007051069990032570000058600001
042007051070290002700010318300402
042007051071690014910000020200004
042007051071990018020000011400002
042007051071990018050000012900001
042007051074590035670000044700002
042007051080990011590000015500003
042007051084290039060000002200000
042007051084790002700011737300445
042007051084790037560000005900001
042007051094390033970000024000001
042007051099990010740000122200005
042007051100690002700018864500818
042007051109990012200000031000004
042007051109990012460000017800005
042007051113690031270000153300002
042007051129990024940000236700004
042007051133190026780000036900007
042007051133190027400000016200007
042007051139990025880000214200010
042007051140199999990000239900000
042007051142090019530000077400007
042007051149990019370000035300009
042007051149990019480000011200006
042007051153090002010035960300413
042007051159990004790000387600003
042007051159990025750000050800001
042007051162690022830000013200004
042007051170390004190000037800005
042007051170390004210000167900004
042007051170390036730000109100003
042007051999990002100006732500091
042007051999990005120002255400061
042007051011190012530000161000000
042007051011890017290000083800007
042007051011890017850000098200004
042007051012990025330000417900005
042007051014190033630000036500001
042007051019990033270000309300005
042007051022290019990000001500000
042007051029990019940009407900983
042007051029990035560000006900001
042007051029990035590000156500003
042007051033390029530000039800003
042007051049990007650000151900004
042007051074590002010015501300818
042007051080590005900000004400003
042007051080990011790000006700005
042007051082490020690000016600001
042007051083790031550000027900001
042007051084090032810000016400005
042007051084290033810000005800001
042007051084790005200000069200000
042007051084990039140000016400002
042007051089990037460000106000005
042007051099990009090000087300006
042007051100690006520000025900003
042007051100690006660000028300004
042007051109990006770000037600004
042007051109990012280000025600004
042007051109990012430000036600004
042007051111590002700019071500376
042007051112790022960000052800004
042007051112790023020000052100002
042007051119990029320000057300004
042007051122890024400000043500004
042007051122890024790000300600011
042007051129990023030025883200129
042007051149990038340000117300005
042007051153090025620000085700000
042007051159990025660000326400003
042007051162690022750000003000000
042007051162690022820000007000001
042007051179990002110010575400277
042007051179990012980000081800005
042007051010490005380000016100001
042007051011190005110005745100092
042007051011190012610000034300000
042007051011190012730000651200010
042007051011490025200000039000000
042007051011890017810000071600002
042007051012390020190000064800003
042007051019990013730000211500005
042007051022290020000000023300000
042007051025090004790000103000003
042007051029990019930005846300228
042007051029990039400000088800006
042007051033390029970000012800001
042007051049990007400000030300003
042007051063990032560000020500001
042007051069990032270000014100001
042007051071690014700000007700001
042007051071690014760000008600001
042007051071699999990000005400000
042007051071990018200000025700001
042007051080599999990000139100013
042007051080990011800000007200004
042007051083790031460000024200003
042007051084990039070000002800000
042007051089990002010069587007200
042007051089990002700055135403971
042007051099990006900033492801581
042007051099990009280000115200005
042007051099990017000000093500006
042007051109990012210000093900007
042007051113290029320000057300004
042007051113690031260000120900002
042007051122890023760000097100005
042007051142090019140000047400005
042007051144890038570000050000006
042007051153090025580000056900000
042007051153090025720000076500001
042007051159990025730000198800003
042007051170390004300000166200005
042007051171290012980000081800005
042007051012390020370000033400000
042007051012990025200000123900001
042007051024490035560000006900001
042007051029990039350000236400001
042007051029990039390000010800001
042007051049990007180000141500002
042007051053590030380001068800002
042007051053590030450000205700007
042007051053590030850000037600001
042007051053890032060000094600002
042007051059990031980000150200007
042007051059990031990000294300003
042007051059990032150000647500002
042007051082490020790000228400002
042007051083790031730000005600003
042007051084090032910000009500001
042007051091790015110000096000002
042007051092590021490000079000012
042007051100690006350000104300004
042007051109990006230000420400014
042007051113290029330000011100000
042007051119990014280000624900009
042007051139990025900011091000336
042007051139990025930000015900007
042007051139990026950000020400007
042007051153090025530004292000032
042007051179990013000000029100004
042007051999990006900034760101591
042007051999999999990138274904947
042007051011190012800000157100001
042007051012390017410000104800000
042007051012990025140000068400001
042007051014190033570000041800002
042007051024490035550000004100001
042007051033390029720000114300003
042007051039990029980000087200007
042007051053590030500000107400001
042007051053590030780000051900002
042007051053890030270017226200311
042007051053890030300002384000033
042007051053890031870000042600000
042007051059990032100000093300003
042007051069990032180000026000001
042007051069990032190007365700303
042007051071390003400000002800000
042007051071690014720000003300004
042007051071690014820000012200000
042007051071990017930000066900001
042007051074590035640000055000003
042007051079990002790000066200004
042007051079990017920000008800005
042007051083490030220000004300002
042007051084290033800000001200001
042007051090890002060000501800020
042007051091790039370000236200014
042007051094390007910010252100674
042007051111599999990001406300017
042007051113290029390000073500001
042007051119990031110000189000003
042007051122890023030025883200129
042007051122890023550000166600006
042007051122890024780000089900004
042007051133190002040000282600039
042007051133190025820000029600007
042007051133190026740000028100007
042007051133190027590000014900007
042007051144899999990000734000010
042007051153090025780000028600004
042007051171290003960000129700007
042007051171290013080000128100004
042007051174690036260000048400004
042007051174690036730001835800016
042007051179990013330001059400005
042007051011890005140001422100062
042007051012190019730000013400002
042007051025090039330000015400001
042007051029990039320000164000005
042007051033390029520000021700001
042007051033390029650000039700001
042007051040790007790000092400005
042007051063990032340000075300006
042007051070290003280000045500001
042007051071990017940000005900004
042007051074590035810000028700003
042007051080590005570000016100003
042007051084090032700000006100004
042007051084290033760000008000003
042007051084790007640000025600000
042007051084790037550000051300002
042007051084990039080000670500063
042007051089990011500000803900024
042007051099990009840000011900007
042007051100690006790000084200002
042007051101090002010010037500683
042007051101090012350000055600005
042007051111590014610000052300004
042007051111590014630000068600002
042007051112790022970000020800001
042007051113690002010022838700425
042007051113699999990000640800002
042007051144890002030012316100150
042007051144890002100003312900041
042007051149990002080000828900011
042007051149990002100006732500091
042007051170390004670000049500005
042007051179990004190000037800005
042007051179990004990000664700006
042007051999990013960031527900661
042007051010490002010010708900340
042007051012190004330000010500000
042007051012190012590000018900001
042007051012990025120000030700002
042007051014190033180000150100001
042007051022290004790000019000000
042007051029990035600000006400001
042007051053890031990000294300003
042007051070290002710000089500000
042007051079990014650000006000004
042007051080590005650000219600016
042007051084990039160000010200001
042007051090890006900020109200549
042007051092590021290000009900005
042007051099990021660000022900006
042007051113690031100000043600001
042007051129990024130001006100005
042007051139990025830000058400007
042007051139990025860005238700133
042007051140190002640000008900003
042007051142099999990000956500067
042007051162690022720000100400002
042007051174690037450000029800004
042007051179990037400000194700004
042007051199990002010001610200015
042007051199990039490000624500005
042007051010490005410000007200001
042007051012990025130000075200001
042007051014190033310000023600001
042007051024490020040000003000000
042007051025090039380000005000001
042007051049990007330000137400004
042007051049990007770000078400003
042007051053890032150000647500002
042007051059990030630000227900006
042007051063990032180000026000001
042007051063990039920000591100007
042007051069990032410000017600001
042007051070290003410000019000000
042007051071690014710000005800004
042007051074590035890000029100002
042007051079990013460000024000004
042007051080590005830000018900003
042007051080990011690000014400002
042007051082490002700011740500676
042007051082490020750000065700001
042007051084090012590000154300013
042007051084090032720000006400001
042007051084790037540000025400001
042007051092590021580000027800003
042007051099990010160001244700017
042007051113290029370000018900002
042007051133190026760006359400244
042007051149990002540000102000008
042007051153090007640000006200000
042007051162690022840000002800001
042007051169990022710000493000005
042007051171290013410000036800001
042007051174690036960000115000002
042007051174690037030000039500004
042007051999990002050009425300432
042007051011190012810000390400003
042007051011490013750000014200000
042007051012990005110006893500193
042007051012990025070000100600005
042007051014190033490000010700002
042007051022290020060000007900000
042007051025090039350000236400001
042007051033390002010023237400338
042007051033390029800000039700001
042007051039990029880000775500001
042007051039990030030000225600002
042007051040790007240002881000054
042007051053890031800000083500000
042007051063990004790000083600002
042007051063990032210000286000005
042007051069990032210000286000005
042007051069990032370000112600003
042007051074590035830000017800003
042007051080590006030000008500003
042007051080590006050000006400004
042007051084790037460000106000005
042007051084790037490000004600004
042007051084790037530000005900002
042007051089990037580000245300005
042007051090890009840000011900007
042007051092590002010001136800031
042007051092590022160000005400005
042007051113290029310000017000001
042007051119990002700047802401116
042007051119990030920000134600004
042007051122890024760000029400004
042007051129990002610000143500004
042007051142090018970000005000005
042007051144890037830000059700005
042007051153090025610000120000001
042007051159990025570000044400001
042007051162690022730000021800001
042007051170390004220000035100003
042007051170390004450000085600003
042007051174690037200000044600003
042007051179990037030000039500004
042007051189990002700000298500002
042007051999990013990003362600066
042007051999990031390001017900085
042007051010490005390000050400003
042007051011190012630000040200000
042007051011190012670000051400000
042007051011890005150000477800021
042007051011890017890000043800005
042007051012390020100000032900000
042007051012390020110000129600003
042007051012390020160000086200001
042007051012990025420000017300004
042007051014190033400000196900007
042007051019990005100000972700031
042007051019990020380000083000006
042007051019990025190000413900006
042007051024490002700002885500404
042007051025090002700017999200787
042007051025090003960000010400000
042007051025090035590000119200000
042007051040790006900000091200003
042007051059990030300004032300047
042007051069990003290000562800008
042007051069990032300000046000001
042007051069990032560000020500001
042007051069990032650000092500000
042007051074590035760000238200012
042007051082490020470000034000001
042007051083790031610000008100001
042007051084290033920000008100002
042007051084990039280000006000001
042007051094390039650000006200001
042007051100690006160000015600002
042007051101090003290001060100036
042007051101090012010000039300005
042007051101090012150000019200003
042007051109990006710000057100004
042007051109990012020000241900020
042007051113690030950000123500001
042007051140190002050000459800023
042007051142090002020006391100200
042007051144890019550000037600005
042007051144890037840000016700003
042007051144890039000000016300006
042007051149990002040006976400216
042007051149990019500000019500007
042007051153090004330000045500000
042007051159990004330000045500000
042007051162690002010008110700539
042007051162690022790001108500043
042007051169990022730000021800001
042007051189990039440000155700000
042007051999990032190007365700303
042007051011490002010012276100203
042007051011490017240000187900000
042007051024490035600000006400001
042007051033390029510000033100001
042007051033390029550000060200001
042007051033390030020000014900001
042007051040790007000000113700004
042007051053890031830000723700005
042007051063990002700009233300245
042007051063990032390000047000001
042007051070290003330000020600001
042007051071390013480000052200001
042007051071390013520000008900001
042007051071690014920000013300003
042007051071990002010004997600424
042007051071990003290000671000020
042007051071990018170000007700004
042007051071990018290000026700002
042007051071990018310000004400002
042007051074590035870000072400003
042007051080990011960000037400002
042007051082490020590000009400002
042007051083490030130000002000000
042007051084090032690000010100005
042007051084090032830000170400010
042007051084290002010002557800459
042007051084790005530001605400031
042007051091790007890002077900084
042007051092590007920000014200008
042007051094390002060001020000056
042007051099990007920000014200008
042007051111590013950000700700004
042007051113290029340000079000008
042007051113290029400000023300001
042007051122890004790000262500005
042007051122890023900000019700006
042007051129990024140000192300042
042007051129990024180000073200003
042007051133190025900011091000336
042007051133190027680000020000007
042007051140190002100000885400004
042007051140190002320000030900003
042007051142090019060000011600005
042007051153090025560000630800002
042007051159990025620000085700000
042007051159990025690000194000004
042007051171290009220000138200001
042007051171290013010000052400001
042007051195290002010001610200015
042007051010490005460000007200000
042007051011190012550000047100000
042007051011190012860000217900004
042007051011490013770000010400000
042007051022290020050000023600001
042007051033390029740000049500001
042007051040790002010018261400394
042007051040790007360000071600003
042007051040790007840000113400005
042007051053599999990001227600002
042007051053890002090000162600003
042007051063990032250000054400001
042007051071390013460000024000004
042007051071990018190000009100002
042007051071990018360000007200004
042007051074590035900000022900002
042007051080590005870000013700004
042007051080590006020000009300002
042007051080990011660000047100004
042007051082490020610000015800002
042007051083490030100000003400001
042007051084090032940000047500001
042007051084790037590000011300002
042007051084790037600000008000004
042007051084790037610000003100002
042007051084990005650000210200034
042007051084990039170000014300002
042007051084990039260000009500001
042007051092590010160000132100004
042007051099990022130000075000006
042007051100690006650000032900003
042007051101090012380000238500006
042007051109990012270000121100003
042007051111590013930000100500004
042007051113290013960004201500150
042007051119990013980000148600003
042007051119990014270000229700004
042007051119990014540000203900004
042007051129990023900000019700006
042007051133190026950000020400007
042007051139990028900000022000007
042007051142090019180000017900008
042007051153090006270000082400001
042007051153090025760000060600000
042007051162690022770000037700006
042007051169990022810000012200004
042007051171290013180000081100001
042007051179990036730002130400020
042007051010490005170000066700002
042007051011190005140004858300070
042007051011190012590000235400001
042007051012390004330000008800000
042007051012990025110000043600001
042007051014190033420000047100001
042007051022290019980000001100000
042007051039990030040000157700001
042007051040790007290000086800004
042007051040790007370000054000005
042007051049990007370000054000005
042007051053890002700014031000303
042007051063990032570000058600001
042007051071390013550000189100008
042007051071390013580000005000002
042007051071390013640000127900001
042007051071990017950000010200003
042007051071999999990000141700004
042007051079990004790000258500015
042007051079990035760000238200012
042007051084090002700003473900297
042007051084290033820000006600002
042007051084790037690000004500004
042007051090890008960000116300003
042007051091790016980000111700002
042007051091799999990000997100027
042007051092590021220000007400001
042007051094390035320000006800005
042007051100690006480000046300003
042007051101090012030000024200001
042007051101090012070000032600002
042007051101090012270000121100003
042007051109990002010025233301236
042007051112790014210000161500001
042007051119990014640000131600003
042007051129990024760000029400004
042007051129990024780000089900004
042007051139990027400000016200007
042007051142090018670000125900006
042007051142090019550000004100005
042007051144890038340000117300005
042007051153090025770000032300001
042007051159990025760000060600000
042007051171290012970000058400002
042007051171290012990000023900001
042007051174690002110005711800159
042007051179990013300000035400004
042007051195290039490000624500005
042007051010490005420000021800002
042007051010499999990000005300000
042007051012390020420000202400006
042007051012990025510000323400003
042007051014190033250000120900005
042007051014190033380000030500001
042007051022290020020000000900000
042007051024490035590000037300003
042007051025090039390000010800001
042007051029990002600000052100000
042007051049990006900000091200003
042007051049990007050000041900003
042007051071390013560000034500002
042007051071690014890000002700000
042007051071990018090000032100005
042007051074590003400000076600004
042007051074590035920000029000001
042007051079990013660000019200004
042007051080990011910000006400004
042007051080999999990000417500014
042007051084290033850000003100001
042007051092590022240000007200004
042007051094390034510000046900002
042007051100690006450000130300004
042007051109990006450000130300004
042007051113290002620000006500000
042007051113290002700006127400247
042007051113290029360000094700004
042007051113690031340000071500004
042007051122890002010149956101070
042007051140190002450000008900001
042007051142090019230000014500007
042007051142090019570000011800007
042007051144890038640000022300007
042007051149990019570000011800007
042007051174690037380000051300003
042007051179990004250000063900005
042007051010490005110001112200022
042007051010490005450000016300001
042007051012190019750000044800000
042007051012390005110003839800104
042007051012390020180000011700000
042007051014190033540000042100001
042007051019990017290000083800007
042007051022290019940001845500241
042007051063990032550000070300005
042007051063990032670000168100001
042007051070290002760000029500002
042007051071390013540000022500003
042007051071990018160000006800001
042007051074590035980000020100001
042007051079990018130000063100005
042007051083790002700007992000775
042007051084290033770000001000001
042007051084290033930000003600001
042007051089990032690000010100005
042007051089990039080000670500063
042007051090890010210000075300004
042007051090890011030000019100005
042007051091790009890000139200002
042007051091790016400000012100004
042007051092590007870006207500440
042007051099990010020000143300006
042007051109990006740000116600005
042007051112790002700008325100259
042007051113290013990000289400005
042007051129990006270000449900012
042007051133190026710000054600016
042007051133190027630000077900007
042007051133199999990004099800721
042007051139990028850000159700007
042007051140190002420000006200002
042007051142090002100002534200046
042007051142090019500000019500007
042007051144890038860000007800005
042007051149990019230000014500007
042007051149999999990003031500201
042007051170390004830000042700003
042007051171290013020000099500001
042007051999990002020031003601043
042007051011190012890000121700002
042007051011490002700014026000427
042007051011890017440000033200005
042007051012190019820000124800005
042007051019990002700155588504394
042007051019999999990014496500262
042007051025090019940005709300416
042007051025090039420000002600000
042007051040790006960000265500007
042007051049990007240002881000054
042007051053590002010012660000146
042007051080590006120000007200003
042007051082490020820000005600001
042007051084090002010004545100685
042007051089990005650001988500149
042007051089990037520000192700006
042007051091790016660000006000003
042007051092590021190000007200002
042007051092590021660000022900006
042007051100690006710000057100004
042007051111590014170000113600003
042007051113690002700014278400234
042007051113690031190000186100003
042007051119990013960031527900661
042007051129990023760000097100005
042007051129990023850000344500003
042007051139990025870000769900016
042007051140190002530000007600001
042007051149990019190000013700007
042007051171290013400000023100001
042007051174690036750000018800004
042007051999990003290121703002034
042007051011190012520000058400000
042007051014190033560000106200005
042007051024490019930000474900034
042007051039990029450001091100010
042007051039990029550000060200001
042007051053590030790000057700003
042007051053890031950000040400003
042007051059990030450000205700007
042007051063990032580000077500002
042007051071690014790000012100001
042007051071690014810000004100001
042007051080990006000000760600065
042007051080990011680000012200004
042007051083490030070000048100001
042007051083790031450000003000001
042007051083790031630000031900001
042007051084790006000000139300000
042007051089990012590000154300013
042007051089990031420000015500005
042007051089990032830000170400010
042007051091790002060000171300006
042007051092590002060000054700004
042007051094390033980000023900001
042007051094390034160000066000002
042007051101090012020000241900020
042007051109990006180000178600003
042007051119990031230000154200003
042007051133190025870000769900016
042007051139990026780000036900007
042007051142090019240000007700005
042007051144890002070000155900002
042007051159990014840000008200000
042007051159990025560000630800002
042007051162690022870000021400000
042007051169990022720000100400002
042007051169990022770000037700006
042007051170390013330000238400003
042007051171290013000000029100004
042007051171290013300000035400004
042007051171290013350000055600002
042007051174690036500000103900002
042007051174690037370000017900003
042007051011190012770000029200001
042007051011199999990000234100000
042007051011890002700018471400816
042007051011890005110004459800148
042007051012190017240000088100000
042007051012390002010011844000339
042007051012990025050000015700001
042007051012990025190000413900006
042007051022290020070000010000002
042007051025090039340000004200004
042007051025090039400000088800006
042007051029990004790000122000003
042007051029990018070000091600000
042007051033390029450001091100010
042007051033390030030000225600002
042007051039990002700023456200444
042007051053590030520000267200004
042007051053590030570000149700001
042007051053590030730000864600022
042007051053890030370000832500001
042007051053890031960000033900003
042007051059990005160001061200003
042007051063990003290000562800008
042007051069990032420000010200001
042007051071390013430000192700002
042007051082490020520000615000015
042007051083790005540000027900001
042007051084090005650000010500003
042007051084090032750000030400006
042007051084990002700004061500487
042007051089990033780000016900005
042007051091790015860000044100004
042007051091790016420000016300004
042007051109990006330000052800004
042007051109990006590000036800004
042007051109990012380000238500006
042007051122890023540000018300005
042007051129990024060000006700004
042007051129990024070000012700005
042007051140190002480000005400001
042007051142090019370000035300009
042007051142090019380000060400009
042007051144890039010000024200002
042007051149990019040000020200006
042007051149990019550000041700010
042007051159990002010035960300413
042007051169990022860000003400001
042007051170390004060000187200002
042007051179990004160000174900004
042007051185190002700000298500002
042007051999990005140023488500525
042007051999990020430003185100161
042007051010490005150000252100013
042007051010490005370000038300001
042007051010490017240000011100000
042007051011190005150002423400013
042007051011890017460000063400002
042007051011890017660000011600003
042007051012190019880000095000002
042007051012990005140003005600079
042007051014190033260000027900001
042007051014190033510000064000002
042007051022290002700005182000631
042007051025090002010014443500436
042007051029990002010020412001103
042007051029990020070000010000002
042007051039990029580000050200002
042007051059990032130000127800003
042007051063990032410000017600001
042007051063999999990000464200000
042007051070290002800000047500003
042007051071390013490000139100000
042007051080590005630000015600001
042007051083490005530000438700006
042007051083490030110000025400000
042007051084290002700001899000166
042007051084790037580000245300005
042007051084990002010006105700909
042007051091790014990000077800003
042007051099990007910072332503387
042007051109990002700030641001685
042007051113290029270000096600003
042007051113690013950000881800003
042007051113690013990000164100002
042007051113690031330000074200001
042007051122890023330000009200004
042007051144890002040002898500091
042007051149990018670000125900006
042007051169990002010008110700539
042007051179990036260000048400004
042007051999990019930005846300228
042007051010490005480000028600002
042007051011190012510000122700000
042007051012390020210000008600000
042007051012990002700022726200522
042007051019990025280000330800005
042007051033390029750000042600003
042007051039990029490000293000007
042007051039990029970000012800001
042007051049990002010018261400394
042007051049999999990002079700038
042007051053590030710000197100002
042007051059999999990004139700023
042007051069990039920000591100007
042007051074590035960000017000001
042007051079990018090000032100005
042007051080590002010005829500833
042007051080990011620000014900002
042007051082490002010011559100779
042007051082490020660000022600002
042007051083790031590000009100001
042007051084790002600000022600000
042007051084790037480000004500002
042007051091790015190000170000005
042007051092590009890000121600001
042007051092590021000000037300005
042007051094390035100000014400001
042007051109990006470000047600004
042007051111590014430000067100002
042007051113290013950000227500000
042007051139990027000000018400007
042007051149990018580000201300005
042007051149990019110000044000009
042007051162690022740000004300001
042007051171290013320000015000003
042007051179990002160000917400014
042007051011190012850000147900001
042007051014190033500000203700008
042007051033390002700023456200444
042007051033390029880000775500001
042007051039990029440000590400004
042007051039990029530000039800003
042007051040790007180000141500002
042007051040790007220000226800003
042007051049990006820003430000096
042007051049990007280000034100003
042007051049990013330000116700002
042007051053590030460000043300001
042007051053890031910000172900004
042007051059990030520000267200004
042007051074590035620000087000005
042007051080990011600000004700003
042007051080990011860000011900003
042007051082490020530000009000001
042007051083490002700004320200294
042007051084090032960000015400001
042007051089990020430003185100161
042007051090890010710000057600004
042007051091790007870007634000458
042007051094390034590000183100001
042007051099990008990000114900005
042007051099990034030000310700008
042007051101090012430000036600004
042007051109999999990001728600072
042007051119990030990000336400007
042007051139990027630000077900007
042007051140190002030003924500044
042007051142090019190000013700007
042007051149990002020030862401029
042007051170390004410000062400003
042007051179990004470011447500141
042007051179990004580000104500004
042007051185190039460000565900004
042007051999990003400001433100093
042007051011190002010015291900173
042007051011190012880000039400000
042007051011890017870000030800003
042007051014190033410000246500006
042007051033390029620000088500003
042007051049990007790000092400005
042007051053890014840000248300000
042007051059990030790000057700003
042007051069990032470000025500002
042007051071690003290000411700011
042007051071690014650000006000004
042007051074590012590000018200001
042007051079990014930000016400005
042007051080590004330000009100002
042007051082490005530001017900029
042007051082490020560000014000002
042007051082490020630000005800001
042007051084990039130000005600000
042007051092590022130000075000006
042007051109990006620000054600004
042007051109990012060000061100005
042007051111590014270000229700004
042007051119990022960000052800004
042007051144890002010008207600067
042007051149990038640000022300007
042007051153090025590000084600001
042007051153090025660000326400003
042007051170390004470003625300028
042007051174690013330000649000002
042007051174690036600000017400004
042007051179990013080001941900029
042007051189990039450000032600000
042007051999990007890025817900451
042007051011490013680000208100007
042007051011490013790000099100002
042007051011890017690000112000002
042007051012390020410000079500002
042007051012990025280000330800005
042007051014190005110012190800269
042007051022290019970000018400004
042007051029990014840000080300001
042007051040790002700012431100218
042007051049990006960000265500007
042007051049990007350000204200004
042007051070290003160000001400000
042007051071690003150000002700000
042007051071690014740000005400000
042007051071990002700005117600610
042007051074590035800000016600001
042007051074590036000000013600002
042007051079990003270000238000004
042007051079990005770000250700013
042007051082490020490000019300002
042007051084090032900000007800001
042007051091790006900005481800398
042007051091790016410000009100003
042007051094390034440000017400003
042007051099990002010028319500284
042007051100690006750000020200002
042007051111590014130000101500003
042007051111590014380000470300003
042007051111590014500000154000002
042007051112790013960003907100101
042007051112790022980000089900002
042007051113690031230000154200003
042007051119990013930000100500004
042007051119990014210002258700014
042007051142090019480000011200006
042007051153090002700021165800271
042007051159990002700021165800271
042007051162690022900000001200001
042007051171290036730000185500001
042007051174690036440000012100004
042007051179990003960001209100014
042007051189990039460000565900004
042007051010490005120002255400061
042007051011190002700020988200330
042007051011490005140002720000066
042007051011899999990001088900032
042007051014190033550000041800001
042007051019990013790000462900013
042007051025090039410000005500001
042007051029990039410000005500001
042007051033390029590000042900001
042007051033390030040000157700001
042007051049990007100000113300003
042007051053590002090005139100051
042007051053590030630000227900006
042007051053890032070000054300002
042007051059990002090005301700054
042007051059990031910000172900004
042007051069999999990000464200000
042007051070290002770000016600001
042007051070290002820000023500004
042007051070290003360000059100000
042007051071690014670000005000001
042007051079990002010046062702619
042007051080590006070000003900003
042007051080990011750000005700003
042007051083490004790000025100005
042007051083790031530000005300002
042007051084290006000000002400001
042007051084290033730000003000003
042007051091790015530000028400003
042007051092590021070000015400002
042007051099990002200001346100012
042007051100690006610000027900003
042007051111590002010022261400519
042007051111590014210001345200009
042007051111590014570000156000003
042007051112790023010000006700000
042007051113290029280000019800002
042007051113690031200000122100002
042007051139990026740000028100007
042007051139990026760006359400244
042007051140190002430000004100001
042007051149990002030024155300332
042007051170390002160000357200003
042007051999990002060001747800086
042007051011190017410000083200000
042007051012190002700011315700472
042007051012190005110002403100087
042007051014190033390000035800001
042007051019990013680000208100007
042007051024490003290000609400026
042007051025090020040000045500000
042007051033390029670000210000000
042007051069990032320000020000001
042007051070290002750000007000001
042007051071690014800000005900002
042007051071990018390000004300003
042007051080590005600000013400001
042007051080590005740000011300002
042007051080990011920000027700005
042007051083790006000000047900002
042007051084290033710000003800001
042007051084290033750000375300020
042007051084290033780000016900005
042007051089990004500000031900006
042007051090890008720000024500004
042007051092590008150000132900005
042007051094390006900004470700278
042007051094390034740000023500002
042007051094390034760000186100007
042007051100690006170000015300003
042007051109990006660000028300004
042007051113690031040000081600003
042007051129990024710000080600003
042007051140190002130000031600004
042007051144890038880000023900004
042007051149990002050007345600337
042007051149990019180000017900008
042007051149990019530000077400007
042007051153090025690000194000004
042007051169990022850000005400001
042007051169990022880000003800002
042007051170390003970000072300006
042007051171290002110001573100022
042007051999990002700776086524029
042007051012390020140000005300000
042007051012990025100000045200001
042007051014190033580000145200004
042007051019990025210000079600006
042007051025090003290002040700014
042007051029990039380000005000001
042007051029990039770000005100001
042007051033390029840000077900003
042007051040790006950000021900003
042007051040790007050000041900003
042007051053590030270004514500093
042007051053590030300001648300014
042007051053590030550000570700008
042007051069990032670000168100001
042007051070290002790000066200004
042007051080990002010009450100974
042007051083490030140000016500001
042007051084790003300000081600000
042007051090890007910045623301169
042007051091790015520000030300003
042007051094390007890001453900037
042007051094390034030000310700008
042007051099990007430000162300017
042007051099990008760000313700006
042007051100690002010015195800553
042007051101090012210000093900007
042007051113690031360000148100002
042007051119990031190000186100003
042007051129990002010149956101070
042007051129990024790000300600011
042007051133190026550000138100007
042007051139990027680000020000007
042007051139990028910000035900009
042007051159990004500000015400000
042007051159990006270000082400001
042007051174690036870000668800006
042007051011890002010016685100560
042007051011890017230000084500002
042007051012190019720000045600005
042007051012190019790000027100002
042007051012190019830000014800000
042007051012390020150000250100005
042007051012990025020000130400001
042007051029990020040000053000000
042007051033390029440000590400004
042007051033390029580000050200002
042007051053590030680000460700007
042007051053890031920000038300000
042007051069990032390000047000001
042007051070290003270000238000004
042007051070290003370000013200000
042007051071690014930000016400005
042007051071990017960000004200001
042007051079990002700051795603166
042007051079990018360000007200004
042007051080990002050000010700002
042007051083790031720000037900001
042007051084290033740000004100001
042007051084790005540000143700012
042007051084790018070000039800000
042007051091790016690000043900003
042007051092590021180000013900003
042007051092590022630000200900027
042007051099990009890001853600020
042007051101090002700011776500867
042007051111590013970000076100002
042007051111590014020000042300003
042007051111590014440000117500002
042007051133190028850000159700007
042007051139990027590000014900007
042007051144890002020020737900639
042007051144890038870000019800004
042007051149990002070000611700033
042007051159990025740000012000000
042007051169990022840000002800001
042007051169990022890000005500002
042007051171290013260000022500001
042007051179990037310000081600006
