102007051010490002010010708900012
102007051010490002700010747300012
102007051010490005110001112200001
102007051010490005120002255400002
102007051011190002010015291900013
102007051011190002700020988200015
102007051011190005110005745100002
102007051011190005140004858300001
102007051011490002010012276100006
102007051011490002700014026000014
102007051011490005110010677200007
102007051011890002010016685100012
102007051011890002700018471400013
102007051011890005110004459800002
102007051012190002010008079300008
102007051012190002700011315700015
102007051012190005110002403100001
102007051012190005140001815000001
102007051012390002010011844000011
102007051012390002700017885400015
102007051012390005110003839800001
102007051012990002010024483600014
102007051012990002700022726200015
102007051012990005110006893500002
102007051014190002010023458000006
102007051014190002700039428300020
102007051014190005110012190800003
102007051014190005140006987400002
102007051022290002010003436600008
102007051022290002700005182000013
102007051022290019930001009200001
102007051022290019940001845500003
102007051024490002010002531900008
102007051024490002700002885500010
102007051024490003290000609400001
102007051024490019930000474900001
102007051024490019940001853100005
102007051025090002010014443500009
102007051025090002700017999200014
102007051025090019930004362200001
102007051025090019940005709300003
102007051070290002010008587400010
102007051070290002700010318300015
102007051071390002010011394100012
102007051071390002700013698800015
102007051071690002010005582300011
102007051071690002700006186100014
102007051071990002010004997600012
102007051071990002700005117600012
102007051071990003290000671000001
102007051074590002010015501300013
102007051074590002700016474800014
102007051080590002010005829500016
102007051080590002700003292900008
102007051080590005530000539200001
102007051080990002010009450100015
102007051080990002700006618100009
102007051080990011500000803900001
102007051082490002010011559100013
102007051082490002700011740500011
102007051082490020430003185100001
102007051083490002010004872700014
102007051083490002700004320200011
102007051083790002010010297700015
102007051083790002700007992000010
102007051084090002010004545100015
102007051084090002700003473900010
102007051084290002010002557800015
102007051084290002700001899000009
102007051084290033750000375300001
102007051084790002010014369300014
102007051084790002700011737300012
102007051084790005530001605400001
102007051084990002010006105700014
102007051084990002700004061500009
102007051084990005530000652300001
102007051084990039080000670500001
102007051090890002010023179400004
102007051090890006900020109200002
102007051090890007870068724100025
102007051090890007890021446200004
102007051090890007910045623300016
102007051091790006900005481800006
102007051091790007870007634000009
102007051091790007910009901000012
102007051092590002010001136800001
102007051092590006900003431100003
102007051092590007870006207500010
102007051092590007910006556100011
102007051094390002010002705000002
102007051094390006900004470700002
102007051094390007870009911700011
102007051094390007910010252100012
102007051100690002010015195800010
102007051100690002700018864500017
102007051101090002010010037500011
102007051101090002700011776500014
102007051111590002010022261400013
102007051111590002700019071500012
102007051111590013960012459400006
102007051112790002010009981200011
102007051112790002700008325100011
102007051112790013960003907100003
102007051113290002010010482700014
102007051113290002700006127400008
102007051113290013960004201500003
102007051113690002010022838700014
102007051113690002700014278400008
102007051113690013960010959900005
102007051170390002010037929200018
102007051170390002700028865400013
102007051171290002010013362900016
102007051171290002110001573100001
102007051171290002700010533500010
102007051174690002010063532100018
102007051174690002700046251500012
102007051174690004470007309600001
