102019051081019900151600034888001
102019051081019900391400111753003
102019051081019900664900046629001
102019051081029900664900016399001
102019051081139900146400021399001
102019051081139900664900028646001
102019051081219900391400033693001
102019051081219900664900042971002
102019051081879900145600023703001
102019051081879900391400066273002
102019051081879900664900044855001
102019051082119900391400060055002
102019051082119900664900036354001
102019051082799900146400026527001
102019051082799900339500027972001
102019051082799900391400040324001
102019051082799900664900036814001
102019051082989900146400021475001
102019051082989900664900026282001
102019051083059900146400014116001
102019051083079900391400018180001
102019051090189900168800007843001
102019051090189900180900007999002
102019051090569900168800002131001
102019051090599900168800033956005
102019051090599900180900040533006
102019051090599900321800006864001
102019051090599900418100018660003
102019051091949900168800002551001
102019051092199900168800004029001
102019051092199900180900008295002
102019051093309900168800002791001
102019051099039900180900004512001
102019051442169900147100009940004
102019051442169900405400004986002
102019051442169900513000003310001
102019051451219900609600009313001
102019051451219900613500011335001
102019051451249900609600016014001
102019051451249900613500017922001
102019051451429900609600011696001
102019051451429900613500011113001
102019051451659900609600024154002
102019051451659900613500035626004
102019051451689900107600015501001
102019051451689900609600044344004
102019051451689900610000012130001
102019051451689900613500060656006
102019051451739900609600017820001
102019051451739900613500022049002
102019051460179900139100025347001
102019051460179900321200022049001
102019051461319900139100025206001
102019051461319900284400022204001
102019051461459900139100027261001
102019051461459900284400019700001
102019051461479900139100023665001
102019051461479900284400025335001
102019051461849900598700012733001
102019051462139900139100018521001
102019051462209900139100026147001
102019051462209900284400016866001
102019051462359900139100015989001
102019051462509900139100211614006
102019051462509900284400162278004
102019051462509900321200155088004
102019051462509900462300102522003
102019051462509900555600039440001
102019051470859900134200007682003
102019051470859900530800011646005
102019051470869900134200003538001
102019051470869900530800007117002
102019051471869900134200086230006
102019051471869900292200019765001
102019051471869900512000014987001
102019051471869900529900030411002
102019051471869900530800079229006
102019051490219900244900008083003
102019051490219900266000007997002
102019051491669900244900002857001
102019051491669900266000001929001
102019051492199900244900003605001
102019051492199900266000004495001
102019051492509900244900002465001
102019051492759900244900022226006
102019051492759900266000013369004
102019051492759900434900016507004
102019051492759900573500004233001
102019051500679900175000008504002
102019051500679900495100007208002
102019051500749900175000003418001
102019051500949900175000004014001
102019051500959900175000008413002
102019051500959900495100004298001
102019051502519900175000005365001
102019051502519900495100004218001
102019051502979900175000122132006
102019051502979900340900022551001
102019051502979900361900023246001
102019051502979900495100089390004
102019051502979900496800033423001
102019051502979900645200067664003
102019051020039900112500038416006
102019051020039900179200036509005
102019051020039900412900016638002
102019051020039900615200010539001
102019051020089900112500004970001
102019051020099900112500009570001
102019051020099900179200010900002
102019051020379900112500013713002
102019051020379900179200008753001
102019051020699900112500014239002
102019051020699900179200012021002
102019051030099900414500021210001
102019051030099900570600015881001
102019051030149900414500055341003
102019051030149900570600054501003
102019051030149900620200032365002
102019051030639900323200013606001
102019051030639900414500022601001
102019051030639900570600017107001
102019051030659900414500055113003
102019051030659900570600045900003
102019051030669900414500034605002
102019051030669900570600019063001
102019051030999900414500028954002
102019051030999900570600044364003
102019051031399900414500021450001
102019051031399900570600024776002
102019051031409900414500010310001
102019051040139900139300065390008
102019051040139900271500011576001
102019051040139900372500056133006
102019051040139900442700013111001
102019051040299900139300017909003
102019051040299900372500011607001
102019051040299900442700007684001
102019051040539900139300018827002
102019051040539900372500018066001
102019051041009900139300012238001
102019051041009900372500015162002
102019051050149900151300008513003
102019051050149900663200006617002
102019051050169900151300007236002
102019051050169900663200003215001
102019051050199900151300018145006
102019051050199900516900013417004
102019051050199900663200012078004
102019051050199900747800004852001
102019051051869900151300005258001
102019051051869900663200002994001
102019051060119900458800017217002
102019051060119900491100010255001
102019051060159900458800035483003
102019051060159900484100009324001
102019051060159900491100027026003
102019051060369900458800010506001
102019051060449900458800016086002
102019051060509900458800004956001
102019051060639900458800007158001
102019051060709900458800007703001
102019051060749900458800008447001
102019051060839900458800032351004
102019051060839900491100016082001
102019051060959900458800010059001
102019051061539900458800014910002
102019051061589900458800015682001
102019051061589900491100013070001
102019051080069900146400019447001
102019051080069900664900020737001
102019051080199900145600109704002
102019051080199900146200077845002
102019051080199900146400085878002
102019051080199900151600170771004
102019051080199900391400185910004
102019051080199900664900192632004
102019051080229900664900008364001
102019051080969900391400049588002
102019051080969900664900044305001
102019051081019900145600031879001
102019051100379900133900025206003
102019051100379900166900032734005
102019051100379900348600011043001
102019051100679900133900011085001
102019051100679900166900014337002
102019051101319900133900009966001
102019051101319900166900013233002
102019051101489900133900025989003
102019051101489900166900024671003
102019051110129900409400013397001
102019051110159900104400015676002
102019051110159900409400012090001
102019051110159900499400009146001
102019051110209900104400029524002
102019051110209900382400012179001
102019051110209900409400025237002
102019051110279900104400021558002
102019051110279900393200010317001
102019051110279900409400014225001
102019051110319900104400023361002
102019051110319900409400009682001
102019051110329900104400011546001
102019051110329900396000008381001
102019051110339900104400010733001
102019051110339900106100015823002
102019051120039900228800002468001
102019051120409900228800034250004
102019051120409900375300048187005
102019051120409900436800016969002
102019051120409900611100017251002
102019051120729900375300005016001
102019051120809900375300002745001
102019051120829900228800021074002
102019051120829900375300024025003
102019051121009900228800003747001
102019051121049900228800004759001
102019051121389900228800008062001
102019051121389900375300011294002
102019051121409900228800002351001
102019051130059900354800016677002
102019051130059900595600029576004
102019051130349900354800030900004
102019051130349900595600036467004
102019051130399900354800008802001
102019051130399900595600006965001
102019051130539900354800007694001
102019051130539900595600011452001
102019051130719900354800011434001
102019051130719900595600019939003
102019051130879900354800007427001
102019051130879900595600011771001
102019051130939900595600006585001
102019051140029900292000009555001
102019051140029900396000006773001
102019051140079900292000004110001
102019051140139900295100007450001
102019051140219900292000054543004
102019051140219900294800023453002
102019051140219900295100052782004
102019051140219900396000022239002
102019051140219900496400012209001
102019051140389900292000014853001
102019051140389900295100009614001
102019051140429900292000012833001
102019051140429900396000009628001
102019051140529900292000009936001
102019051140539900292000014144001
102019051140539900396000007772001
102019051140549900292000010008001
102019051140549900295100012113001
102019051140559900295100007209001
102019051150099900274100015317001
102019051150099900312100018145001
102019051150199900236400010880001
102019051150199900312100014589001
102019051150289900274100011155001
102019051150309900142900018529001
102019051150309900161200025290001
102019051150309900236400014971001
102019051150309900274100054810003
102019051150309900312100055079004
102019051150369900236400012384001
102019051150369900274100030847002
102019051150369900312100030091002
102019051150579900274100011755001
102019051150579900312100021599002
102019051150789900236400019228001
102019051150789900274100045895003
102019051150789900312100055445004
102019051160789900128800019045005
102019051160789900327200013721004
102019051160789900390200006216001
102019051161349900128800011007003
102019051161349900327200008619002
102019051161909900128800009858002
102019051161909900327200011332003
102019051162039900128800012729003
102019051162039900327200009116002
102019051170229900600500007644001
102019051170229900688500008887001
102019051170229900690700009731001
102019051170229900692900016873002
102019051170669900688500006895001
102019051170669900690700016435002
102019051170669900692900013557001
102019051170799900683600015657001
102019051170799900688500015119001
102019051170799900690700035209004
102019051170799900692900029570003
102019051171149900690700012599001
102019051171149900692900008547001
102019051171419900690700008147001
102019051101959900133900010506001
102019051101959900166900013054002
102019051102039900166900003034001
102019051110049900104400018541002
102019051110049900409400021379002
102019051110069900104400026481002
102019051110069900393200012799001
102019051110129900393200026498002
102019051171809900420600009229001
102019051171809900688500008348001
102019051171809900690700017710002
102019051171809900692900017160002
102019051180239900500700011635002
102019051180879900123800035276002
102019051180879900396000017530001
102019051180879900450300066882004
102019051180879900451500014430001
102019051180879900500700100436007
102019051180879900502800018226001
102019051180899900450300008186001
102019051180899900500700010268001
102019051181229900450300014569001
102019051181229900500700018600001
102019051181409900450300013500001
102019051181409900500700013978002
102019051181479900450300008449001
102019051181479900500700013291001
102019051191309900120600045501007
102019051191309900330900032289005
102019051191309900579600007796001
102019051191309900622900009835001
102019051191309900747300011340001
102019051191909900120600002454002
102019051191909900330900001641002
102019051192579900120600002822003
102019051192579900330900002777003
102019051210079900452900012060002
102019051210109900452900011631002
102019051210109900560500013439002
102019051210419900390900008741001
102019051210419900452900046041007
102019051210419900517500010083001
102019051210419900560500018676003
102019051220669900448600003289001
102019051221129900448600005052002
102019051221129900482700004649001
102019051221259900395500003574001
102019051221259900405400003553001
102019051221259900448600016330004
102019051221259900482700012602003
102019051221309900405400002601001
102019051221309900448600006565002
102019051221309900482700003034001
102019051230029900134700007251001
102019051230029900136700011452001
102019051230059900134700010044001
102019051230059900136700020490002
102019051230099900136700007552001
102019051230249900134700010054001
102019051230249900136700013219001
102019051230289900134700006835001
102019051230289900136700010392001
102019051230509900134700027329003
102019051230509900136700041702004
102019051230509900378100011149001
102019051230559900134700004924001
102019051230559900136700006854001
102019051230609900134700006470001
102019051230609900136700012636001
102019051230929900136700020362003
102019051230959900134700013705001
102019051230959900136700014862001
102019051240089900378000007819001
102019051240089900455000006848001
102019051240109900378000007763001
102019051240569900455000002276001
102019051240899900209700014591001
102019051240899900378000039839005
102019051240899900455000044590006
102019051240899900685900014396001
102019051241159900378000020734003
102019051241159900455000029908004
102019051241399900378000002489001
102019051250409900219000010936001
102019051250409900293500014947002
102019051250589900293500005173001
102019051250729900219000007738002
102019051250729900293500007365001
102019051251209900150900014303002
102019051251209900219000029084005
102019051251209900293500024652004
102019051251209900350400006416001
102019051251209900561400005563001
102019051252039900219000003656001
102019051252079900293500004919001
102019051252099900293500001958001
102019051252349900293500002862001
102019051252439900150900002791001
102019051270169900240700008157001
102019051270169900481900005286001
102019051270189900481900002294001
102019051270289900240700032593006
102019051270289900481900024408004
102019051270289900538300012036002
102019051270309900240700017175003
102019051270309900481900016074002
102019051270309900538300008791001
102019051270319900240700008608001
102019051270319900481900008846001
102019051270659900240700008678001
102019051270659900481900007426001
102019051290159900122100017465001
102019051290159900137900024669001
102019051290679900122100137985007
102019051290679900137900115713006
102019051290679900574800035950002
102019051290679900603700029365001
102019051290699900122100063307005
102019051290699900137900043316003
102019051290699900603700013837001
102019051290849900137900010177001
102019051290949900122100022705002
102019051290949900137900019740001
102019051320069900547400004325001
102019051320099900461100005762001
102019051320099900547400005016001
102019051320199900461100006626001
102019051320199900547400006509001
102019051320549900137400009958001
102019051320549900461100028964005
102019051320549900486200013226002
102019051320549900540400006595001
102019051320549900547400039592006
102019051320639900547400003582001
102019051320699900461100003300001
102019051320699900547400004596001
102019051320859900461100006243001
102019051320859900547400008119001
102019051340179900231200001874001
102019051340229900231200002050001
102019051340479900231200002590001
102019051340569900160400004808002
102019051340569900231200006265002
102019051340729900231200002793001
102019051341209900160400021651006
102019051210509900452900009705002
102019051210509900560500007253001
102019051210549900452900016410002
102019051210549900560500011243002
102019051210729900452900012951001
102019051210729900560500007248001
102019051220489900405400003582001
102019051220489900448600013353004
102019051220489900482700009494003
102019051341209900176400003509001
102019051341209900231200020237006
102019051341209900528300006430002
102019051341579900231200003849002
102019051360069900417600020217001
102019051360069900652300021271002
102019051360179900652300007683001
102019051360249900652300011222001
102019051360389900251000036890002
102019051360389900417600028038002
102019051360389900652300050065003
102019051360429900652300011797001
102019051360559900251000011335001
102019051360559900417600014505001
102019051360559900652300018667001
102019051360579900417600118937009
102019051360579900652300032994002
102019051370469900384900007777002
102019051370469900563400006191001
102019051371079900384900008135002
102019051371079900563400005756001
102019051372469900384900005278001
102019051372469900563400004908001
102019051372749900384900054906007
102019051372749900490600019259002
102019051372749900563400042763006
102019051373769900384900005549001
102019051373769900563400003500001
102019051400639900113800005864002
102019051400639900517100004462002
102019051401709900113800001441001
102019051401859900113800003914002
102019051401859900517100003576001
102019051401949900113800018727006
102019051401949900341900006065002
102019051401949900517100018367006
102019051401949900545600003089001
102019051401959900113800003521001
102019051401959900517100002910001
102019051410249900450600012972001
102019051410249900453300013864001
102019051410329900450600005593001
102019051410399900450600010210001
102019051410559900450600010864001
102019051410609900654800009864001
102019051410659900450600011822001
102019051410689900450600024570002
102019051410919900450600235178008
102019051410919900453300123537004
102019051410919900651300061057002
102019051410919900651600036767001
102019051410919900654800080395003
102019051410959900450600058127003
102019051410959900654800018840001
102019051420209900436100001451001
102019051420209900547400002298002
102019051420209900561800002794002
102019051420439900436100001965001
102019051420439900547400002132002
102019051420439900561800003008002
102019051421739900431900002026001
102019051421739900436100002067001
102019051421739900547400010592005
102019051421739900561800015317008
102019051431239900134500015704002
102019051431239900499900023416002
102019051431239900664900025296003
102019051431489900134500020742002
102019051431489900145100012744001
102019051431489900499900014031002
102019051431489900664900018433002
102019051431559900134500010232001
102019051431559900499900019538001
102019051431559900664900029349003
102019051431619900499900011261002
102019051431619900664900009433001
102019051431639900134500015805002
102019051431639900499900006621001
102019051431639900664900012820002
102019051440139900102300008773003
102019051440139900147100010779004
102019051440139900159500002262001
102019051440139900405400004774002
102019051440509900102300002511001
102019051440509900147100004004001
102019051440509900405400002344001
102019051442169900102300010590005
