022000031010490001030000018000000
022000031010490001350011768500002
022000031011190000860005457000001
022000031011190001450000040100000
022000031011490000880000011900000
022000031011890001070000030500000
022000031012390000010000015000000
022000031014190000480000093900000
022000031014190000540000087100000
022000031019990001550000083800000
022000031022290000770000081900000
022000031025090000370000017300000
022000031029990000480000037400000
022000031033390000630006702400001
022000031040790000460000955600000
022000031053590001420000031900000
022000031053890001450000062300000
022000031059990001070000030100000
022000031063990000630001671400000
022000031070290000480000020700000
022000031071690000370000003300000
022000031071690001450000030300000
022000031071990001030000012800000
022000031074590000500000013000000
022000031074590001340000016600000
022000031074590001350013235800002
022000031082490000630001131600000
022000031083490001070000025700000
022000031083790000880000011800000
022000031084090000480000012800000
022000031084090000760000114300000
022000031084790001690000090800000
022000031084990001070000020400000
022000031084990001200000102800000
022000031089990001200000211800000
022000031089990001540000234700000
022000031090890000360013111400001
022000031090890000500000082600000
022000031090890000580010377800001
022000031090890001130060277700008
022000031091790000430000179000000
022000031091790001130004699200001
022000031092590000880000004200000
022000031092590001720000013900000
022000031099990000260097042100015
022000031099990000620000154100000
022000031100690001350017839600003
022000031101090001390000041800000
022000031113290001130012853500003
022000031119990000190000236100000
022000031122890000540003243200000
022000031122890001660002437200000
022000031129990000540003243200000
022000031011490000990000056000000
022000031011890000860001659400000
022000031011890000990000059600000
022000031011890001130020487500003
022000031012190001350011507100003
022000031012990001450000044100000
022000031012990001720000047900000
022000031022290001070000008600000
022000031025090000500000019200000
022000031025090001130024440300004
022000031039990000100000108500000
022000031039990001350024183000003
022000031049990000500000018200000
022000031053590000140011307500002
022000031053890001030000050100000
022000031053890001130014033600003
022000031059990001420000031900000
022000031063990000990000053600000
022000031071690000070000006100000
022000031079990000070000006100000
022000031079990001230000040000000
022000031079990001350043863000008
022000031079990001670000009700000
022000031080590000660000019300000
022000031080590000890000006200000
022000031080590001130007005800002
022000031082490001450000029300000
022000031082490001700009980400002
022000031083490001030000011300000
022000031083790000480000016700000
022000031083790001580000141600000
022000031084090000630000489800000
022000031084090001450000140700000
022000031084090001700002917800001
022000031084790000500000023800000
022000031084790001030000052900000
022000031084990001690000023100000
022000031090890000260067355800009
022000031094390001000000008500000
022000031099990000500000082600000
022000031109990000630003086500000
022000031122890000880000130600000
022000031122890000990000283600000
022000031122890001250000136300000
022000031129990000880000130600000
022000031129990001110000175700000
022000031140190000280000798500000
022000031140190000320000000000000
022000031140190001750000020600000
022000031144890001130017727200003
022000031144890001640000018200000
022000031149990000290034741700007
022000031162690000880000013900000
022000031010490000500000013700000
022000031011190001130022802400004
022000031011190001180000054600000
022000031012190000010000014100000
022000031012390000560000043700000
022000031012990000880000030000000
022000031014190000070000030300000
022000031014190000560000143100000
022000031014190001070000048900000
022000031014190001350047627700007
022000031019990000070000030300000
022000031019990000480000238800000
022000031029990000370000020500000
022000031029990000770000377400000
022000031039990000370000060700000
022000031039990000880000016000000
022000031040790000500000018200000
022000031040790001480000837200000
022000031049990001410000042300000
022000031053890000980000065600000
022000031059990000140024826100004
022000031070290001030000030700000
022000031070290001400000025000000
022000031079990000480000087500000
022000031079990000630004674600000
022000031080990001690000046400000
022000031082490001130015226800003
022000031083790001070000030900000
022000031084290000370000004000000
022000031084790000960000418400000
022000031084990000630000363700000
022000031089990000760000114300000
022000031090890001040000133300000
022000031099990000430001157900000
022000031099990001000000008500000
022000031112790000080000029800000
022000031129990001350102321200012
022000031129990001490000038800000
022000031129990001660002437200000
022000031129990001670000038400000
022000031133190000330000065000000
022000031133190000370000026700000
022000031139990000330000065000000
022000031142090001760000011500000
022000031144890000370000024600000
022000031149990000480000041000000
022000031149990000990000053400000
022000031153090001070000041000000
022000031153090001450000063500000
022000031169990000480000010400000
022000031169990001190000615500000
022000031170390000070000031800000
022000031170390000480000065000000
022000031010490000560000063800000
022000031011490000500000013600000
022000031011490000540000056400000
022000031011490000830000022100000
022000031011890000700003480900000
022000031012190000480000009700000
022000031012190000560000044600000
022000031012990001680000031400000
022000031014190001110000092100000
022000031019990000990000355900000
022000031022290000600000013700000
022000031025090000200006559900001
022000031029990001130034139600008
022000031033390000020000203600000
022000031033390001070000028000000
022000031039990000500000017300000
022000031040790001410000042300000
022000031049990001130021434800005
022000031053590001070000030100000
022000031053590001450000043700000
022000031059990000480000080900000
022000031059990001030000113100000
022000031063990000500000019400000
022000031070290001130011340600002
022000031071690000760000060500000
022000031071990001450000011900000
022000031074590000880000022400000
022000031079990000370000058900000
022000031080990000630001015300000
022000031080990001400000986200000
022000031082490000880000015100000
022000031082490000950000119100000
022000031082490001400000012900000
022000031083490001450000022500000
022000031083790000630000819500000
022000031083790001200000076000000
022000031083790001350007276900001
022000031084090000880000014500000
022000031084990001540000234700000
022000031089990001030000159200000
022000031089990001520004169000000
022000031090890001450000145000000
022000031091790000370000008500000
022000031094390000360001927700000
022000031099990000540000300200000
022000031100690000370000011000000
022000031100690000740000187400000
022000031101090000480000022300000
022000031109990000500000013700000
022000031112790000270000023800000
022000031112790000370000018100000
022000031122890001070000126300000
022000031129990000990000283600000
022000031010490000700001174900000
022000031011490000700005512500001
022000031011490001030000029000000
022000031011890001030000038300000
022000031012190001130009857500002
022000031012390000830000025000000
022000031012390000990000034900000
022000031012390001070000016800000
022000031012990000830000072100000
022000031014190000880000024000000
022000031019990001350177196800030
022000031022290001030000007100000
022000031024490000200000283100000
022000031025090000640001905900000
022000031033390000930000587600000
022000031039990000930000587600000
022000031040790001510000052400000
022000031053590000690001094100000
022000031053890001350010566800002
022000031063990001130018944200003
022000031074590001400000036700000
022000031079990000900000026800000
022000031080990001030000025200000
022000031080990001450000031800000
022000031082490000480000023900000
022000031082490001070000027700000
022000031082490001520004169000000
022000031083490001400000108000000
022000031084290000630000236300000
022000031089990000370000071100000
022000031089990001580000141600000
022000031090890000440001492200000
022000031090890000480000082600000
022000031090890001080000104800000
022000031090890001100000086100000
022000031091790001100000007800000
022000031092590001120000035600000
022000031092590001270005537400001
022000031094390000710000012600000
022000031099990000440001492200000
022000031099990000580011929000001
022000031099990000710000081600000
022000031101090001220000164800000
022000031109990001070000032600000
022000031113290000180000018000000
022000031113290000370000023000000
022000031113290000480000014900000
022000031113290001370005186400001
022000031119990000080000318200000
022000031119990001030000191100000
022000031119990001130088809200016
022000031122890000940000169000000
022000031122890001400000126400000
022000031010490000370000018900000
022000031010490001070000016400000
022000031011190001030000059600000
022000031011890000540000111200000
022000031012390001130016128500003
022000031012390001350019095800003
022000031012990000990000129200000
022000031012990001030000078000000
022000031012990001070000048200000
022000031019990000540001612300000
022000031019990000880000148100000
022000031022290001320004649000001
022000031025090000310000008100000
022000031025090001350014967200002
022000031033390000480000029500000
022000031033390000880000016000000
022000031033390001450000065800000
022000031039990001610000487400000
022000031040790001350011651500002
022000031049990000660000022000000
022000031049990001240000033400000
022000031049990001510000052400000
022000031053590001700008069500001
022000031059990000690002021400000
022000031063990000230000210300000
022000031063990001700011155600002
022000031069990001070000059800000
022000031070290001450000024800000
022000031071390001130015084200003
022000031071990001400000024400000
022000031074590001030000048800000
022000031080990000500000011300000
022000031082490000990000022400000
022000031083490000210000020600000
022000031083490000990000016100000
022000031084090001130005436700002
022000031084790001130016878000003
022000031084790001350011158800002
022000031084790001450000055900000
022000031084790001670000009000000
022000031099990000420007509100000
022000031099990001030000182000000
022000031100690000630002140200000
022000031101090000380000304800000
022000031109990001030000019800000
022000031112790000130003742200000
022000031119990000880000059400000
022000031119990001370038999900006
022000031129990001030000205000000
022000031129990001130162583100019
022000031129990001650000077300000
022000031139990000280001418500000
022000031140190001070000070500000
022000031011490000370000010500000
022000031011490001130018863600003
022000031011490001720000017800000
022000031012990000540001057000000
022000031012990001130028222900005
022000031014190000500000023800000
022000031024490000310000001800000
022000031039990001030000032900000
022000031069990000880000015600000
022000031070290001070000047400000
022000031071390001450000038400000
022000031071690000630000382300000
022000031071690001350005376200001
022000031071990000630000600000000
022000031071990001130005589500002
022000031080590001030000013200000
022000031080990001130012950100003
022000031082490001030000021600000
022000031082490001200000033000000
022000031083490000480000007800000
022000031083790001450000038600000
022000031084290001690000010900000
022000031084990000480000015000000
022000031084990001130007526800002
022000031084990001400000017600000
022000031089990001400001541400000
022000031090890000820000071000000
022000031091790000420000464400000
022000031091790000710000010800000
022000031091790000880000006000000
022000031091790001040000017800000
022000031092590000710000006400000
022000031092590001140004208100001
022000031094390001450000022000000
022000031099990000360019029200001
022000031099990000820000071000000
022000031100690001070000015700000
022000031111590000520000060600000
022000031111590001130034043400005
022000031112790001070000018500000
022000031113290000080000025600000
022000031119990000130030626800003
022000031119990001450000172400000
022000031122890000240000065000000
022000031133190001700008268800002
022000031140190001110000037200000
022000031142090001110000026300000
022000031149990000090001012100000
022000031149990001450000070900000
022000031149990001760000033100000
022000031162690000630000683000000
022000031170390000590000042500000
022000031170390000880000090900000
022000031010490000830000032000000
022000031011190001350021813300004
022000031011890000010000044300000
022000031012390000700002845000000
022000031012390001030000018600000
022000031012990000010000066600000
022000031012990000700005272300001
022000031019990000010000272700000
022000031019990000700031589100003
022000031022290001130005661000002
022000031024490000880000002500000
022000031024490001130004038300002
022000031025090000880000009300000
022000031025090000920002238200000
022000031029990000600000105700000
022000031029990001070000028300000
022000031033390000370000060700000
022000031033390001130030262600005
022000031033390001560001336000000
022000031039990001130030262600005
022000031040790000310000016900000
022000031040790000370000022100000
022000031059990000980000140800000
022000031059990001050001032300000
022000031059990001500000098000000
022000031063990000370000018300000
022000031063990001030000035300000
022000031070290000370000017500000
022000031070290001350009127000002
022000031071390000370000018400000
022000031071390000630001084300000
022000031071690001070000006400000
022000031071990000370000003100000
022000031071990001070000018700000
022000031079990001030000126200000
022000031080990000880000035500000
022000031084290001400000023700000
022000031084790000990000049100000
022000031084990001350004149800001
022000031089990000950000119100000
022000031091790001270008374100002
022000031094390000420000440500000
022000031094390001040000016700000
022000031100690000380000172300000
022000031100690000500000013700000
022000031101090001350011543500002
022000031109990000480000046100000
022000031109990001130031085000006
022000031111590000880000032000000
022000031111590001450000061900000
022000031119990000270000295800000
022000031119990000400002112700000
022000031119990001070000071600000
022000031010490000010000008300000
022000031011190001070000048700000
022000031011890000560000087600000
022000031011890000880000026300000
022000031012190000370000013800000
022000031012190000700001572900000
022000031012190000860001161300000
022000031014190000700008045500001
022000031014190000830000051100000
022000031014190000860004934200000
022000031014190001130033987900005
022000031014190001600000049300000
022000031019990000370000158400000
022000031019990000860020625500001
022000031019990001030000319700000
022000031019990001070000243000000
022000031022290000200000692600000
022000031025090001070000016100000
022000031029990000920003888300000
022000031029990001350022465000004
022000031033390001350024183000003
022000031039990000020000203600000
022000031040790001300002348200000
022000031049990000360000134000000
022000031049990000390001592800000
022000031049990001300002348200000
022000031049990001480000837200000
022000031053590001620000498200000
022000031053890000140013518600002
022000031053890001620000532000000
022000031059990001350018636300003
022000031063990001070000059800000
022000031063990001110000032800000
022000031069990000230000210300000
022000031074590001670000004400000
022000031080590001450000032700000
022000031083790001030000027500000
022000031084990001450000112900000
022000031089990000630006983500000
022000031089990000960000418400000
022000031089990001690000568300000
022000031090890000310000153800000
022000031090890000880000043000000
022000031092590001100000007100000
022000031094390000370000009600000
022000031100690001130018727300003
022000031101090000740000154300000
022000031101090001450000021700000
022000031109990000370000019100000
022000031109990000880000018800000
022000031109990001390000141200000
022000031112790000480000011800000
022000031112790000880000006100000
022000031011490001450000018500000
022000031011890000500000019600000
022000031011890000830000038300000
022000031012190001030000017500000
022000031012390000860001303800000
022000031012390000880000010200000
022000031012390001720000019600000
022000031012990000370000024300000
022000031014190000010000036800000
022000031019990001110000092100000
022000031022290000310000006300000
022000031024490000770000031700000
022000031024490000920000829400000
022000031039990001450000065800000
022000031040790000390001592800000
022000031063990001450000074300000
022000031069990001030000035300000
022000031069990001110000032800000
022000031071690000480000011400000
022000031071690001670000003900000
022000031074590001070000045900000
022000031080990001350006435800001
022000031083490000370000006400000
022000031083490000630000491000000
022000031083790000370000009700000
022000031084290000480000005300000
022000031084290001130003188300002
022000031084990000370000007100000
022000031089990000480000134800000
022000031090890001120000350100000
022000031091790000310000033400000
022000031092590000360001436700000
022000031094390001120000035300000
022000031094390001270010181700002
022000031099990000480000137100000
022000031100690001030000019800000
022000031111590001070000053100000
022000031111590001370016227300002
022000031112790000520000016100000
022000031122890000750002108700000
022000031129990000750002108700000
022000031129990001250000136300000
022000031133190000280001418500000
022000031133190000320000000000000
022000031133190000500000015300000
022000031139990000500000015300000
022000031140190001030000062400000
022000031149990000280008655700001
022000031169990001130009181000003
022000031170390000120001235300000
022000031171290000540000066800000
022000031179990000410014140400001
022000031185190001070000007600000
022000031010490001130013553100003
022000031011190000700003685100000
022000031011890000370000018200000
022000031014190001450000036400000
022000031019990000560000817500000
022000031022290000640000389800000
022000031022290000920000820700000
022000031024490001030000005100000
022000031024490001740002848800001
022000031025090000480000029300000
022000031029990000200007535600001
022000031029990000310000016200000
022000031029990000640002539500000
022000031033390000080000103600000
022000031033390001610000487400000
022000031039990000630006702400001
022000031039990001560001336000000
022000031040790000660000022000000
022000031040790001450000034100000
022000031049990000370000022100000
022000031049990001350011651500002
022000031059990001130035111000007
022000031059990001620001030200000
022000031071390001070000055200000
022000031071390001350012418000002
022000031071690000340000010000000
022000031080590001350002859600001
022000031080590001400000037200000
022000031080990000480000014300000
022000031084090001690000023600000
022000031084790000370000018300000
022000031084790000480000019700000
022000031089990001070000261800000
022000031089990001450000535300000
022000031091790000580000534600000
022000031094390000260009761600002
022000031094390000310000025100000
022000031099990001070000147400000
022000031100690000880000008600000
022000031101090000370000008100000
022000031101090000630000946300000
022000031101090000880000010200000
022000031111590000270000134700000
022000031112790000400000229700000
022000031113290000190000071400000
022000031113290001030000016900000
022000031113690000370000019900000
022000031113690000880000021300000
022000031113690001130028495500005
022000031113690001450000063400000
022000031119990000370000092900000
022000031119990000500000032900000
022000031133190001070000136600000
022000031010490000480000016100000
022000031011190000480000033800000
022000031011190000500000032100000
022000031011190000540000300600000
022000031011490000010000034900000
022000031011490000860002096300000
022000031012190001750000011900000
022000031012390000500000009900000
022000031014190001030000060700000
022000031019990000830000326200000
022000031019990001130163903400028
022000031025090001450000019400000
022000031033390000100000108500000
022000031039990000480000029500000
022000031040790001240000033400000
022000031053890000480000033100000
022000031063990000880000015600000
022000031069990000630001671400000
022000031069990001130018944200003
022000031069990001700011155600002
022000031071690000880000006700000
022000031071990001230000040000000
022000031074590000900000026800000
022000031079990001070000173600000
022000031079990001130056320300012
022000031080590000880000010700000
022000031080990001070000052100000
022000031083490001350004136800001
022000031083790001130013036000003
022000031083790001400000026000000
022000031084790001070000064100000
022000031089990000500000055700000
022000031089990000880000115600000
022000031090890000540000254700000
022000031091790001440000016100000
022000031092590000260007813100002
022000031092590000430000086400000
022000031092590000580000358100000
022000031094390000620000026600000
022000031099990001450000198000000
022000031100690000480000023800000
022000031100690001390000099400000
022000031101090001130012357700003
022000031111590001030000074600000
022000031112790000790005302800001
022000031112790001450000029100000
022000031113290000400000162600000
022000031113690000270000068500000
022000031113690000480000024700000
022000031113690000500000032900000
022000031113690000520000130100000
022000031113690001030000083900000
022000031122890000480000195500000
022000031010490000880000008100000
022000031011190001730000188700000
022000031011490001070000020700000
022000031011490001350018719500003
022000031011890001350021301900004
022000031012190000500000007600000
022000031019990001180000054600000
022000031024490000600000006500000
022000031024490001070000003600000
022000031025090000770000263800000
022000031053590000480000047800000
022000031053590000980000075200000
022000031053590001500000098000000
022000031059990001450000106000000
022000031071390001030000033900000
022000031071690001130006968800002
022000031071990000480000011400000
022000031071990000880000004100000
022000031074590000630001501800000
022000031074590001450000031800000
022000031079990000500000013000000
022000031079990000760000060500000
022000031079990001400000161200000
022000031080590000630000511700000
022000031080990000370000013900000
022000031083490001690000055600000
022000031084090001670000002900000
022000031084790000880000016400000
022000031084790001400000268500000
022000031089990001670000011900000
022000031091790000260012111600002
022000031091790001070000014400000
022000031099990001270115053300017
022000031100690001220000072300000
022000031101090001070000016900000
022000031109990000740000341700000
022000031113690001370012283400002
022000031122890001030000205000000
022000031129990000070000108900000
022000031129990001450000355700000
022000031140190000090000188000000
022000031153090001130038956400006
022000031159990001070000041000000
022000031170390000530000097300000
022000031170390001590000239200000
022000031171290000890000011800000
022000031174690000780001143800000
022000031174690000880000026200000
022000031185190001130001451400001
022000031189990000180000003100000
022000031189990001130001451400001
022000031189990001360000078800000
022000031999990000010000272700000
022000031010490000180000020600000
022000031010490001550000083800000
022000031011190000830000066700000
022000031011190000880000027900000
022000031011890001450000021200000
022000031012190000830000018900000
022000031012390000370000010200000
022000031012390001450000014600000
022000031019990001600000049300000
022000031024490000370000003200000
022000031025090000600000085500000
022000031029990000880000011800000
022000031033390000500000017300000
022000031069990000500000019400000
022000031069990001450000074300000
022000031071990000540000064500000
022000031083790000500000010600000
022000031084090001030000007500000
022000031084290000880000005700000
022000031084290001070000011200000
022000031089990000210000020600000
022000031089990000990000087600000
022000031090890000430000768500000
022000031090890000620000127500000
022000031090890000710000051800000
022000031091790000360002553400000
022000031092590000370000006100000
022000031092590001080000011500000
022000031092590001450000014900000
022000031094390000430000124000000
022000031094390000480000021800000
022000031094390000540000045500000
022000031094390000580000658500000
022000031094390000880000007400000
022000031094390001100000013200000
022000031099990001130076831800012
022000031109990000380000477100000
022000031109990001350029383100005
022000031109990001450000052500000
022000031111590000080000167600000
022000031111590000370000031900000
022000031111590000480000037900000
022000031112790000190000035100000
022000031113290000270000068800000
022000031113690000080000095200000
022000031119990000520000225200000
022000031122890000070000108900000
022000031122890000500000146900000
022000031122890001130162583100019
022000031129990000240000065000000
022000031129990000500000146900000
022000031129990000900000119400000
022000031133190000290000653600000
022000031011190000010000052700000
022000031011190000370000034200000
022000031012990000860003356600000
022000031014190000370000028300000
022000031014190000990000076200000
022000031019990001680000031400000
022000031024490000480000008100000
022000031025090001030000022600000
022000031029990001030000034800000
022000031039990000080000103600000
022000031039990001070000028000000
022000031040790000360000134000000
022000031040790001130021434800005
022000031049990000310000016900000
022000031049990000460000955600000
022000031063990000480000029300000
022000031063990000540000134300000
022000031069990000370000018300000
022000031069990000990000053600000
022000031070290000880000012100000
022000031071390000480000024100000
022000031071390001400000045900000
022000031074590000540000151800000
022000031074590001130017337200003
022000031079990000340000037700000
022000031079990001450000137200000
022000031080590001070000021000000
022000031080590001570000026200000
022000031083490000500000010000000
022000031083490001130006418500002
022000031084090000370000005500000
022000031084090001400000061300000
022000031089990001130087667000022
022000031090890000370000061300000
022000031090890001270090960100012
022000031092590000420000193100000
022000031092590001030000014200000
022000031094390001130007646800002
022000031099990001100000114200000
022000031099990001120000475100000
022000031111590000130012628700002
022000031111590000190000078800000
022000031113290000130003810600000
022000031113290000520000018400000
022000031113690000130010445300001
022000031122890000900000119400000
022000031129990000940000169000000
022000031129990001020000060900000
022000031133190000480000045500000
022000031139990001070000136600000
022000031140190000300000950900000
022000031140190001290004118200001
022000031142090000290008978300002
022000031010490000860000656900000
022000031011490000560000086100000
022000031012190000880000009700000
022000031012190001070000012800000
022000031012990000560000159900000
022000031012990001350025363000004
022000031019990000500000120300000
022000031019990001450000207400000
022000031024490000640000243800000
022000031029990000500000019200000
022000031029990001450000019400000
022000031033390001030000032900000
022000031049990001450000034100000
022000031053590001030000063000000
022000031053590001050001032300000
022000031053590001130021077400004
022000031053890000690000927300000
022000031069990000480000029300000
022000031069990000540000134300000
022000031070290000540000053500000
022000031070290000630001106200000
022000031071390000880000012000000
022000031071690001400000029200000
022000031071990001350003706000001
022000031071990001670000001400000
022000031074590000340000027700000
022000031074590000480000019900000
022000031079990000540000269800000
022000031079990000880000057300000
022000031083490000880000005900000
022000031083790001690000291700000
022000031084090001070000008700000
022000031084290001350001743600001
022000031084290001450000070900000
022000031084790000630001924600000
022000031089990001350050659500011
022000031090890000420006411100000
022000031091790000480000018800000
022000031091790001120000054100000
022000031092590000310000019800000
022000031094390001070000016700000
022000031099990000310000232100000
022000031099990000370000085500000
022000031099990000880000060600000
022000031100690001450000030800000
022000031109990001220000237100000
022000031111590000400000932100000
022000031112790001130013416800003
022000031113690000190000050800000
022000031113690000400000788300000
022000031119990000480000089300000
022000031122890001020000060900000
022000031122890001350102321200012
022000031129990000650028218000003
022000031129990001400000126400000
022000031133190000180000052900000
022000031140190001770000006500000
022000031144890000070000028100000
022000031149990000300006229300000
022000031149990000320000000000000
022000031149990000330000043000000
022000031149990001130032323500007
022000031159990000840000059800000
022000031159990001130038956400006
022000031170390000410004299800000
022000031170390000780000867100000
022000031170390001030000049600000
022000031171290000880000006200000
022000031179990001670000039500000
022000031185190000480000009300000
022000031189990000540000875800000
022000031195290000480000004800000
022000031195290001350000536300000
022000031999990000560000817500000
022000031999990001480000837200000
022000031162690001630000170900000
022000031171290000310000011300000
022000031171290001130015246200003
022000031174690000370000051200000
022000031174690001150067786000009
022000031199990001350000536300000
022000031999990000620000154100000
022000031999990000900000146200000
022000031999990001250000136300000
022000031170390001700028008500004
022000031171290001350010017700002
022000031171290001590000351100000
022000031174690000350000057400000
022000031174690000990000162000000
022000031174690001070000052400000
022000031179990000070000095400000
022000031179990000780002222000000
022000031179990001110000273100000
022000031185190001360000078800000
022000031199990001070000002300000
022000031999990000070000285800000
022000031999990000080000421800000
022000031999990001010000190400000
022000031999990001050001032300000
022000031999990001490000038800000
022000031129990001070000126300000
022000031133190001530015099500003
022000031139990000320000000000000
022000031139990000720000026300000
022000031140190000370000011600000
022000031142090001070000064800000
022000031149990001070000237800000
022000031153090000800000655500000
022000031153090001010000113000000
022000031162690001450000013100000
022000031169990001350005917100001
022000031170390000540000272700000
022000031170390001450000091300000
022000031174690000310000019600000
022000031179990000350000092000000
022000031179990000500000078400000
022000031179990001010000077400000
022000031185190000180000003100000
022000031189990000480000009300000
022000031999990000370000956200000
022000031999990000780002222000000
022000031999990001230000040000000
022000031999990001300002348200000
022000031999990001580000141600000
022000031999990001680000031400000
022000031129990000730000030600000
022000031133190000170000864600000
022000031133190000720000026300000
022000031139990001030000097000000
022000031140190001130006626700002
022000031142090000180000015500000
022000031142090000500000007500000
022000031144890000090000546900000
022000031153090000310000020300000
022000031153090000880000138900000
022000031159990000540000236200000
022000031162690001070000007900000
022000031169990000810000012100000
022000031169990000880000013900000
022000031174690001700044633300006
022000031174690001720000054300000
022000031179990000480000143500000
022000031179990001590005783000000
022000031189990001070000007600000
022000031195290000880000001300000
022000031199990000060000006000000
022000031999990000290035395300007
022000031999990000580011929000001
022000031999990000590000042500000
022000031999990000600000105700000
022000031999990000750002108700000
022000031999990000810000012100000
022000031999990001020000060900000
022000031999990001630007090600000
022000031142090000320000000000000
022000031144890000300003767700000
022000031144890001060000275900000
022000031144890001290014867000002
022000031159990000310000020300000
022000031159990000480000060400000
022000031159990000630004184200000
022000031162690000480000010400000
022000031162690001130009181000003
022000031162690001670000005600000
022000031169990001670000005600000
022000031170390000370000088600000
022000031170390001010000077400000
022000031171290000070000000000000
022000031171290001110000099700000
022000031179990001130126706200019
022000031999990000170000864600000
022000031999990000230000210300000
022000031999990000260097042100015
022000031999990000540007216200000
022000031999990001030001968300000
022000031999990001131032117800183
022000031999990001360000078800000
022000031170390001110000096800000
022000031171290000480000024200000
022000031171290000530000066200000
022000031174690000410008763300001
022000031174690000510000034300000
022000031189990000630000022900000
022000031195290000060000006000000
022000031199990000110000651400000
022000031999990000430001157900000
022000031999990000630126304300008
022000031999990001220000237100000
022000031999990001240000033400000
022000031999990001540000234700000
022000031122890000650028218000003
022000031122890000730000030600000
022000031122890001110000175700000
022000031122890001490000038800000
022000031122890001670000038400000
022000031139990000180000052900000
022000031139990000370000026700000
022000031139990000480000045500000
022000031139990001700008268800002
022000031140190000480000008900000
022000031142090001130007969600002
022000031142090001290007673100001
022000031144890000280003304700000
022000031149990000070000045100000
022000031149990001110000129700000
022000031153090000630004184200000
022000031169990001070000007900000
022000031170390000500000032500000
022000031174690000050000033900000
022000031179990000530000308300000
022000031179990000540000544400000
022000031179990001030000138500000
022000031199990000880000001300000
022000031199990001170001307800001
022000031999990000140024826100004
022000031999990001110001220800000
022000031999990001510000052400000
022000031999990001590005783000000
022000031112790001030000015700000
022000031122890000340000233600000
022000031139990000290000653600000
022000031139990000670002303800000
022000031142090000330000024800000
022000031144890000480000024300000
022000031144890000500000017900000
022000031144890001770000015100000
022000031153090000540000236200000
022000031159990001010000113000000
022000031162690001190000615500000
022000031169990001630000170900000
022000031171290000410001077300000
022000031179990000370000151600000
022000031179990000880000123300000
022000031195290000110000651400000
022000031195290000500000003800000
022000031195290001070000002300000
022000031199990000480000004800000
022000031999990000020000203600000
022000031999990000120005855100000
022000031999990000380000477100000
022000031999990000760002061800000
022000031999990000820000071000000
022000031999990000940000169000000
022000031999990001190000615500000
022000031999990001350791875200125
022000031999990000210000020600000
022000031999990000270000295800000
022000031999990000320000000000000
022000031999990000520000225200000
022000031999990000830000326200000
022000031142090000300001510700000
022000031159990000880000138900000
022000031162690001350005917100001
022000031169990001030000007900000
022000031170390000350000022800000
022000031170390001070000036000000
022000031171290000780000211100000
022000031171290000910000026300000
022000031174690000120003952000000
022000031174690001110000076600000
022000031174690001440000078900000
022000031179990001350082659500012
022000031195290000630000039700000
022000031195290001170001307800001
022000031999990000160000064500000
022000031999990000360019471500001
022000031999990000960000418400000
022000031999990000990001289800000
022000031999990001500000098000000
022000031999990001550000083800000
022000031999990001600000049300000
022000031122890001450000355700000
022000031129990000480000195500000
022000031133190000670002303800000
022000031142090000370000014000000
022000031142090000480000007800000
022000031144890001070000102500000
022000031144890001110000066200000
022000031149990000500000025400000
022000031153090000480000060400000
022000031162690000370000004600000
022000031171290000350000011800000
022000031174690000500000045900000
022000031174690001030000071800000
022000031179990000310000050100000
022000031179990000510000034300000
022000031179990001450000196000000
022000031189990001740000549100000
022000031199990000500000003800000
022000031199990000630000039700000
022000031999990000110000651400000
022000031999990000190000236100000
022000031999990000240000065000000
022000031999990000340000271300000
022000031999990000500000662100000
022000031999990000860020625500001
022000031999990001060000275900000
022000031999990001690000568300000
022000031999990000050000033900000
022000031999990000060000006000000
022000031999990000200007535600001
022000031999990000480001443100000
022000031999990000730000171600000
022000031133190001030000097000000
022000031139990000170000864600000
022000031140190000290003515500001
022000031142090001030000085500000
022000031144890000290022247900004
022000031149990001060000275900000
022000031153090000160000064500000
022000031153090000840000059800000
022000031169990001450000013100000
022000031170390000990000126600000
022000031170390001130043674000007
022000031171290001070000013100000
022000031174690001100000018900000
022000031174690001590005192700000
022000031179990000050000033900000
022000031179990000120005855100000
022000031179990000590000042500000
022000031185190000630000022900000
022000031185190000880000002400000
022000031185190001740000549100000
022000031195290000760000017400000
022000031999990000130030626800003
022000031999990000510000034300000
022000031999990001200000211800000
022000031999990001390000141200000
022000031999990001420000031900000
022000031999990001450002357600000
022000031144890000180000034800000
022000031144890000320000000000000
022000031144890000990000053400000
022000031149990000370000050200000
022000031149990001030000305800000
022000031159990000160000064500000
022000031159990001450000063500000
022000031169990000370000004600000
022000031169990000630000683000000
022000031171290001440000025800000
022000031174690000540000204900000
022000031179990000990000314900000
022000031185190000540000875800000
022000031189990000880000002400000
022000031999990000100000108500000
022000031999990000840000059800000
022000031999990001070001737200000
022000031999990001180000054600000
022000031999990001670000213100000
022000031122890001650000077300000
022000031129990000340000233600000
022000031139990001530015099500003
022000031140190000070000017000000
022000031142090000090000277200000
022000031142090000280004552500001
022000031144890001030000157900000
022000031149990001290026658300004
022000031153090000370000038300000
022000031153090001350021717900003
022000031159990000370000038300000
022000031159990000800000655500000
022000031159990001350021717900003
022000031162690000810000012100000
022000031162690001030000007900000
022000031170390000310000019200000
022000031171290000120000667800000
022000031171290001030000017100000
022000031171290001670000015900000
022000031174690000070000063600000
022000031174690000530000144800000
022000031174690001670000023600000
022000031179990001070000101500000
022000031179990001100000018900000
022000031199990000760000017400000
022000031999990000280010074200001
022000031999990000310000335600000
022000031999990000350000092000000
022000031999990000880000913600000
022000031999990000920003888300000
022000031999990000930000587600000
022000031999990000950000119100000
022000031999990001000000008500000
022000031999990001100000133100000
022000031999990001400001829000000
022000031999990001520004169000000
022000031999990001560001336000000
