022011111012190001070000082100000
022011111012190001500000030900000
022011111012390001580000045400000
022011111012990001060000744200000
022011111012990001220000075600000
022011111012990001580000034100000
022011111019990000050000289000000
022011111019990001520000024900000
022011111024490001360002542600001
022011111025090000320000050800000
022011111025090001500000093900000
022011111033390001680002472100000
022011111049990000510002166800000
022011111053890001540001017300000
022011111063990000390000248200000
022011111069990001280018324400004
022011111071390001270016477600003
022011111079990000400000287600000
022011111079990000770006781700000
022011111080590001520000020000000
022011111080990001070000100700000
022011111080990001680001609000000
022011111082490001100000050200000
022011111083490001500000024900000
022011111083790000800000925600000
022011111084290000390000055900000
022011111084290001360001606600001
022011111084790001070000124400000
022011111089990001330000205800000
022011111089990001620000079500000
022011111090890001440054737600007
022011111090890001680003311100000
022011111091790000060000109900000
022011111091790001480000186500000
022011111094390000260010584600002
022011111100690001680001417400000
022011111109990000390000349600000
022011111113290000380000112500000
022011111113290001500000065400000
022011111113690001190015688000002
022011111119990001070000737400000
022011111119990001220000069400000
022011111122890001140000165500000
022011111133190000030004920800001
022011111133190000710001825100000
022011111140190000090000077800000
022011111140190001350003969800001
022011111140190001610000029000000
022011111142090001610000039900000
022011111144890001280011340100001
022011111144890001680001088600000
022011111149990000390001535100000
022011111159990000590000052800000
022011111011890001340000062000000
022011111012190001370010683500002
022011111014190000050000119400000
022011111019990000630000092100000
022011111022290001260000040300000
022011111024490001500000015100000
022011111039990001580000028200000
022011111040790000510002166800000
022011111049990000420000427100000
022011111053590001070000201200000
022011111053590001680001320800000
022011111053890000020000219300000
022011111053890001360010760000002
022011111069990000750001260800000
022011111069990001520000027700000
022011111070290000390000207700000
022011111070290000400000115300000
022011111070290001100000038600000
022011111074590000780002237300000
022011111074590001100000062900000
022011111079990001090000035100000
022011111079990001620000044600000
022011111079990001650000078500000
022011111080590000550000023300000
022011111080590001680000821700000
022011111080990001580000045400000
022011111082490001360010021000002
022011111082490001680001367200000
022011111083490001580000008900000
022011111083790001610000016100000
022011111084790000300000042600000
022011111084790000550000052200000
022011111084990001360003505900001
022011111089990001520000020000000
022011111091790000250012015600003
022011111091790000470003300000001
022011111091790001410006567400001
022011111091790001680000179800000
022011111099990000660028015200003
022011111099990001070002382600000
022011111100690000270000057400000
022011111100690000930002434400000
022011111109990001620000025600000
022011111111590001070000270900000
022011111112790001180006135700001
022011111122890001680034735400004
022011111133190001610000035300000
022011111142090001350007846200001
022011111149990000400000288600000
022011111159990000390000446400000
022011111159990001370015422500002
022011111171290001230000028400000
022011111174690001220000122100000
022011111011490000860004606600000
022011111012190001680000904800000
022011111014190000400000296600000
022011111014190000860009151900001
022011111019990000550000166200000
022011111022290001360004072100001
022011111022290001680000540800000
022011111025090000400000264000000
022011111025090001680003296800000
022011111033390001580000028200000
022011111033390001610000020900000
022011111039990000390000403300000
022011111039990000740008375500001
022011111053590001270024089700005
022011111053890001500000138400000
022011111053890001680001131600000
022011111063990001070000123200000
022011111063990001270018324400004
022011111070290000770001432400000
022011111071390001620000010100000
022011111071990001360003658900001
022011111079990001280065454600014
022011111084090001680000688900000
022011111084790000390000216100000
022011111084990000400000064900000
022011111089990000400000133500000
022011111089990001100000088200000
022011111090890000260071017800009
022011111090890000680023732700003
022011111090890001480001739300000
022011111090890001610000334100000
022011111091790000660001677700000
022011111092590001490000107400000
022011111099990000060001387600000
022011111099990001280071637100011
022011111099990001470000036600000
022011111099990001480002187600000
022011111100690001300020706800004
022011111101090000390000169500000
022011111111590001270034327000005
022011111113290000440000475700000
022011111122890001500000531400000
022011111129990001140000165500000
022011111129990001370087872400010
022011111139990001370007289200001
022011111144890001350013685300002
022011111153090000160000112700000
022011111153090000590000052800000
022011111153090001250000067800000
022011111153090001520000048500000
022011111159990000920004189600000
022011111162690001070000077900000
022011111170390001360023931800004
022011111010490000300000049300000
022011111011190000860005426200000
022011111011490000400000178600000
022011111012190000860001853200000
022011111012390000860002805900000
022011111012390001270018333900003
022011111012390001360016534800003
022011111014190001360044226700006
022011111019990000390003563900000
022011111019990001060007699900000
022011111022290001100000035400000
022011111033390000390000403300000
022011111033390001070000212500000
022011111039990000630000086700000
022011111039990001280022390600003
022011111040790001070000364100000
022011111049990001280021732700005
022011111053590001220000105100000
022011111063990001220000027500000
022011111071390000390000151700000
022011111071390001370009537500002
022011111071690001270006993900002
022011111074590000390000217800000
022011111082490001500000056500000
022011111084790001680002353600000
022011111089990000390001016600000
022011111089990000580000008300000
022011111091790001440004961700001
022011111094390000060000088000000
022011111101090000270000051600000
022011111113290001280011579600003
022011111113290001680000167700000
022011111119990001580000088400000
022011111122890000050000426800000
022011111122890001280171970900019
022011111122890001580000135000000
022011111139990000330000000000000
022011111142090001280005136200001
022011111144890000400000288600000
022011111144890000540020868300003
022011111149990000090000348600000
022011111153090000920004189600000
022011111153090001610000046500000
022011111159990001680004598400000
022011111179990001100000442700000
022011111189990001070000018600000
022011111189990001680000106100000
022011111999990000040000108700000
022011111999990000580000082900000
022011111999990000990000029300000
022011111999990001030000079100000
022011111999990001070010214400000
022011111011190000050000087400000
022011111011190001270029189700005
022011111011490001610000018800000
022011111011890001070000137000000
022011111011890001100000087300000
022011111012990001360022746300003
022011111014190001100000107700000
022011111019990000860036021200002
022011111025090001610000037000000
022011111033390000040000108700000
022011111040790000580000074600000
022011111040790001610000045000000
022011111059990000240014388100002
022011111059990001370023108600004
022011111063990000050000035400000
022011111063990001520000027700000
022011111070290001270012799500003
022011111071390001680001310600000
022011111071990000210000009900000
022011111071990000300000047100000
022011111071990001270007136200002
022011111079990001100000143800000
022011111080590001070000027500000
022011111080990000790001189200000
022011111082490001270015267200003
022011111084290001500000012700000
022011111084790000790002422300000
022011111084990000790000616100000
022011111089990000300000060700000
022011111089990001070000543600000
022011111090890000060001134600000
022011111092590001480000091500000
022011111092590001620000009100000
022011111094390001490000309700000
022011111112790001620000029300000
022011111113690000130006722700001
022011111113690000280000051800000
022011111113690001680000746000000
022011111122890001240000172300000
022011111122890001520000218300000
022011111129990001100000381500000
022011111129990001240000172300000
022011111133190000610004241500001
022011111133190001260000180400000
022011111133190001670012651600002
022011111139990001680000682900000
022011111142090000030013005500003
022011111149990000030028529000006
022011111153090001070000262900000
022011111159990001070000262900000
022011111159990001280047185100008
022011111162690001100000038000000
022011111170390000490000230100000
022011111010490001270018024900004
022011111011190000630000092100000
022011111011490001060001045300000
022011111011890000860004036000000
022011111011890001270023778500004
022011111011890001500000054400000
022011111012990000390000536900000
022011111014190000390001131300000
022011111019990000320000027000000
022011111022290000190000993700000
022011111024490000400000046600000
022011111024490001570000016900000
022011111024490001680000265600000
022011111025090001220000046300000
022011111029990000190007494400001
022011111029990001680004103200000
022011111053590000020000098700000
022011111053590000390000541400000
022011111053890001610000043800000
022011111059990001580000031600000
022011111069990001320004401000000
022011111069990001580000026900000
022011111070290001070000092100000
022011111070290001500000059700000
022011111071390001500000038100000
022011111074590001680001908900000
022011111079990000210000056800000
022011111079990000630000078900000
022011111080990001270011605700003
022011111083490001610000007700000
022011111083790000640000020600000
022011111084090000790000523700000
022011111084090001610000011500000
022011111084290001610000007300000
022011111084290001680000219000000
022011111084790001360009452100002
022011111084790001600000053500000
022011111084990001330000042900000
022011111094390001620000026700000
022011111100690001070000137100000
022011111101090001680000873900000
022011111119990001680001996900000
022011111139990001580000106100000
022011111142090001680000573400000
022011111170390001270048994600008
022011111171290000490000150100000
022011111174690001070000638100000
022011111174690001610000090600000
022011111195290001360000676600000
022011111999990000550000289800000
022011111999990001250000067800000
022011111999990001480002187600000
022011111999990001600000070900000
022011111010490000320000027000000
022011111010490000870001644500000
022011111010490001340000025300000
022011111010490001610000017800000
022011111012390001050000492000000
022011111014190001610000033200000
022011111019990001220000165600000
022011111019990001340000178400000
022011111029990000320000050800000
022011111029990000390000532900000
022011111029990001070000340400000
022011111033390000400000253200000
022011111033390001220000028400000
022011111033390001360018552600003
022011111039990000040000108700000
022011111039990001370018552600003
022011111049990000450000468100000
022011111053590001590000113800000
022011111059990001100000230500000
022011111059990001220000105100000
022011111071390000400000122500000
022011111071690001070000030600000
022011111071990001090000019700000
022011111074590001070000147300000
022011111074590001650000078500000
022011111080590000810000480300000
022011111080590001500000010500000
022011111080990000210000020300000
022011111083490000790000625900000
022011111083790001330000040800000
022011111084090001270005217300002
022011111084290000820000238500000
022011111084290001070000015200000
022011111084290001270002806300001
022011111089990001280084311000021
022011111092590001280003740100001
022011111092590001410003915700001
022011111100690001360015369200002
022011111101090001500000054400000
022011111122890000600000664500000
022011111122890001110000381500000
022011111122890001220000270600000
022011111129990000050000426800000
022011111129990001280171970900019
022011111133190001580000106100000
022011111139990000030004920800001
022011111140190000530003193100001
022011111142090001080000199000000
022011111144890001070000327800000
022011111153090001270047185100008
022011111153090001360015422500002
022011111159990001250000067800000
022011111171290001070000122300000
022011111010490000050000033800000
022011111010490000390000282800000
022011111010490001060000265900000
022011111011890000400000120000000
022011111011890001680002625500000
022011111012190001270011565100003
022011111012190001520000024900000
022011111012390001340000091100000
022011111012990001070000290300000
022011111024490001290003999300002
022011111033390001270022390600003
022011111039990001680002472100000
022011111049990001370012651200003
022011111053590001360012348600002
022011111059990001620000097900000
022011111059990001680002452400000
022011111063990001610000014500000
022011111069990000050000035400000
022011111069990001220000027500000
022011111069990001620000014500000
022011111071390000210000046900000
022011111071690001090000015400000
022011111071990000400000049800000
022011111079990000160000017800000
022011111079990000300000047100000
022011111080590001270006560000002
022011111082490000390000215400000
022011111083490001360003332800001
022011111083490001600000017400000
022011111083790001360005633100001
022011111084790000210000030300000
022011111084990000050000020500000
022011111084990001070000039500000
022011111089990000210000050600000
022011111089990000630000017400000
022011111089990001370044445100011
022011111092590000060000055100000
022011111092590000420000257300000
022011111092590000480001652900000
022011111092590001390000035500000
022011111099990001390000154700000
022011111101090001070000088600000
022011111109990001370024651400004
022011111112790000280000024700000
022011111113690001610000043200000
022011111119990001280086456700015
022011111119990001500000189500000
022011111129990000400001287700000
022011111129990001500000531400000
022011111142090000530008370300001
022011111149990001350025501300004
022011111162690001680001036700000
022011111169990000390000162600000
022011111011190001100000107200000
022011111011490001360017036700003
022011111011490001500000070100000
022011111014190001270041004600005
022011111022290001070000055800000
022011111022290001610000010700000
022011111025090001070000258600000
022011111029990001220000046300000
022011111039990001100000120200000
022011111039990001170000030400000
022011111039990001620000020900000
022011111040790000450000468100000
022011111040790001360012651200003
022011111059990000390001558700000
022011111069990001100000057800000
022011111071690000390000080200000
022011111071990001070000062000000
022011111080990001360005987800001
022011111082490001330000122100000
022011111083790000390000164800000
022011111084090000550000024700000
022011111084990001270006822800002
022011111084990001500000029800000
022011111089990000790008581400000
022011111089990001680009319700000
022011111090890001490005314200000
022011111094390000470002572400000
022011111094390000660001856100000
022011111094390001390000071200000
022011111099990000420005087900000
022011111099990001410092254700014
022011111099990001680003965000000
022011111111590000130007794500001
022011111111590000440003055700000
022011111111590001680000881200000
022011111133190001680000682900000
022011111149990001620000123900000
022011111169990000850000799500000
022011111169990001620000009400000
022011111169990001680001036700000
022011111170390000120002761900000
022011111171290000120001189000000
022011111195290001070000013700000
022011111195290001500000008000000
022011111199990001370000676600000
022011111999990000020000318000000
022011111999990000260101569100016
022011111999990001220001013200000
022011111999990001680114322500005
022011111011190000390000434500000
022011111011490000390000378200000
022011111011490001270020906700003
022011111011890001060000394200000
022011111012990000860006496900001
022011111012990001680004040700000
022011111014190001500000141500000
022011111014190001680005850200000
022011111019990001580000181400000
022011111022290001290005843500002
022011111025090000180005890400001
022011111025090001100000105500000
022011111029990001100000140900000
022011111029990001570000016900000
022011111039990001070000212500000
022011111040790001270021732700005
022011111053590000240005332900001
022011111059990000720004012300000
022011111059990001500000267200000
022011111069990000390000248200000
022011111069990001070000123200000
022011111069990001680001261400000
022011111070290001360006998100001
022011111071390001070000083600000
022011111071690000770000596800000
022011111071690001500000015700000
022011111071990000770000903600000
022011111074590000630000078900000
022011111079990000050000019400000
022011111080590001360002427800001
022011111083490001120000056500000
022011111083790001680001327600000
022011111084090001360002478000001
022011111084790001580000034400000
022011111084790001610000016700000
022011111084990001680000464100000
022011111089990000640000020600000
022011111089990001120000208000000
022011111091790001380000216300000
022011111092590001470000036600000
022011111094390001380000213300000
022011111109990000270000109000000
022011111111590001190018205600002
022011111112790001280012142200003
022011111113290000140001905400000
022011111119990000390001005900000
022011111122890000400001287700000
022011111144890000700002420500000
022011111159990000400000174500000
022011111162690001270009512400003
022011111169990001500000068600000
022011111171290001680001200800000
022011111174690000160000154300000
022011111159990001520000048500000
022011111162690001610000009400000
022011111170390001220000178200000
022011111170390001680004966200000
022011111171290001400000056300000
022011111179990000430000926600000
022011111179990001070001250800000
022011111179990001220000300300000
022011111179990001280139023300020
022011111185190001360000644500000
022011111199990001680000099200000
022011111999990000600009947300001
022011111999990001520000543000000
022011111999990001590000113800000
022011111179990000120012530600001
022011111189990001280002096800001
022011111999990000030033449800007
022011111999990000160000284800000
022011111999990000590000072000000
022011111999990001100002625400000
022011111999990001130000060300000
022011111999990001240000200700000
022011111999990001450000041900000
022011111179990001520000203600000
022011111179990001680014606400001
022011111199990000390000042700000
022011111199990001500000008000000
022011111999990000210000107400000
022011111999990001260000342600000
022011111171290000520001569200000
022011111174690000120008579700001
022011111185190000910000057600000
022011111185190001070000018600000
022011111195290000390000042700000
022011111999990000050002228900000
022011111999990000240014388100002
022011111999990000640000020600000
022011111999990001340000178400000
022011111999990001650000078500000
022011111174690000410000397200000
022011111174690000490000364800000
022011111174690001100000174200000
022011111999990000080000038000000
022011111999990000140018403700002
022011111999990000270000109000000
022011111999990000390021674800000
022011111169990001100000038000000
022011111170390001070000490400000
022011111171290001610000018000000
022011111179990001370069747400010
022011111179990001690000221000000
022011111185190000220000171200000
022011111189990001370000644500000
022011111999990000320000077800000
022011111999990000430000926600000
022011111999990001140000206500000
022011111999990001320004401000000
022011111999990001580000686300000
022011111999990001620001586900000
022011111174690001270074360400009
022011111179990000410000397200000
022011111999990000630000382000000
022011111011490000550000050200000
022011111011490001100000098200000
022011111011490001680001799800000
022011111012190000390000200100000
022011111012190001060000499200000
022011111012190001110000044400000
022011111012990000010000096600000
022011111012990001620000038300000
022011111019990001070000796600000
022011111019990001100000555600000
022011111019990001620000190900000
022011111025090000390000385800000
022011111029990001500000137600000
022011111039990000400000253200000
022011111039990001220000028400000
022011111039990001500000038300000
022011111040790000420000427100000
022011111040790001510003141700000
022011111040790001680001852500000
022011111059990001280044611800009
022011111063990001320004401000000
022011111069990001370008862400001
022011111071690000160000017800000
022011111074590001270022047400004
022011111074590001610000016300000
022011111079990001680005822400000
022011111083490001270005875900002
022011111083490001680000468600000
022011111083790000400000068600000
022011111083790001270012888700003
022011111090890001410072722000010
022011111091790000420000520600000
022011111094390001280008197700002
022011111099990000480024485400003
022011111099990001620000390400000
022011111100690000390000180100000
022011111109990000940003776600000
022011111111590001580000047600000
022011111122890000390006516900000
022011111122890001070001313600000
022011111129990001520000218300000
022011111133190001360007289200001
022011111139990000390000365600000
022011111139990001670012651600002
022011111140190001680000466200000
022011111144890000030012279600002
022011111149990000900004371700000
022011111149990001280021079700003
022011111153090001680004598400000
022011111159990001620000046500000
022011111169990001070000077900000
022011111170390000500005767700000
022011111170390001610000089400000
022011111010490001370009349500002
022011111011190000400000232900000
022011111011190001070000287200000
022011111011190001130000060300000
022011111011190001680002976100000
022011111011890000050000048400000
022011111011890001580000018500000
022011111012990001100000110800000
022011111014190001220000090000000
022011111019990001500000296900000
022011111019990001680020792300000
022011111025090001290024107400004
022011111025090001360015816700002
022011111029990001260000062100000
022011111029990001290033950200008
022011111033390000600009282800001
022011111053590001610000054100000
022011111053890000240009055200001
022011111059990001070000490600000
022011111059990001590000113800000
022011111063990000750001260800000
022011111070290001680001161400000
022011111079990000590000019200000
022011111080590000390000072500000
022011111080990000050000050200000
022011111080990001120000151500000
022011111084790001100000038000000
022011111091790001390000048000000
022011111092590000680000748700000
022011111092590001070000089200000
022011111101090001310013216900002
022011111101090001610000025600000
022011111112790001680000202000000
022011111119990000440006775100000
022011111119990001100000158500000
022011111122890000880027120900003
022011111122890001620000087500000
022011111129990000880027120900003
022011111129990001070001313600000
022011111153090001100000113000000
022011111159990000160000112700000
022011111162690000850000799500000
022011111171290001270015668300003
022011111174690001520000095800000
022011111179990000160000154300000
022011111179990000490000745000000
022011111185190000990000029300000
022011111199990001280001782800001
022011111999990000300000186700000
022011111999990000400009767300000
022011111999990001170000030400000
022011111999990001490005994900000
022011111010490001680001222500000
022011111011190001060001928900000
022011111011890000390000385200000
022011111012390001610000041200000
022011111012990001270035757800006
022011111014190001060002330200000
022011111019990000400001119400000
022011111024490000190000610300000
022011111024490001070000026000000
022011111029990000400000310600000
022011111029990001620000057000000
022011111033390001100000120200000
022011111049990000580000074600000
022011111049990001510003141700000
022011111053890001100000084500000
022011111063990001580000026900000
022011111070290000590000019200000
022011111071690001360004129300001
022011111082490001070000107400000
022011111082490001610000015200000
022011111083490001070000035200000
022011111084090000390000098100000
022011111084090001500000023700000
022011111084790001270017267100003
022011111091790001490000263600000
022011111099990000630000106900000
022011111101090000940001342200000
022011111111590000280000048700000
022011111113290001070000067900000
022011111113290001180005734000001
022011111113290001620000015600000
022011111113690001070000293200000
022011111113690001580000040800000
022011111122890001370087872400010
022011111129990000390006516900000
022011111129990001580000135000000
022011111129990001620000087500000
022011111133190000330000000000000
022011111133190001500000139300000
022011111139990000610004241500001
022011111139990001500000139300000
022011111140190000390000357400000
022011111144890000390000738700000
022011111149990000540032431700005
022011111149990001070000644600000
022011111149990001680002128200000
022011111153090000390000446400000
022011111159990001030000079100000
022011111169990001370005406600001
022011111171290001260000100100000
022011111179990001230000028400000
022011111185190001270002096800001
022011111185190001680000106100000
022011111011890001610000015100000
022011111024490001260000021800000
022011111024490001610000009300000
022011111025090001140000041000000
022011111029990001140000041000000
022011111029990001370022431400004
022011111033390001170000030400000
022011111033390001500000038300000
022011111053590000150001997100000
022011111053590001580000031600000
022011111053890000720002015200000
022011111059990000020000318000000
022011111069990000080000038000000
022011111071690001610000009000000
022011111071990000050000019400000
022011111080590000630000017400000
022011111080990000390000193800000
022011111082490000810001559800000
022011111083790001070000058400000
022011111089990001500000276700000
022011111089990001600000070900000
022011111090890001380001863800000
022011111092590000260007951100002
022011111094390001480000170300000
022011111099990000260101569100016
022011111099990001490005994900000
022011111100690001500000098600000
022011111101090001360009282200002
022011111109990001680002291300000
022011111111590000390000480200000
022011111111590001100000077600000
022011111111590001610000031900000
022011111113290000290000019100000
022011111119990001180045763300006
022011111119990001620000120000000
022011111129990001220000270600000
022011111139990001260000180400000
022011111140190000890000691700000
022011111140190001070000117800000
022011111140190001270004603400001
022011111142090000110000103800000
022011111153090000400000174500000
022011111153090001030000079100000
022011111162690000390000162600000
022011111174690001690000221000000
022011111179990000520016978600001
022011111189990000220000171200000
022011111189990001500000006500000
022011111999990000010000096600000
022011111999990000330000000000000
022011111011190001360020325100003
022011111011490001580000024100000
022011111011890001360018586700003
022011111012390000390000214900000
022011111012390001680001372700000
022011111012990000400000199600000
022011111014190001580000059300000
022011111019990001370159489300025
022011111040790001500000109300000
022011111049990001070000364100000
022011111049990001500000109300000
022011111049990001620000045000000
022011111053590001500000128800000
022011111063990000080000038000000
022011111063990001100000057800000
022011111071390001100000042300000
022011111071690001680000446800000
022011111071990000390000127300000
022011111071990001680000994700000
022011111079990001070000415600000
022011111080590000580000008300000
022011111080590001610000005000000
022011111083490000550000023400000
022011111084790001500000058100000
022011111089990000550000123600000
022011111089990001580000088700000
022011111090890000470016960100002
022011111091790001610000020500000
022011111094390000420000304600000
022011111094390001450000041900000
022011111099990001450000041900000
022011111112790001070000105400000
022011111113690000390000413200000
022011111113690001100000080900000
022011111119990000140018403700002
022011111119990000280000144300000
022011111129990001680034735400004
022011111139990000710001825100000
022011111142090000390000439000000
022011111144890000090000167000000
022011111159990001100000113000000
022011111169990001280009512400003
022011111170390001100000212200000
022011111171290000430000368700000
022011111195290001680000099200000
022011111199990001070000013700000
022011111999990000220000171200000
022011111999990000880168604000011
022011111011190001610000026500000
022011111012190000300000029600000
022011111012190000400000091700000
022011111014190000550000116000000
022011111019990000010000096600000
022011111019990000300000078900000
022011111019990001130000060300000
022011111019990001280198561200033
022011111022290000390000147100000
022011111022290001500000028600000
022011111033390000630000086700000
022011111033390000740008375500001
022011111039990000600009282800001
022011111049990001680001852500000
022011111053590001100000146000000
022011111053890001070000289400000
022011111053890001270020522100004
022011111063990001360008862400001
022011111063990001680001261400000
022011111071390000770001611600000
022011111071990001610000009200000
022011111074590001360011256800002
022011111079990000390000784700000
022011111079990001370035580600007
022011111079990001500000113500000
022011111080990001500000060500000
022011111084090001070000035300000
022011111084290000300000018100000
022011111089990000050000070700000
022011111090890000420004005400000
022011111092590001680000106900000
022011111094390000630000106900000
022011111094390001410009049600002
022011111094390001680000367200000
022011111109990001070000225700000
022011111109990001310033923700006
022011111109990001500000153000000
022011111111590001220000069400000
022011111111590001500000124100000
022011111112790000140001981100000
022011111112790000440000660300000
022011111113690000440002583400000
022011111113690001270028407900004
022011111129990000600000664500000
022011111133190000390000365600000
022011111139990001620000035300000
022011111140190000030003243900001
022011111142090000900001259500000
022011111144890001620000055000000
022011111162690001360005406600001
022011111162690001500000068600000
022011111170390001520000107800000
022011111171290001360008765700002
022011111174690000520009641700001
022011111174690001360037049900004
022011111174690001680008439400001
022011111185190001500000006500000
022011111999990000540032431700005
022011111999990000610004241500001
022011111999990001060007699900000
022011111999990001090000243100000
022011111189990000990000029300000
022011111999990000280000144300000
022011111999990001281086656600186
022011111999990001330000205800000
022011111999990001370700351100110
022011111999990001500002721000000
022011111174690000430000557900000
022011111179990001260000100100000
022011111179990001620000198000000
022011111189990000910000057600000
022011111195290001270001782800001
022011111999990000120012530600001
022011111999990000450025698500003
022011111999990001570000016900000
022011111999990001690000221000000
