022015121010490011040003978000001
022015121011890011790008365000001
022015121011890012450000124500000
022015121019999013350000035600000
022015121022290010800000024900000
022015121029999046880000184900000
022015121063990000780007846000001
022015121070290007960000030500000
022015121071990002280002460300001
022015121071990011660000007500000
022015121080590002700004707200002
022015121083490006540000469900000
022015121083490011760000018200000
022015121084090007790000051700000
022015121089999010700000103200000
022015121100690009820001233800000
022015121111590009200000516900000
022015121112790006350000040500000
022015121129999034840064564500006
022015121129999044750004350800000
022015121133190007710001452800000
022015121133190010310000091300000
022015121139999039850000091300000
022015121140190000590002533100001
022015121142090006650001072200000
022015121144890011780000108900000
022015121153090004060000544200000
022015121159999026010000031300000
022015121170390004350000041500000
022015121170390009270000040400000
022015121171290000090000050900000
022015121174690008820000999000000
022015121195290008320000036600000
022015121199999048500000036600000
022015121999999015280021912500002
022015121999999028240000190900000
022015121999999046880005811400000
022015121010490001600008943400002
022015121011890001240000069600000
022015121011890013690000044500000
022015121014190008250020840800002
022015121019999010790061344700008
022015121040790003890000511400000
022015121040790008390000117700000
022015121049999044750000227600000
022015121053590004070000095300000
022015121069999028160000046100000
022015121070290007860000053800000
022015121070290013280000020500000
022015121079999039850000007500000
022015121080590005690000012500000
022015121080590011170001195100000
022015121080990006090003681800001
022015121083490001560000007200000
022015121083790013960000026400000
022015121089999034840033927700009
022015121090890001720003439400000
022015121090890010730037872300004
022015121091790005680000058600000
022015121099999050330092988000012
022015121101090007240003473000000
022015121111590013600000124600000
022015121113290010820003435700001
022015121122890005190019019300002
022015121140190005960000076800000
022015121140190008970000056100000
022015121140190011560004841300001
022015121149999023940000045000000
022015121159999037360011060100001
022015121169999034840004197300001
022015121170390000860029708300004
022015121171290005890000174300000
022015121171290010450000026100000
022015121171290011160000213700000
022015121189999037360000464600000
022015121999999028290000302600000
022015121999999033770000141900000
022015121011190009430003888100000
022015121011490003120000206900000
022015121011890002190000384300000
022015121012190011690007435300002
022015121012390006490000118900000
022015121019999014710000063100000
022015121019999044750002317900000
022015121029999037360013643400002
022015121033390004430018756800003
022015121033390005060000385500000
022015121040790003840008863500002
022015121049999048500001145100000
022015121053590009140000077400000
022015121053590009360000043900000
022015121053890004450005025700001
022015121069999037360006256900001
022015121080590002980001597100000
022015121080990009880000034100000
022015121084290006000000008600000
022015121084990012400000074700000
022015121089999048500006881600000
022015121091790003040002841000000
022015121091790003290003276200000
022015121091790008150000088900000
022015121091790008370007803000002
022015121094390003620005892200001
022015121094390013840006527200001
022015121099999010790049087200005
022015121113290008760000039900000
022015121113690002790000137700000
022015121113690009500002653700000
022015121129999037360075625700008
022015121129999049170000499400000
022015121139999034840005485600001
022015121149999037360031767400005
022015121159999010790012857000002
022015121162690007450002807300001
022015121174690013030000276100000
022015121179999050080067354900009
022015121179999050110000100300000
022015121199999037360000321500000
022015121999999037360319858400042
022015121010490011900000029700000
022015121010490012480000017600000
022015121011190004890000759100000
022015121011190008230013073400002
022015121011490000740014985100002
022015121011490000800005581200001
022015121011490002940000352900000
022015121012390006140000128700000
022015121012990007190000029000000
022015121014190000420027546300003
022015121014190006720000271700000
022015121019999010330000118900000
022015121019999032370000136400000
022015121022290005020000025700000
022015121022290013900002194300001
022015121024490005930000031300000
022015121039999014710000186900000
022015121039999034840014511300002
022015121053590011770006338500001
022015121059999030470000043900000
022015121063990009690000090100000
022015121070290002690000025100000
022015121070290007980000158300000
022015121071990002330003068500001
022015121079999028160000065400000
022015121080990009670000050700000
022015121082490007800000092200000
022015121084290010540000005400000
022015121084790000900000173500000
022015121089999015430000109000000
022015121090890010080000549300000
022015121094390003680004561900001
022015121101090003010002840600000
022015121101090013150000051800000
022015121113290003140000140600000
022015121119999050410041069800006
022015121129999046880002264300000
022015121139999049110000095600000
022015121140190006100000138500000
022015121144890002410007456000001
022015121149999028160000058900000
022015121162690003180002681200000
022015121179999040030000610300000
022015121195290000960000436600000
022015121199999049110000004600000
022015121999999009930001082700000
022015121999999014710001008400000
022015121999999032370000285400000
022015121999999047200003064200000
022015121999999050620000067600000
022015121012190013230000033600000
022015121012990010520000093400000
022015121019999039920000040900000
022015121022290004960001978900000
022015121025090002520011893600002
022015121025090009560000184900000
022015121029999044750000580300000
022015121033390010140000124000000
022015121033390010590000171500000
022015121040790010900011162800002
022015121069999033160012921600002
022015121069999039850000017300000
022015121070290002660008524100002
022015121074590002530000303900000
022015121074590012620000061200000
022015121079999047110000020500000
022015121082490002820010407700002
022015121083790004860008937500002
022015121083790006480000082200000
022015121084290002910000787200000
022015121084990012380000018700000
022015121089999010790023197900003
022015121101090002160008792400002
022015121112790007180000163300000
022015121113690013090000143900000
022015121119999044750000845600000
022015121149999027440000800300000
022015121149999033160014212700002
022015121159999044750000544200000
022015121171290009130000225200000
022015121171290010290007473200001
022015121179999032370000041500000
022015121189999010790000439200000
022015121999999047140000288300000
022015121999999048500092678300002
022015121012990010970013298000002
022015121019999033160129429300021
022015121022290008110000083300000
022015121029999034840016905700004
022015121039999046880000171500000
022015121049999015500000071400000
022015121059999010790011364200002
022015121059999027440001188800000
022015121069999046880000090100000
022015121071690010330001411300000
022015121071690010470000046400000
022015121082490012150000074500000
022015121083790005090004559300001
022015121083790013420000031900000
022015121084790009680000294000000
022015121089999028160000223200000
022015121099999033160041836900005
022015121100690002740013764000002
022015121111590005260006678400001
022015121113290002120004472600001
022015121113690006860019720100003
022015121119999046880000124600000
022015121140190002310002122500000
022015121140190011270000011000000
022015121142090000260003388400000
022015121142090007480009853300002
022015121170390005110003339700000
022015121170390010840020161000003
022015121170390011380000045600000
022015121171290000110004832800001
022015121189999027440000035800000
022015121189999048500000043100000
022015121999999040030000610300000
022015121999999042230006538800000
022015121010490001840011763500002
022015121010490007400000212600000
022015121011890004480000269700000
022015121012390007060001677100000
022015121012390010830000037100000
022015121019999039850000019800000
022015121033390011640000103800000
022015121039999010790008446400001
022015121053590005100000535100000
022015121059999033160028357500005
022015121059999037360023151900003
022015121069999010790005337100001
022015121069999030470000023600000
022015121079999044750000616200000
022015121082490000300000053400000
022015121082490010010000031300000
022015121082490010630000103200000
022015121084090006610001976900001
022015121084990000530004816000002
022015121094390006580000068600000
022015121094390013630007703600001
022015121099999035200000711600000
022015121100690002500014849300003
022015121101090013360000033800000
022015121112790004360008644600002
022015121113290013490000087300000
022015121119999027440001352300000
022015121133190010210000234300000
022015121153090003750000328200000
022015121162690007050000036000000
022015121170390007150000826200000
022015121171290000030006659000001
022015121174690000320027618800003
022015121179999021710000126300000
022015121179999033160083813500011
022015121179999047720000250300000
022015121185190006600000014600000
022015121199999033160001233100001
022015121999999050080067354900009
022015121999999050630060178200009
022015121010490002890000153200000
022015121012390000870012198400002
022015121012990003460013258600002
022015121012990012760000097400000
022015121014190007010000065200000
022015121019999037550000062100000
022015121024490002840000037500000
022015121053590000020000160500000
022015121053590013460000030000000
022015121071390000080011345100003
022015121071990007120000064500000
022015121079999037360015972600001
022015121080990012870000143100000
022015121083490001440001481400000
022015121089999021710000034100000
022015121090890004250004832600000
022015121099999050630060178200009
022015121101090002710008475800002
022015121109999037360008209800001
022015121113290000880001517400000
022015121113690012910015963800002
022015121122890008740000113700000
022015121129999037550000287000000
022015121140190000250002835300001
022015121144890010380001846600000
022015121149999037550000047900000
022015121153090003600014788300002
022015121159999034840014788300002
022015121169999033160006794100002
022015121174690009600039720700005
022015121189999033160001481300001
022015121189999049110000014600000
022015121999999044750015515300000
022015121999999048960000202100000
022015121999999049110004867500000
022015121011190000660017931900003
022015121011890001400015802700002
022015121012190006270000238500000
022015121012190007380003077600000
022015121012990001980022474500004
022015121025090012810000108800000
022015121049999034840008863500002
022015121053590011620000147800000
022015121053890004390010289200002
022015121053890006740006012900001
022015121053890008440009493600001
022015121053890012310000077200000
022015121059999048500003097800000
022015121063990007890006256900001
022015121070290012930000930600000
022015121071390008940000162500000
022015121071690006020000053700000
022015121074590006770000150900000
022015121080590002030002025400001
022015121083490011880001408300000
022015121083790006380000166900000
022015121084090006870000022300000
022015121091790010160000060200000
022015121099999035340059027400008
022015121100690007200004736800001
022015121113290005400008667300002
022015121113690004790000531500000
022015121119999028290000302600000
022015121119999039850000042900000
022015121139999047200003064200000
022015121144890002490000434200000
022015121149999049110000243200000
022015121153090009800000105100000
022015121162690010090000117700000
022015121171290010530000092100000
022015121199999034840000690500000
022015121999999013350000170400000
022015121999999049640000040600000
022015121011490012560000049400000
022015121012390008300000071100000
022015121012390008510004864000000
022015121019999034840140239300022
022015121019999037360075236700010
022015121025090004120009513000001
022015121029999048500004519900000
022015121029999050620000067600000
022015121039999028160000124000000
022015121039999049110000103800000
022015121049999049110000117700000
022015121053590007550014537200003
022015121069999034840007846000001
022015121071390000130009195900002
022015121074590011650000030600000
022015121082490002050000183800000
022015121083490011850000012600000
022015121084990000280002598500001
022015121084990008670000012800000
022015121094390003450000632400000
022015121094390003570005315200001
022015121094390013890005707100001
022015121099999042230006538800000
022015121111590011930003061800000
022015121112790006200001544100000
022015121113690009180000317700000
022015121119999047330000324500000
022015121122890003470068116700007
022015121122890004970004350800000
022015121122890008360000499400000
022015121129999027440002832200000
022015121129999039850000113700000
022015121129999049110000403700000
022015121142090005660008125700001
022015121144890008530000104500000
022015121153090009920000031300000
022015121169999028160000022900000
022015121171290008930000960500000
022015121174690010880000100300000
022015121195290003250000024000000
022015121999999021710000160400000
022015121010490003350000016400000
022015121010490009970000055800000
022015121011190008200000149300000
022015121011490005610000087600000
022015121011490008380000063100000
022015121011890001220015869300003
022015121012190013390000046000000
022015121024490006070000013900000
022015121029999010790012634600001
022015121029999027440000522400000
022015121033390007330000186900000
022015121040790006460001291000000
022015121063990002480005337100001
022015121063990007770000052900000
022015121070290013080003232000000
022015121071390005460000038600000
022015121071990006390002382700000
022015121071990012610000028300000
022015121080590010200000023800000
022015121083790013160000701700000
022015121084290005310000183600000
022015121084290010640000032700000
022015121084790001190012132300002
022015121084790001260005634700001
022015121092590005600000486700000
022015121092590006680001789700000
022015121113690012800000115800000
022015121122890003530064564500006
022015121122890012710002264300000
022015121133190009250000145200000
022015121144890005300017072800002
022015121149999034570016198800003
022015121169999014710000036200000
022015121170390009070000327800000
022015121179999016000000045600000
022015121179999048500011196300000
022015121185190008350000043100000
022015121999999028160003117900000
022015121999999049760003387700000
022015121011490007660003765000000
022015121011490011590006874000001
022015121012390000730004139800000
022015121025090003280000296700000
022015121053590012970000061600000
022015121074590000930014944200002
022015121079999049110000175100000
022015121080590008180000033000000
022015121080990004320004464000001
022015121083490001450004218200002
022015121083790006690000025100000
022015121084290011370000010100000
022015121084790008090005020400001
022015121089999046880000405300000
022015121090890001740032198000004
022015121091790005880008317000002
022015121092590003200002466800001
022015121092590007620004828900001
022015121109999049110000084600000
022015121111590012890017758100002
022015121112790007950000097100000
022015121112790011860003912200001
022015121119999010790014885200001
022015121122890003520121021900013
022015121133190008650000057600000
022015121139999044750000145200000
022015121144890003740000201200000
022015121144890013550000047900000
022015121159999014710000106300000
022015121159999027440000659100000
022015121171290013260000047100000
022015121174690003110006896100000
022015121185190005950000035800000
022015121189999034840000762700000
022015121011890001550007084500001
022015121012990000440000888600000
022015121022290005370003018300001
022015121024490005840000045600000
022015121025090003720016166200003
022015121029999028160000119900000
022015121033390002460005258300000
022015121039999037360013298400002
022015121053890005510000127800000
022015121059999044750000468100000
022015121059999047590021841300004
022015121063990002360000046100000
022015121063990007870000017300000
022015121069999044750000287500000
022015121071390003820000194900000
022015121071990007080000102600000
022015121079999046880000360800000
022015121080990001620000050100000
022015121083490006370000015900000
022015121083490011940000062400000
022015121084090007440000019000000
022015121092590008310000039800000
022015121092590013480000046500000
022015121100690004750004535000000
022015121109999044750000262000000
022015121129999015430000457900000
022015121129999030470000177900000
022015121129999048500019019300002
022015121133190001250002496900000
022015121133190002350003064200000
022015121142090005940000227600000
022015121142090006330000078200000
022015121142090009030000036800000
022015121149999015280018418600002
022015121159999028160000105100000
022015121159999046880000328200000
022015121169999037360002807300001
022015121174690004710000523200000
022015121179999034840053148900007
022015121199999010790000436600000
022015121199999027440000031400000
022015121999999016000000045600000
022015121011490000500014210100002
022015121012190013340000101400000
022015121012990005270000102900000
022015121012990006900005277200000
022015121012990013470000040900000
022015121022290006230000643300000
022015121040790009950000071400000
022015121049999010790007155100001
022015121049999027440000511400000
022015121053890009230013820300002
022015121059999046880000154600000
022015121059999049110000266000000
022015121069999048500001548800000
022015121070290007850000114600000
022015121074590002010005319900001
022015121084790009300000028900000
022015121089999049110000252600000
022015121090890004380046458800005
022015121099999027440004393000000
022015121099999049110001291100000
022015121101090008520000725200000
022015121111590011320000111900000
022015121113290011630000077700000
022015121133190001080005485600001
022015121139999047210010224400002
022015121140190012790000017500000
022015121153090003690002276700000
022015121153090008060000659100000
022015121153090010410000126800000
022015121159999039850000033000000
022015121170390000710018871100003
022015121170390001090015439700002
022015121171290003760000041300000
022015121174690000390000209100000
022015121174690000700001449400000
022015121174690011210000413500000
022015121179999028160000434100000
022015121179999050600000127600000
022015121185190002290000762700000
022015121999999024420000327800000
022015121999999033160723696500123
022015121999999047110000020500000
022015121999999047130000071100000
022015121999999047720000250300000
022015121010490001910000031800000
022015121011190003780000363700000
022015121011490010660000060500000
022015121011890012630000063800000
022015121012990004730000452200000
022015121014190009000000642100000
022015121014190011920000141300000
022015121014190013670000098900000
022015121019999015430000182600000
022015121019999026050000093400000
022015121022290010500003974700001
022015121024490000640001142700000
022015121029999047180022969100006
022015121033390006520000455500000
022015121039999030470000039200000
022015121049999033160014064000003
022015121059999047830000171200000
022015121071690003320000009700000
022015121071690008700000016500000
022015121079999033160044623500010
022015121079999034840033185600007
022015121080990006400000045200000
022015121084790002680007087900001
022015121084990005700000024600000
022015121089999027440000853300000
022015121089999039850000084500000
022015121090890012500001073000000
022015121091790001410004209600001
022015121092590005650000174300000
022015121101090007900000107000000
022015121122890014010000287000000
022015121139999027440000234300000
022015121140190000490003368300001
022015121142090000180009135900002
022015121144890012220000144700000
022015121149999044750000409300000
022015121153090008980000033000000
022015121162690010700000742300000
022015121169999044750000136100000
022015121170390005210000222700000
022015121170390007250000557000000
022015121171290010400000046700000
022015121185190002780000439200000
022015121195290005250000031400000
022015121195290013940000004600000
022015121199999044750000024000000
022015121999999050110000100300000
022015121012390000680000254300000
022015121012990013190000181700000
022015121019999028160000536800000
022015121019999048500025701900000
022015121022290004280000055400000
022015121025090010550010259600001
022015121039999048500005258300000
022015121074590003000001359000000
022015121079999048500004198600000
022015121080990001690008203700002
022015121082490007290000204700000
022015121082490008400005144100001
022015121084990008680001586500000
022015121090890004410038706100004
022015121109999027440000340400000
022015121112790010220000042100000
022015121112790014060000044300000
022015121122890008840000457900000
022015121129999010790068116700007
022015121129999033160121021900013
022015121142090000350005176400001
022015121149999010790005026800000
022015121149999048500003600200000
022015121170390010020000176100000
022015121195290001000001233100001
022015121999999010790351452800040
022015121999999026050000093400000
022015121999999027440022036900000
022015121999999039920000040900000
022015121999999050330092988000012
022015121010490001760004449400001
022015121011190011440000104200000
022015121012190011500001178600000
022015121012390000470014851100003
022015121019999047130000071100000
022015121019999049110000567600000
022015121022290005540000079200000
022015121024490002920000389700000
022015121039999044750000385500000
022015121059999039850000030000000
022015121059999047440008191700001
022015121071390004680000056000000
022015121071390013680003687900000
022015121071690010150000362800000
022015121071690013290000035600000
022015121071990002430004736500001
022015121080990009980001017100000
022015121082490001050003790200001
022015121082490002880007412800001
022015121084090006960000127400000
022015121084290002270001233100001
022015121089999009930000157900000
022015121100690002630000204100000
022015121101090013050000107400000
022015121112790006160004877200001
022015121122890003550002832200000
022015121139999023940000057600000
022015121144890001430018260400003
022015121149999014710000151800000
022015121149999026870000011000000
022015121149999049640000040600000
022015121153090008780029394300005
022015121162690002950000022900000
022015121169999048500000742300000
022015121170390004820000060800000
022015121171290000070009847400002
022015121174690000720022189600002
022015121174690012960000711100000
022015121179999009930000924800000
022015121179999010790042462100005
022015121179999024420000327800000
022015121179999027440002500800000
022015121195290008470000321500000
022015121999999014120001291000000
022015121999999026870000011000000
022015121011190000120009496200001
022015121011190006360000042200000
022015121011190007110000078000000
022015121012990001970020889600003
022015121024490000540001993800001
022015121029999014710000383400000
022015121029999049110000147600000
022015121049999014120001291000000
022015121053890011800001571600000
022015121069999049110000052900000
022015121082490006300000048200000
022015121082490011000001399700000
022015121084090006430001566500000
022015121084290002960000019200000
022015121084990008720000551400000
022015121089999033770000141900000
022015121089999044750001309600000
022015121090890011390000659500000
022015121099999049910056725300008
022015121109999048500001959000000
022015121111590004840000042900000
022015121113690004330011898800002
022015121119999048050035022000006
022015121122890008950000107500000
022015121140190007570000047300000
022015121144890008330000041400000
022015121153090003640012857000002
022015121153090011820000106300000
022015121159999033160029394300005
022015121159999048500002276700000
022015121179999044750001730300000
022015121185190005850000464600000
022015121185190007650000019700000
022015121189999044750000019700000
022015121999999010700000103200000
022015121011190000100018089500003
022015121012190005010009563700002
022015121012190012390000019200000
022015121014190002250000109600000
022015121014190011090000089300000
022015121019999027440004087900000
022015121025090008430003486900000
022015121039999027440000455500000
022015121053590005480013658300002
022015121053890004950000075900000
022015121063990000770012921600002
022015121070290002550006520500001
022015121071690003300003701900001
022015121071990008160000562800000
022015121079999010790016108300003
022015121080590002170000051900000
022015121080590007610000090800000
022015121083790013780002574300000
022015121084090007490001314400000
022015121084090007680000374200000
022015121089999014710000018200000
022015121089999037360022757700003
022015121090890012230076823500009
022015121094390009610000062500000
022015121111590011110000144700000
022015121119999033160060962300010
022015121119999049170000087300000
022015121122890008240075625700008
022015121122890013620000174200000
022015121139999015280003493900000
022015121140190006820000681400000
022015121144890003430002514800000
022015121144890004810008170400001
022015121169999049110000036000000
022015121174690004720000148200000
022015121174690007600000100200000
022015121179999049110000501100000
022015121999999015330030231600006
022015121010490012990000034300000
022015121011490012270000081300000
022015121012190011050000030700000
022015121012390006290000019800000
022015121012390011260000046900000
022015121025090010870000056200000
022015121033390001790014511300002
022015121053890011280000118200000
022015121059999047140000288300000
022015121071390000140003647700000
022015121080990006630000235600000
022015121083490006240000021800000
022015121084090007340000022700000
022015121084290010190000832800000
022015121084990002870000050200000
022015121091790001390000587100000
022015121091790003390000362300000
022015121094390013870000089400000
022015121099999044750000855400000
022015121099999046880000046500000
022015121100690008850000095100000
022015121109999010790007375600000
022015121109999033160022556400004
022015121111590009310000353100000
022015121113290008560000645500000
022015121122890012840000403700000
022015121129999028160000174200000
022015121149999015330030231600006
022015121169999010790002681200000
022015121195290000990000690500000
022015121999999015500000071400000
022015121014190000330037114200005
022015121014190000840014257400002
022015121025090004270000405700000
022015121040790009040001145100000
022015121049999037360011162800002
022015121053590001150002178800000
022015121053590009740001526200000
022015121063990005780000287500000
022015121071390013650000983400000
022015121071390013730000017400000
022015121071990002370000115200000
022015121074590011420005258700001
022015121079999013350000017400000
022015121080990004180003355800000
022015121083490001370002569800001
022015121084290002210002003000001
022015121084790001070000027200000
022015121084790002590000041100000
022015121084790007640000048900000
022015121089999033160059043800017
022015121091790009380005407100001
022015121092590005630002236000000
022015121100690008880000154600000
022015121122890006910000177900000
022015121133190010440008121600002
022015121139999010790002496900000
022015121144890001280008489300001
022015121162690006440000036200000
022015121171290009020000048900000
022015121999999015430000749500000
022015121999999030470000284600000
022015121999999037550000458600000
022015121999999050410041069800006
022015121014190001630000997600000
022015121053590003090011552100002
022015121053890005080000653700000
022015121053890009490000211700000
022015121069999027440000294300000
022015121071690003060005073600002
022015121080990004440000092600000
022015121090890001730041416300005
022015121092590005620004431700001
022015121092590005810000068700000
022015121099999014710000062500000
022015121101090006080000136300000
022015121109999034840023325100005
022015121111590001960013773400002
022015121112790009550000725300000
022015121113690002230005145300000
022015121133190008070000095600000
022015121133190009390003493900000
022015121139999037360008121600002
022015121140190013810000008200000
022015121149999049170000144700000
022015121162690002570004197300001
022015121162690002760006794100002
022015121174690005800044257800005
022015121179999013350000047100000
022015121179999046880000728300000
022015121999999026010000031300000
022015121999999049170000731400000
022015121999999049910056725300008
022015121999999050260007086300000
022015121010490012130001082800000
022015121019999046880000900500000
022015121024490011600001189500000
022015121025090004200000451400000
022015121033390001830008446400001
022015121033390009530000039200000
022015121033390010860013298400002
022015121040790003790007155100001
022015121040790003870000227600000
022015121049999049760003387700000
022015121053590013040000256400000
022015121063990005830000294300000
022015121063990007830000023600000
022015121071690010560001304900000
022015121074590002200010698800002
022015121079999027440000826000000
022015121080590007070000390500000
022015121083490011980000082800000
022015121083790006150000117500000
022015121084090006760003618200002
022015121084790008040001793500000
022015121084790009190000157900000
022015121084790009480000042900000
022015121084790009870000123000000
022015121089999013350000070300000
022015121092590009370003053800001
022015121094390006420000417000000
022015121109999046880000051800000
022015121111590010710000154800000
022015121113290009170000034400000
022015121119999049110000382900000
022015121133190001200010224400002
022015121140190001700001051200000
022015121142090000600001460800000
022015121142090004910000131300000
022015121144890009960000040600000
022015121153090008890011060100001
022015121170390005240000174100000
022015121174690013590000127600000
022015121185190003220001481300001
022015121999999010330000118900000
022015121999999023940000102600000
022015121011890013330002602200000
022015121012190012180003943500001
022015121012390010960000071500000
022015121014190009520006230900000
022015121019999028240000190900000
022015121022290013830000011400000
022015121024490000450002828200002
022015121024490002040000009700000
022015121025090010130000084500000
022015121039999047620018756800003
022015121040790003850014064000003
022015121040790010320003387700000
022015121059999037550000061600000
022015121063990011570001548800000
022015121070290002390003375500001
022015121074590006250000190100000
022015121083790006260003524200001
022015121084990000290001460800000
022015121092590011360000031600000
022015121094390009280000070500000
022015121100690012190000050800000
022015121109999048960000202100000
022015121111590001590023930300003
022015121119999050260007086300000
022015121129999032370000107500000
022015121139999048500001452800000
022015121159999049110000126800000
022015121162690003330000136100000
022015121169999027440000117700000
022015121999999034840554531500090
022015121999999039850000440000000
022015121999999047440008191700001
022015121999999050600000127600000
