062007051350019900000100001927000
062007051350019900000200001614000
062007051350019900001100000002000
062007051350019900009000000038000
062007051350019900011300000035000
062007051350019900011400000102000
062007051350019900011600000046000
062007051350019900011700000003000
062007051350019900011800000067000
062007051350019900011900000001000
062007051350019900012000000002000
062007051350019900012100000008000
062007051350019900012200000000000
062007051350019900012300000005000
062007051350019900014900000000000
062007051350019900015000000002000
062007051350029900000100003156000
062007051350029900000200002495000
062007051350029900001100000009000
062007051350029900009000000251000
062007051350029900011300000311000
062007051350029900011400000754000
062007051350029900011600000035000
062007051350029900011700000100000
062007051350029900011800005875000
062007051350029900011900000008000
062007051350029900012000000015000
062007051350029900012100000114000
062007051350029900012200000166000
062007051350029900012300000021000
062007051350029900014900000021000
062007051350029900015000000013000
062007051350039900000100000524000
062007051350039900000200000680000
062007051350039900011200000105000
062007051350039900011400001238000
062007051350039900011600000009000
062007051350039900014700000160000
062007051350039900014800000118000
062007051350049900000100002199000
062007051350049900000200004422000
062007051350049900011300000612000
062007051350049900012500000619000
062007051350049900012600001386000
062007051350049900012700000190000
062007051350049900015100002717000
062007051350049900015200001040000
062007051350049900015300004250000
062007051350049900019000000044000
062007051350059900000100000439000
062007051350059900000200000380000
062007051350059900001100000000000
062007051350059900009000000014000
062007051350059900011300000006000
062007051350059900011400000008000
062007051350059900011600000002000
062007051350059900011700000000000
062007051350059900011800000226000
062007051350059900011900000002000
062007051350059900012000000000000
062007051350059900012100000000000
062007051350059900012200000001000
062007051350059900012300000000000
062007051350059900014900000011000
062007051350059900015000000002000
062007051350069900000100006266000
062007051350069900000200007704000
062007051350069900001100000010000
062007051350069900009000000434000
062007051350069900011300000771000
062007051350069900011400002836000
062007051350069900011600000084000
062007051350069900011700000057000
062007051350069900011800001105000
062007051350069900011900000089000
062007051350069900012000000023000
062007051350069900012100000091000
062007051350069900012200000008000
062007051350069900012300000086000
062007051350069900014900000027000
062007051350069900015000000020000
062007051350079900000100000204000
062007051350079900000200000079000
062007051350079900011200000001000
062007051350079900011400000274000
062007051350079900011600000001000
062007051350079900014700000005000
062007051350079900014800000014000
062007051350089900000100001687000
062007051350089900000200001380000
062007051350089900001100000007000
062007051350089900009000000075000
062007051350089900011300000653000
062007051350089900011400000301000
062007051350089900011600000014000
062007051350089900011700000008000
062007051350089900011800000429000
062007051350089900011900000001000
062007051350089900012000000003000
062007051350089900012100000029000
062007051350089900012200000006000
062007051350089900012300000006000
062007051350089900014900000007000
062007051350089900015000000007000
062007051350099900000100007167000
062007051350099900000200004168000
062007051350099900001100000001000
062007051350099900009000000144000
062007051350099900011300000462000
062007051350099900011400000530000
062007051350099900011600000041000
062007051350099900011700000038000
062007051350099900011800002632000
062007051350099900011900000011000
062007051350099900012000000019000
062007051350099900012100000031000
062007051350099900012200000005000
062007051350099900012300000017000
062007051350099900014900000013000
062007051350099900015000000075000
062007051350109900000100000145000
062007051350109900000200000390000
062007051350109900011300000219000
062007051350109900012500000045000
062007051350109900012600000060000
062007051350109900012700000016000
062007051350109900015100001061000
062007051350109900015200000126000
062007051350109900015300000542000
062007051350109900019000000002000
062007051350119900000100004720000
062007051350119900000200006763000
062007051350119900001100000012000
062007051350119900009000000291000
062007051350119900011300000427000
062007051350119900011400001328000
062007051350119900011600000050000
062007051350119900011700000020000
062007051350119900011800001403000
062007051350119900011900000014000
062007051350119900012000000052000
062007051350119900012100000049000
062007051350119900012200000011000
062007051350119900012300000066000
062007051350119900014900000023000
062007051350119900015000000024000
062007051350129900000100003269000
062007051350129900000200001154000
062007051350129900001100000006000
062007051350129900009000000067000
062007051350129900011300000605000
062007051350129900011400000483000
062007051350129900011600000011000
062007051350129900011700000006000
062007051350129900011800000502000
062007051350129900011900000005000
062007051350129900012000000010000
062007051350129900012100000035000
062007051350129900012200000006000
062007051350129900012300000042000
062007051350129900014900000003000
062007051350129900015000000004000
062007051350139900000100002685000
062007051350139900000200001421000
062007051350139900001100000001000
062007051350139900009000000051000
062007051350139900011300000150000
062007051350139900011400000701000
062007051350139900011600000052000
062007051350139900011700000008000
062007051350139900011800000246000
062007051350139900011900000010000
062007051350139900012000000003000
062007051350139900012100000058000
062007051350139900012200000000000
062007051350139900012300000002000
062007051350139900014900000006000
062007051350139900015000000004000
062007051350149900000100002593000
062007051350149900000200001036000
062007051350149900011200000079000
062007051350149900011400002177000
062007051350149900011600000055000
062007051350149900014700000260000
062007051350149900014800000116000
062007051350159900000100000690000
062007051350159900000200002631000
062007051350159900011200000052000
062007051350159900011400001597000
062007051350159900011600000026000
062007051350159900014700000151000
062007051350159900014800000561000
062007051350169900000100063270000
062007051350169900000200069123000
062007051350169900001100000192000
062007051350169900009000005720000
062007051350169900011300004094000
062007051350169900011400005056000
062007051350169900011600001131000
062007051350169900011700000302000
062007051350169900011800008916000
062007051350169900011900000772000
062007051350169900012000000392000
062007051350169900012100005182000
062007051350169900012200000137000
062007051350169900012300000618000
062007051350169900014900000332000
062007051350169900015000000540000
062007051350179900000100002691000
062007051350179900000200002243000
062007051350179900011200000190000
062007051350179900011400005545000
062007051350179900011600000051000
062007051350179900014700000660000
062007051350179900014800000587000
062007051350189900000100000818000
062007051350189900000200001693000
062007051350189900011300000215000
062007051350189900012500000225000
062007051350189900012600000292000
062007051350189900012700000066000
062007051350189900015100001083000
062007051350189900015200000219000
062007051350189900015300001040000
062007051350189900019000000191000
062007051350199900000100002834000
062007051350199900000200004851000
062007051350199900001100000021000
062007051350199900009000000300000
062007051350199900011300001231000
062007051350199900011400000419000
062007051350199900011600000057000
062007051350199900011700000223000
062007051350199900011800004428000
062007051350199900011900000012000
062007051350199900012000000016000
062007051350199900012100003492000
062007051350199900012200000010000
062007051350199900012300000029000
062007051350199900014900000022000
062007051350199900015000000113000
062007051350209900000100000877000
062007051350209900000200002747000
062007051350209900001100000000000
062007051350209900009000000014000
062007051350209900011300000183000
062007051350209900011400000595000
062007051350209900011600000006000
062007051350209900011700000002000
062007051350209900011800000750000
062007051350209900011900000004000
062007051350209900012000000003000
062007051350209900012100000002000
062007051350209900012200000001000
062007051350209900012300000002000
062007051350209900014900000003000
062007051350209900015000000001000
062007051350219900000100003998000
062007051350219900000200003277000
062007051350219900001100000004000
062007051350219900009000000545000
062007051350219900011300000755000
062007051350219900011400000382000
062007051350219900011600000039000
062007051350219900011700000007000
062007051350219900011800000606000
062007051350219900011900000010000
062007051350219900012000000026000
062007051350219900012100000249000
062007051350219900012200000004000
062007051350219900012300000026000
062007051350219900014900000030000
062007051350219900015000000009000
062007051350229900000100006322000
062007051350229900000200004436000
062007051350229900001100000020000
062007051350229900009000000314000
062007051350229900011300001028000
062007051350229900011400000984000
062007051350229900011600000075000
062007051350229900011700000632000
062007051350229900011800010711000
062007051350229900011900000029000
062007051350229900012000000039000
062007051350229900012100000144000
062007051350229900012200000013000
062007051350229900012300000048000
062007051350229900014900000028000
062007051350229900015000000038000
062007051350239900000100002701000
062007051350239900000200002066000
062007051350239900001100000008000
062007051350239900009000000106000
062007051350239900011300000172000
062007051350239900011400002860000
062007051350239900011600000013000
062007051350239900011700000013000
062007051350239900011800000542000
062007051350239900011900000003000
062007051350239900012000000012000
062007051350239900012100000012000
062007051350239900012200000000000
062007051350239900012300000009000
062007051350239900014900000005000
062007051350239900015000000012000
062007051350249900000100000587000
062007051350249900000200001409000
062007051350249900011300000103000
062007051350249900012500000217000
062007051350249900012600000248000
062007051350249900012700000015000
062007051350249900015100001665000
062007051350249900015200000200000
062007051350249900015300002183000
062007051350249900019000000011000
062007051350259900000100000931000
062007051350259900000200000523000
062007051350259900001100000000000
062007051350259900009000000022000
062007051350259900011300000029000
062007051350259900011400000095000
062007051350259900011600000006000
062007051350259900011700000000000
062007051350259900011800000064000
062007051350259900011900000002000
062007051350259900012000000002000
062007051350259900012100000006000
062007051350259900012200000002000
062007051350259900012300000002000
062007051350259900014900000000000
062007051350259900015000000004000
062007051350269900000100016884000
062007051350269900000200011263000
062007051350269900001100000039000
062007051350269900009000001210000
062007051350269900011300002929000
062007051350269900011400002156000
062007051350269900011600000654000
062007051350269900011700000066000
062007051350269900011800010600000
062007051350269900011900000068000
062007051350269900012000000078000
062007051350269900012100000365000
062007051350269900012200000081000
062007051350269900012300000079000
062007051350269900014900000088000
062007051350269900015000000394000
062007051350279900000100002658000
062007051350279900000200003551000
062007051350279900001100000003000
062007051350279900009000000090000
062007051350279900011300000503000
062007051350279900011400000336000
062007051350279900011600000038000
062007051350279900011700000013000
062007051350279900011800000224000
062007051350279900011900000006000
062007051350279900012000000004000
062007051350279900012100000016000
062007051350279900012200000009000
062007051350279900012300000010000
062007051350279900014900000014000
062007051350279900015000000234000
062007051350289900000100001276000
062007051350289900000200001684000
062007051350289900011300000067000
062007051350289900012500000065000
062007051350289900012600000130000
062007051350289900012700000019000
062007051350289900015100000584000
062007051350289900015200000174000
062007051350289900015300000731000
062007051350289900019000000005000
062007051350299900000100000117000
062007051350299900000200000463000
062007051350299900011300000031000
062007051350299900012500000126000
062007051350299900012600000044000
062007051350299900012700000007000
062007051350299900015100001404000
062007051350299900015200000033000
062007051350299900015300000436000
062007051350299900019000000000000
062007051350309900000100001196000
062007051350309900000200001402000
062007051350309900011200000137000
062007051350309900011400002708000
062007051350309900011600000007000
062007051350309900014700000216000
062007051350309900014800000058000
062007051350319900000100001873000
062007051350319900000200001262000
062007051350319900001100000005000
062007051350319900009000000113000
062007051350319900011300000242000
062007051350319900011400000100000
062007051350319900011600000010000
062007051350319900011700000021000
062007051350319900011800001511000
062007051350319900011900000006000
062007051350319900012000000008000
062007051350319900012100000022000
062007051350319900012200000005000
062007051350319900012300000018000
062007051350319900014900000016000
062007051350319900015000000004000
062007051350329900000100001383000
062007051350329900000200001239000
062007051350329900001100000000000
062007051350329900009000000047000
062007051350329900011300000031000
062007051350329900011400000056000
062007051350329900011600000016000
062007051350329900011700000006000
062007051350329900011800000090000
062007051350329900011900000002000
062007051350329900012000000008000
062007051350329900012100000012000
062007051350329900012200000001000
062007051350329900012300000004000
062007051350329900014900000004000
062007051350329900015000000001000
062007051350339900000100001455000
062007051350339900000200001350000
062007051350339900001100000006000
062007051350339900009000000075000
062007051350339900011300000327000
062007051350339900011400000152000
062007051350339900011600000019000
062007051350339900011700000003000
062007051350339900011800000979000
062007051350339900011900000011000
062007051350339900012000000010000
062007051350339900012100000016000
062007051350339900012200000004000
062007051350339900012300000007000
062007051350339900014900000010000
062007051350339900015000000007000
062007051350349900000100000257000
062007051350349900000200000433000
062007051350349900011300000047000
062007051350349900012500000031000
062007051350349900012600000860000
062007051350349900012700000002000
062007051350349900015100000676000
062007051350349900015200000077000
062007051350349900015300000831000
062007051350349900019000000004000
062007051380019900000100001146000
062007051380019900000200004552000
062007051380019900001100000011000
062007051380019900001200000033000
062007051380019900011300000748000
062007051380019900011400001558000
062007051380019900012000000018000
062007051380019900013100000005000
062007051380019900013200000003000
062007051380019900013300000022000
062007051380019900015400000048000
062007051380019900015500000123000
062007051380019900018200000135000
062007051380029900000100000045000
062007051380029900000200000674000
062007051380029900011300000051000
062007051380029900011400000200000
062007051380039900000100000025000
062007051380039900000200000971000
062007051380039900011300000031000
062007051380039900011400000426000
062007051380049900000100001224000
062007051380049900000200000883000
062007051380049900001100000000000
062007051380049900001200000002000
062007051380049900011300000048000
062007051380049900011400001093000
062007051380049900012000000003000
062007051380049900013100000003000
062007051380049900013200000005000
062007051380049900013300000003000
062007051380049900015400000043000
062007051380049900015500000096000
062007051380049900018200000027000
062007051380059900000100000269000
062007051380059900000200001422000
062007051380059900001100000000000
062007051380059900001200000001000
062007051380059900011300000133000
062007051380059900011400001650000
062007051380059900012000000004000
062007051380059900013100000005000
062007051380059900013200000010000
062007051380059900013300000047000
062007051380059900015400000023000
062007051380059900015500000016000
062007051380059900018200000022000
062007051380069900000100003067000
062007051380069900000200004372000
062007051380069900001100000028000
062007051380069900001200000029000
062007051380069900011300001164000
062007051380069900011400007526000
062007051380069900012000000026000
062007051380069900013100000018000
062007051380069900013200000037000
062007051380069900013300000076000
062007051380069900015400000207000
062007051380069900015500000166000
062007051380069900018200000408000
062007051380079900000100000080000
062007051380079900000200000272000
062007051380079900011300000014000
062007051380079900011400000979000
062007051380079900011600000012000
062007051380079900012900000257000
062007051380089900000100000575000
062007051380089900000200001383000
062007051380089900011300000077000
062007051380089900011400001701000
062007051380089900011600000048000
062007051380089900012900000195000
062007051380099900000100000433000
062007051380099900000200000606000
062007051380099900011300000043000
062007051380099900011400001283000
062007051380099900011600000014000
062007051380099900012900000049000
062007051380109900000100000345000
062007051380109900000200001406000
062007051380109900001100000000000
062007051380109900001200000000000
062007051380109900011300000098000
062007051380109900011400000759000
062007051380109900012000000001000
062007051380109900013100000003000
062007051380109900013200000002000
062007051380109900013300000011000
062007051380109900015400000366000
062007051380109900015500000029000
062007051380109900018200000013000
062007051380119900000100001647000
062007051380119900000200004107000
062007051380119900001100000009000
062007051380119900001200000017000
062007051380119900011300000324000
062007051380119900011400003790000
062007051380119900012000000025000
062007051380119900013100000009000
062007051380119900013200000020000
062007051380119900013300000017000
062007051380119900015400000172000
062007051380119900015500000153000
062007051380119900018200000153000
062007051380129900000100000160000
062007051380129900000200000491000
062007051380129900001100000001000
062007051380129900001200000000000
062007051380129900011300000122000
062007051380129900011400001026000
062007051380129900012000000002000
062007051380129900013100000001000
062007051380129900013200000003000
062007051380129900013300000003000
062007051380129900015400000027000
062007051380129900015500000025000
062007051380129900018200000016000
062007051380139900000100000443000
062007051380139900000200000536000
062007051380139900011300000062000
062007051380139900012700000324000
062007051380139900012800001696000
062007051380149900000100000221000
062007051380149900000200000402000
062007051380149900011300000065000
062007051380149900011400000553000
062007051380149900011600000007000
062007051380149900012900000025000
062007051380159900000100000417000
062007051380159900000200000827000
062007051380159900001100000000000
062007051380159900001200000000000
062007051380159900011300000140000
062007051380159900011400001937000
062007051380159900012000000001000
062007051380159900013100000000000
062007051380159900013200000001000
062007051380159900013300000003000
062007051380159900015400000033000
062007051380159900015500000012000
062007051380159900018200000024000
062007051380169900000100000141000
062007051380169900000200000336000
062007051380169900011300000054000
062007051380169900011400000435000
062007051380169900011600000040000
062007051380169900012900000030000
062007051380179900000100002000000
062007051380179900000200004630000
062007051380179900001100000015000
062007051380179900001200000030000
062007051380179900011300000324000
062007051380179900011400004511000
062007051380179900012000000017000
062007051380179900013100000012000
062007051380179900013200000018000
062007051380179900013300000042000
062007051380179900015400000446000
062007051380179900015500000080000
062007051380179900018200000148000
062007051380189900000100000236000
062007051380189900000200000959000
062007051380189900001100000000000
062007051380189900001200000000000
062007051380189900011300000309000
062007051380189900011400001889000
062007051380189900012000000003000
062007051380189900013100000001000
062007051380189900013200000001000
062007051380189900013300000008000
062007051380189900015400000024000
062007051380189900015500000023000
062007051380189900018200000025000
062007051380199900000100000992000
062007051380199900000200003989000
062007051380199900001100000005000
062007051380199900001200000004000
062007051380199900011300000199000
062007051380199900011400003019000
062007051380199900012000000007000
062007051380199900013100000004000
062007051380199900013200000008000
062007051380199900013300000011000
062007051380199900015400000031000
062007051380199900015500000090000
062007051380199900018200000053000
062007051380209900000100001250000
062007051380209900000200002172000
062007051380209900001100000005000
062007051380209900001200000005000
062007051380209900011300000473000
062007051380209900011400004242000
062007051380209900012000000010000
062007051380209900013100000007000
062007051380209900013200000014000
062007051380209900013300000346000
062007051380209900015400000175000
062007051380209900015500000096000
062007051380209900018200000098000
062007051380219900000100000030000
062007051380219900000200001117000
062007051380219900011300000181000
062007051380219900011400000350000
062007051380229900000100001914000
062007051380229900000200005213000
062007051380229900001100000011000
062007051380229900001200000002000
062007051380229900011300000952000
062007051380229900011400006150000
062007051380229900012000000009000
062007051380229900013100000010000
062007051380229900013200000005000
062007051380229900013300000012000
062007051380229900015400000082000
062007051380229900015500000081000
062007051380229900018200000127000
062007051380239900000100009389000
062007051380239900000200020103000
062007051380239900001100000105000
062007051380239900001200000061000
062007051380239900011300002377000
062007051380239900011400028191000
062007051380239900012000000156000
062007051380239900013100000194000
062007051380239900013200000107000
062007051380239900013300000493000
062007051380239900015400002119000
062007051380239900015500001397000
062007051380239900018200001145000
062007051380249900000100002141000
062007051380249900000200001901000
062007051380249900011300000732000
062007051380249900011400004679000
062007051380249900011600000077000
062007051380249900012900000313000
062007051380259900000100000524000
062007051380259900000200002297000
062007051380259900001100000006000
062007051380259900001200000000000
062007051380259900011300000118000
062007051380259900011400001548000
062007051380259900012000000004000
062007051380259900013100000002000
062007051380259900013200000000000
062007051380259900013300000015000
062007051380259900015400000027000
062007051380259900015500000022000
062007051380259900018200000041000
062007051380269900000100002730000
062007051380269900000200004824000
062007051380269900001100000012000
062007051380269900001200000014000
062007051380269900011300000851000
062007051380269900011400013035000
062007051380269900012000000037000
062007051380269900013100000011000
062007051380269900013200000024000
062007051380269900013300000107000
062007051380269900015400000982000
062007051380269900015500000894000
062007051380269900018200000249000
062007051380279900000100000532000
062007051380279900000200001221000
062007051380279900011300000336000
062007051380279900011400001686000
062007051380279900011600000019000
062007051380279900012900000074000
062007051380289900000100002065000
062007051380289900000200005567000
062007051380289900001100000005000
062007051380289900001200000007000
062007051380289900011300000313000
062007051380289900011400005921000
062007051380289900012000000010000
062007051380289900013100000002000
062007051380289900013200000227000
062007051380289900013300000030000
062007051380289900015400000168000
062007051380289900015500000281000
062007051380289900018200000169000
062007051380299900000100000281000
062007051380299900000200000321000
062007051380299900011300000004000
062007051380299900011400000270000
062007051380299900011600000027000
062007051380299900012900000006000
062007051380309900000100000157000
062007051380309900000200000550000
062007051380309900011300000012000
062007051380309900011400000917000
062007051380309900011600000010000
062007051380309900012900000011000
062007051380319900000100004458000
062007051380319900000200006149000
062007051380319900001100000015000
062007051380319900001200000011000
062007051380319900011300000554000
062007051380319900011400008897000
062007051380319900012000000016000
062007051380319900013100000015000
062007051380319900013200000013000
062007051380319900013300000293000
062007051380319900015400000164000
062007051380319900015500000657000
062007051380319900018200000179000
062007051380329900000100001297000
062007051380329900000200003372000
062007051380329900001100000006000
062007051380329900001200000003000
062007051380329900011300000252000
062007051380329900011400002036000
062007051380329900012000000004000
062007051380329900013100000005000
062007051380329900013200000013000
062007051380329900013300000025000
062007051380329900015400000260000
062007051380329900015500000108000
062007051380329900018200000466000
062007051380339900000100000252000
062007051380339900000200001012000
062007051380339900011300000033000
062007051380339900011400001757000
062007051380339900011600000016000
062007051380339900012900000173000
062007051380349900000100000196000
062007051380349900000200001063000
062007051380349900001100000001000
062007051380349900001200000001000
062007051380349900011300000322000
062007051380349900011400001784000
062007051380349900012000000002000
062007051380349900013100000001000
062007051380349900013200000001000
062007051380349900013300000005000
062007051380349900015400000024000
062007051380349900015500000015000
062007051380349900018200000039000
062007051380359900000100000481000
062007051380359900000200001423000
062007051380359900001100000002000
062007051380359900001200000004000
062007051380359900011300000857000
062007051380359900011400001773000
062007051380359900012000000005000
062007051380359900013100000003000
062007051380359900013200000002000
062007051380359900013300000015000
062007051380359900015400000039000
062007051380359900015500000025000
062007051380359900018200000054000
062007051380369900000100000149000
062007051380369900000200003213000
062007051380369900011300000291000
062007051380369900011400001024000
062007051380379900000100001870000
062007051380379900000200002643000
062007051380379900011300000379000
062007051380379900011400003891000
062007051380379900011600000125000
062007051380379900012900000256000
062007051380389900000100018432000
062007051380389900000200024331000
062007051380389900001100000135000
062007051380389900001200000108000
062007051380389900011300004260000
062007051380389900011400035109000
062007051380389900012000000189000
062007051380389900013100000098000
062007051380389900013200000237000
062007051380389900013300000654000
062007051380389900015400002413000
062007051380389900015500002220000
062007051380389900018200001858000
062007051380399900000100001438000
062007051380399900000200001073000
062007051380399900001100000017000
062007051380399900001200000003000
062007051380399900011300000239000
062007051380399900011400003711000
062007051380399900012000000007000
062007051380399900013100000056000
062007051380399900013200000266000
062007051380399900013300000152000
062007051380399900015400000046000
062007051380399900015500000086000
062007051380399900018200000062000
062007051380409900000100000636000
062007051380409900000200000488000
062007051380409900001100000001000
062007051380409900001200000000000
062007051380409900011300000298000
062007051380409900011400001901000
062007051380409900012000000002000
062007051380409900013100000004000
062007051380409900013200000003000
062007051380409900013300000002000
062007051380409900015400000007000
062007051380409900015500000010000
062007051380409900018200000022000
062007051380419900000100000339000
062007051380419900000200000734000
062007051380419900001100000006000
062007051380419900001200000002000
062007051380419900011300000334000
062007051380419900011400003221000
062007051380419900012000000006000
062007051380419900013100000003000
062007051380419900013200000000000
062007051380419900013300000011000
062007051380419900015400000096000
062007051380419900015500000050000
062007051380419900018200000062000
062007051380429900000100000280000
062007051380429900000200001623000
062007051380429900001100000004000
062007051380429900001200000002000
062007051380429900011300000077000
062007051380429900011400000867000
062007051380429900012000000000000
062007051380429900013100000001000
062007051380429900013200000002000
062007051380429900013300000010000
062007051380429900015400000118000
062007051380429900015500000011000
062007051380429900018200000015000
062007051380439900000100001726000
062007051380439900000200002904000
062007051380439900001100000005000
062007051380439900001200000008000
062007051380439900011300000392000
062007051380439900011400005997000
062007051380439900012000000008000
062007051380439900013100000011000
062007051380439900013200000013000
062007051380439900013300000090000
062007051380439900015400000540000
062007051380439900015500000170000
062007051380439900018200000183000
062007051380449900000100000178000
062007051380449900000200000465000
062007051380449900001100000004000
062007051380449900001200000001000
062007051380449900011300000196000
062007051380449900011400001011000
062007051380449900012000000001000
062007051380449900013100000000000
062007051380449900013200000000000
062007051380449900013300000001000
062007051380449900015400000006000
062007051380449900015500000002000
062007051380449900018200000004000
062007051380459900000100000280000
062007051380459900000200000814000
062007051380459900011300000228000
062007051380459900011400001542000
062007051380459900011600000027000
062007051380459900012900000032000
062007051380469900000100000867000
062007051380469900000200001806000
062007051380469900001100000004000
062007051380469900001200000001000
062007051380469900011300000240000
062007051380469900011400003098000
062007051380469900012000000003000
062007051380469900013100000004000
062007051380469900013200000002000
062007051380469900013300000030000
062007051380469900015400000194000
062007051380469900015500000082000
062007051380469900018200000079000
062007051380479900000100000433000
062007051380479900000200000387000
062007051380479900011300000014000
062007051380479900011400000681000
062007051380479900011600000013000
062007051380479900012900000012000
062007051380489900000100000607000
062007051380489900000200000643000
062007051380489900011300000063000
062007051380489900012700000067000
062007051380489900012800001418000
062007051380499900000100000045000
062007051380499900000200001209000
062007051380499900011300000063000
062007051380499900011400000829000
062007051380509900000100000038000
062007051380509900000200001789000
062007051380509900011300000112000
062007051380509900011400000396000
062007051380519900000100000672000
062007051380519900000200001904000
062007051380519900001100000003000
062007051380519900001200000001000
062007051380519900011300000210000
062007051380519900011400002629000
062007051380519900012000000005000
062007051380519900013100000002000
062007051380519900013200000003000
062007051380519900013300000002000
062007051380519900015400000015000
062007051380519900015500000027000
062007051380519900018200000051000
062007051380529900000100000245000
062007051380529900000200000595000
062007051380529900001100000000000
062007051380529900001200000000000
062007051380529900011300000010000
062007051380529900011400000149000
062007051380529900012000000000000
062007051380529900013100000002000
062007051380529900013200000003000
062007051380529900013300000006000
062007051380529900015400000017000
062007051380529900015500000039000
062007051380529900018200000006000
062007051380539900000100000377000
062007051380539900000200000858000
062007051380539900011300000039000
062007051380539900011400001442000
062007051380539900011600000016000
062007051380539900012900000041000
