021996031012390000810000017100000
021996031014190000740000116200000
021996031022290000140000457100000
021996031022290000420001023000000
021996031025090000140004347700000
021996031025090000420005501900000
021996031025090001120000202600000
021996031029990001080026818900005
021996031033390000760000081300000
021996031040790000400003322400000
021996031040790000910019485900004
021996031049990000010000037900000
021996031053590000350000149600000
021996031053890000040000000000000
021996031059990000570000336200000
021996031071390000470002568900000
021996031071690000810000008800000
021996031071690001010000008900000
021996031071690001080005926100001
021996031071990000320000013800000
021996031074590001010000019400000
021996031074590001080014226200002
021996031079990001130000091700000
021996031080590000810000014700000
021996031080590001010000009500000
021996031080990000440002588000000
021996031083790001230000128900000
021996031084990000910007522300002
021996031089990000190000005600000
021996031089990000570000084000000
021996031089990001230000406100000
021996031090890000370026088100002
021996031091790000810000021900000
021996031094390000250001718700000
021996031101090000320000017400000
021996031101090001110000060500000
021996031111590001160000122800000
021996031119990000910082740500014
021996031122890000630000549200000
021996031129990001080104690400011
021996031133190001080009810200002
021996031139990001010000050100000
021996031140190000810000019000000
021996031140190001010000025500000
021996031142090000210005803000001
021996031142090000450002864400000
021996031149990000190000033100000
021996031149990000910023128600005
021996031153090001080026673800003
021996031159990000660000145200000
021996031170390000060000032400000
021996031170390000250000103400000
021996031179990000910113081300015
021996031011490000910016315500002
021996031011890001090023744600003
021996031014190000320000061600000
021996031019990001250000052900000
021996031022290000940006190000002
021996031022290001080005576600001
021996031039990000410011233900001
021996031049990000310000953900000
021996031049990001080015524400003
021996031053890000520000050800000
021996031059990000540000024300000
021996031070290000960000049500000
021996031071990001160000033300000
021996031079990000810000101400000
021996031079990000990000033800000
021996031079990001030000068000000
021996031080590001080003552700001
021996031082490000440002562200000
021996031082490000580000110900000
021996031082490001160000031300000
021996031083490000440000978400000
021996031083490000760000014300000
021996031083490001230000051500000
021996031084290001130000013200000
021996031084990000810000013200000
021996031090890000250011419500001
021996031092590000250001261500000
021996031092590000820000009900000
021996031099990000250016254500001
021996031099990000320000163300000
021996031099990001020000264200000
021996031100690001110000107300000
021996031101090000490002006800000
021996031109990000810000014000000
021996031109990000910028269800005
021996031111590000090008782400001
021996031112790000320000012100000
021996031122890000020000059800000
021996031122890000890000000000000
021996031122890001160001222000000
021996031129990000570001297500000
021996031133190000210001223300000
021996031140190000450001953500000
021996031140190000890000000000000
021996031144890000450006795400001
021996031153090000910035033700005
021996031153090001010000089200000
021996031162690000320000016700000
021996031169990001080006531100002
021996031171290000250000084000000
021996031174690000270017480700002
021996031174690000920060791400007
021996031174690001240008135000001
021996031010490001090013578900003
021996031011190000740000092500000
021996031012190000650000021500000
021996031012990001160000058900000
021996031014190000330000034600000
021996031039990000710001221300000
021996031059990000810000073400000
021996031063990000810000060800000
021996031069990000060000025700000
021996031069990001080012394000002
021996031069990001160000140800000
021996031074590000320000032900000
021996031074590000810000021400000
021996031074590000960000064200000
021996031082490000810000013400000
021996031083490000320000013400000
021996031083790001080008468700001
021996031083790001160000060000000
021996031084290001160000020000000
021996031084790001130000092500000
021996031084990000980000085000000
021996031089990001080058986900011
021996031092590000930004046300001
021996031094390001160000015800000
021996031100690000490004243400000
021996031109990000190000012400000
021996031109990000330000019900000
021996031113290000090002777900000
021996031113290001060008347400002
021996031113290001270000061100000
021996031113690000810000060700000
021996031119990000090022014700002
021996031122890000070000190700000
021996031122890000190000071200000
021996031122890000690000000000000
021996031139990000220000315800000
021996031142090000360007282900001
021996031142090001050008964500002
021996031144890000190000033100000
021996031144890001010000056000000
021996031149990000210010362800001
021996031149990000360015485300002
021996031159990000070000071100000
021996031162690001080006531100002
021996031170390000810000037000000
021996031170390001080033514900005
021996031179990000320000160200000
021996031199990000410000095000000
021996031999990000410263977400021
021996031999990000660000145200000
021996031999990001010001485400000
021996031011190000810000057300000
021996031011490001160000028100000
021996031012190000680000712900000
021996031012990000510010393000001
021996031014190000510013973300002
021996031019990000320000324900000
021996031022290000320000011500000
021996031053590000500002630500000
021996031053890000350000107100000
021996031059990000500004817200000
021996031063990000410003954100000
021996031063990001160000140800000
021996031070290000470002268200000
021996031070290001010000024200000
021996031071990001080003615600001
021996031082490001010000012100000
021996031083490001080004674000001
021996031084790000440004262200000
021996031084790000760000035000000
021996031089990000580000110900000
021996031089990000910087898100022
021996031091790001020000027300000
021996031092590001040007468600001
021996031100690000910016725400003
021996031101090001080013161600003
021996031111590000260002966900000
021996031119990000320000012100000
021996031119990001270000659600000
021996031122890000910164248900017
021996031142090000600000219900000
021996031144890000220020405600003
021996031149990000320000013900000
021996031179990000280002040200000
021996031185190000410000071800000
021996031999990000070000339700000
021996031999990000100022041800004
021996031999990000710001221300000
021996031999990000760001451300000
021996031999990001230000406100000
021996031010490001010000015200000
021996031011190000510008111600001
021996031011490000680001319400000
021996031011490000810000024500000
021996031012390000740000046100000
021996031012990000650000068600000
021996031012990000740000079200000
021996031019990001090201785700032
021996031025090001010000044900000
021996031025090001080017456700003
021996031029990001120000275300000
021996031049990000190000038400000
021996031053890000540000024300000
021996031053890001080014448000003
021996031053890001160000080800000
021996031059990000350000256700000
021996031071990001130000008700000
021996031079990001160000342400000
021996031082490001130000006100000
021996031084090001080003190300001
021996031084790001010000026300000
021996031090890000910054832300006
021996031091790000800000032500000
021996031099990001160000275200000
021996031100690000130000338900000
021996031109990000760000058400000
021996031113290000910011232600002
021996031129990000760000158800000
021996031129990000890000000000000
021996031133190001200012033500002
021996031140190000210000936400000
021996031140190001160000021300000
021996031142090000220007797600001
021996031142090001010000043100000
021996031144890001260000305800000
021996031149990000810000095800000
021996031149990001160000087900000
021996031170390001160000123900000
021996031170390001220000558600000
021996031171290000910014057800003
021996031174690000250000142000000
021996031174690000530000029600000
021996031174690001020000047500000
021996031179990000240000102300000
021996031179990000250000329400000
021996031179990001210000065100000
021996031189990001080001162700000
021996031189990001100000236500000
021996031199990001080001181000000
021996031999990000050000040200000
021996031999990000130000731200000
021996031999990000220031895100005
021996031999990000320001211400000
021996031011490000510009177300001
021996031012990000910026392000004
021996031014190000810000051500000
021996031014190001090052148400007
021996031019990001160000309200000
021996031024490000940004520700002
021996031029990000810000029900000
021996031040790001080015524400003
021996031049990000400003322400000
021996031053890000750000041500000
021996031053890000810000026100000
021996031059990000750000118000000
021996031069990001010000037700000
021996031071690001130000021600000
021996031071990000960000008400000
021996031071990001010000009600000
021996031079990000960000227900000
021996031084090000570000084000000
021996031084090001010000008400000
021996031084090001130000024900000
021996031084090001230000014400000
021996031084290001230000011900000
021996031084790000910016484000003
021996031084790001080012094100002
021996031084990000440000782400000
021996031091790000150013644800003
021996031091790001160000021900000
021996031094390000830000014500000
021996031099990000300000782800000
021996031100690001080020828700003
021996031113690001160000071500000
021996031119990000260006225300000
021996031129990000190000071200000
021996031129990000330000086700000
021996031129990000630000549200000
021996031133190001160000035600000
021996031142090000890000000000000
021996031144890001050016629300002
021996031149990000330000013800000
021996031149990001050029849900005
021996031153090000070000071100000
021996031159990001160000191600000
021996031162690000910008806900002
021996031169990000430001553000000
021996031170390000270008877200001
021996031170390000760000182500000
021996031174690000190000048200000
021996031179990000060000032400000
021996031179990000190000048200000
021996031179990000270028658200003
021996031199990000910001378800001
021996031999990000010000037900000
021996031999990000570001717700000
021996031010490000650000034400000
021996031010490000910011592500002
021996031011190001010000057600000
021996031011190001090027023700004
021996031011490001010000029500000
021996031011890000810000030200000
021996031011890001010000035100000
021996031012990000680001849200000
021996031014190000650000050000000
021996031022290001120000072700000
021996031029990000200000026500000
021996031049990000250000180200000
021996031049990001160000044900000
021996031053590000810000047300000
021996031059990000040000000000000
021996031059990000910033051300005
021996031070290000320000022700000
021996031071390000960000078800000
021996031074590000910016431300003
021996031080990000910012683700003
021996031083490001130000032100000
021996031083790000320000017100000
021996031089990000320000133900000
021996031089990000850000021500000
021996031091790000320000013100000
021996031094390000150010747300002
021996031094390000320000020600000
021996031094390000370001755800000
021996031111590000810000061900000
021996031113290000340000019300000
021996031113690001060017898100003
021996031122890000980000081500000
021996031129990001160001222000000
021996031139990000120001702000000
021996031139990001160000035600000
021996031144890000890000000000000
021996031149990000450011613300001
021996031171290000240000015700000
021996031171290000290000244600000
021996031179990000050000040200000
021996031179990000070000042800000
021996031179990001220002677700000
021996031195290000410000095000000
021996031195290000870000020000000
021996031999990001000000167100000
021996031999990001190001204900000
021996031010490000510002858000000
021996031011190000650000090500000
021996031011490001320022065900004
021996031011890000680000987800000
021996031012990000810000062400000
021996031019990000910153005700024
021996031029990000420007075500000
021996031033390001280000357500000
021996031039990000320000048700000
021996031040790001160000044900000
021996031053590000750000076500000
021996031053590001160000036200000
021996031053890000910013570100002
021996031069990000410003954100000
021996031069990000810000060800000
021996031069990000910017565100003
021996031071390001080014210100003
021996031071990000470001108000000
021996031080590000320000016300000
021996031083790001130000018300000
021996031084990001010000010800000
021996031089990000440015370500000
021996031090890000820000089500000
021996031090890001020000193600000
021996031091790000250001854800000
021996031091790000900000000000000
021996031092590000370000750800000
021996031094390000810000012700000
021996031094390000900000000000000
021996031099990000150115163300016
021996031101090001160000050500000
021996031112790000260000629200000
021996031129990000070000190700000
021996031129990000810000149500000
021996031129990000910164248900017
021996031129990000980000081500000
021996031129990001010000133900000
021996031133190000320000019600000
021996031139990000460004035400001
021996031140190001050004256100001
021996031144890000910012890400002
021996031144890001160000043000000
021996031162690000670000606500000
021996031171290000320000016300000
021996031174690000760000141500000
021996031174690001220001685000000
021996031179990000110000000000000
021996031199990000870000020000000
021996031999990000360018130400002
021996031999990000910971600600156
021996031999990001070002464400000
021996031012190000510002706000000
021996031012190000910008988200002
021996031012990001150000062700000
021996031014190000070000035100000
021996031014190000910032738400004
021996031019990000070000035100000
021996031019990000650000350500000
021996031040790000010000037900000
021996031053890000500002186700000
021996031059990000100022041800004
021996031063990000910017565100003
021996031071390001010000020800000
021996031080990001130000320500000
021996031082490001080012653200002
021996031082490001230000011500000
021996031083490000910006324500002
021996031084290001080002022600001
021996031089990000760000049300000
021996031090890000150081883200009
021996031094390000300000096700000
021996031100690000330000019900000
021996031101090000130000392300000
021996031109990001160000100700000
021996031112790000810000010800000
021996031122890000060000065600000
021996031129990000560000848300000
021996031129990001030000097600000
021996031133190001010000050100000
021996031139990001200012033500002
021996031140190000220003376100001
021996031149990000890000000000000
021996031153090000320000066900000
021996031170390000240000029200000
021996031174690000320000062100000
021996031174690000810000048600000
021996031174690001160000159900000
021996031179990001080099099300013
021996031179990001160000338200000
021996031189990000910001728800001
021996031999990000020000059800000
021996031999990000240000102300000
021996031999990000530000029600000
021996031999990001030000165600000
021996031999990001160004477100000
021996031010490000740000029600000
021996031011490000320000026600000
021996031012190000320000009500000
021996031012190001090013825900003
021996031012390000650000023600000
021996031012390001010000018200000
021996031014190000680003679700000
021996031019990000740000530900000
021996031019990000810000278400000
021996031033390000710001221300000
021996031040790001070002464400000
021996031049990000910019485900004
021996031049990001180000694300000
021996031059990001080026324900005
021996031063990000060000025700000
021996031069990000760000064000000
021996031070290000910010529400002
021996031071390000910014149400002
021996031071390001130000014900000
021996031074590000470002790400000
021996031074590001160000101100000
021996031079990000470009519900000
021996031080590000440000897700000
021996031083490001010000007100000
021996031084090000440000880800000
021996031084090000810000009000000
021996031084090001160000099000000
021996031084290000440000466200000
021996031084790000810000054300000
021996031089990000980000194700000
021996031089990001010000134600000
021996031094390001040013300000003
021996031101090000810000014000000
021996031101090001010000019300000
021996031109990000320000017400000
021996031109990001010000048100000
021996031111590001060023334400003
021996031112790001060007869200001
021996031112790001290000085700000
021996031119990000340000206500000
021996031122890001080104690400011
021996031129990000060000065600000
021996031129990001000000167100000
021996031139990000360002645100000
021996031142090001160000023600000
021996031149990000220031579300005
021996031149990001010000124600000
021996031153090000480007396100001
021996031169990000910008806900002
021996031171290000810000014400000
021996031174690000240000057400000
021996031189990001010000005600000
021996031199990001160000007400000
021996031010490000810000018200000
021996031011190001160000057400000
021996031011490000650000029000000
021996031012390000510004956400000
021996031012390000680000720000000
021996031012990001090028816500005
021996031024490000320000009100000
021996031033390000320000048700000
021996031033390001080028855800004
021996031033390001160000170900000
021996031039990000910029707900004
021996031059990000730000072200000
021996031063990001010000037700000
021996031079990000320000069400000
021996031079990000910053498300011
021996031080590001230000019600000
021996031082490000910016285000003
021996031083790000980000070200000
021996031084790001230000086700000
021996031084990001080005150900001
021996031084990001230000018400000
021996031091790000300000062000000
021996031091790000820000009000000
021996031092590000900000000000000
021996031101090000190000012400000
021996031109990000130000731200000
021996031111590000340000082500000
021996031113290001160000023100000
021996031113690000910025963400004
021996031122890000560000848300000
021996031129990000020000059800000
021996031129990000690000000000000
021996031133190000220000315800000
021996031133190000460004035400001
021996031139990000320000019600000
021996031149990000600000603100000
021996031159990000910035033700005
021996031159990001010000089200000
021996031170390000910038232100005
021996031189990000810000004100000
021996031999990000200000026500000
021996031999990000690000000000000
021996031999990000890000000000000
021996031999990001180000694300000
021996031999990001240009157500001
021996031011190000910021779500004
021996031012190001010000014300000
021996031012190001160000016700000
021996031012390000910015594700003
021996031014190001250000052900000
021996031019990000680013480000000
021996031019990001010000281600000
021996031019990001150000062700000
021996031024490001080003785600001
021996031033390000410011233900001
021996031039990000760000081300000
021996031039990001280000357500000
021996031049990001070002464400000
021996031053590001080011876900002
021996031059990000520000111700000
021996031071990000810000012100000
021996031074590001030000068000000
021996031079990001080048325100009
021996031080990000320000026400000
021996031082490000320000020800000
021996031082490000720000100000000
021996031083490001160000049200000
021996031083790001010000022600000
021996031084090000910005418800002
021996031084990000850000021500000
021996031090890000900000000000000
021996031091790000930003956900000
021996031092590000810000012100000
021996031092590001020000019100000
021996031094390001020000024200000
021996031099990000910069840000008
021996031100690001160000050200000
021996031109990000490006250200000
021996031112790000090002413600000
021996031112790000340000025000000
021996031112790000910012952300003
021996031113290000260000391500000
021996031113290000810000011000000
021996031113690000340000079700000
021996031122890000330000086700000
021996031122890000760000158800000
021996031144890000210003623400000
021996031144890000320000013900000
021996031149990000380001183300000
021996031153090000660000145200000
021996031162690000430001553000000
021996031162690001160000047200000
021996031171290001020000017400000
021996031171290001240000593300000
021996031174690000110000000000000
021996031185190001010000005600000
021996031999990000040000000000000
021996031999990000140004973900000
021996031012190000810000017200000
021996031012390001090020581800003
021996031012390001160000035400000
021996031012990000320000098500000
021996031014190001010000111700000
021996031024490001160000022700000
021996031029990000140004973900000
021996031033390000910029707900004
021996031033390001010000049700000
021996031039990001010000049700000
021996031040790000310000953900000
021996031053890000100011008000002
021996031053890000570000153900000
021996031071690000910007019900002
021996031079990001010000082900000
021996031080590000910006850300002
021996031080590001130000013600000
021996031080590001160000179300000
021996031080990001080007180400001
021996031080990001230000063200000
021996031082490001190001204900000
021996031083790000440001952600000
021996031083790000810000022700000
021996031084090000190000005600000
021996031084790000320000030100000
021996031084990001130000007700000
021996031084990001160000147300000
021996031090890000640000049500000
021996031090890000810000106000000
021996031091790001040012011800002
021996031099990000370029698500002
021996031100690001010000028800000
021996031101090000910011544400002
021996031122890000810000149500000
021996031122890001000000167100000
021996031139990001080009810200002
021996031140190000910004573100002
021996031171290001080012099700002
021996031171290001220000434100000
021996031174690001080053484700006
021996031179990000760000390600000
021996031179990001020000112200000
021996031185190000910001728800001
021996031999990000060000123700000
021996031999990000580006168900000
021996031999990000680013480000000
021996031999990000730000072200000
021996031999990000960000227900000
021996031999990001130000620600000
021996031999990001250000052900000
021996031011190000680003735600000
021996031011490000740000071100000
021996031011890000510006121400001
021996031011890000650000032900000
021996031011890000740000071600000
021996031012390000320000021800000
021996031022290001010000016700000
021996031022290001160000029400000
021996031025090000810000029900000
021996031029990000320000061300000
021996031029990001010000071000000
021996031039990001080028855800004
021996031063990000760000064000000
021996031063990001080012394000002
021996031070290000810000030100000
021996031070290001160000061700000
021996031071690001160000060100000
021996031071990000990000033800000
021996031080990001160000052400000
021996031083490000810000016500000
021996031089990000810000143800000
021996031089990001130000528900000
021996031090890000320000129600000
021996031090890001040120333900013
021996031091790000370001103800000
021996031092590001160000015400000
021996031094390000910007004500001
021996031099990000800000430500000
021996031099990000900000000000000
021996031109990001080033990300006
021996031109990001110000167800000
021996031111590000550000310200000
021996031111590000910032592200005
021996031113690000090008040800001
021996031113690000260002237700000
021996031119990001060057449100009
021996031119990001160000261300000
021996031122890000320000103100000
021996031122890001030000097600000
021996031129990000320000103100000
021996031129990000410054790100006
021996031140190000360001255200000
021996031142090000810000037400000
021996031169990001160000047200000
021996031170390000280000670700000
021996031170390001240000429200000
021996031170390001310000047300000
021996031171290001160000054400000
021996031174690000050000040200000
021996031174690000290001124900000
021996031189990000410000071800000
021996031999990000540000024300000
021996031999990000640000049500000
021996031010490000680000475400000
021996031010490001160000018000000
021996031011890000320000029000000
021996031012190000740000024600000
021996031019990000330000034600000
021996031019990000510058297000006
021996031024490000140000169100000
021996031024490000420000550600000
021996031025090000200000026500000
021996031025090000320000040700000
021996031029990000940037097500008
021996031040790000190000038400000
021996031040790001180000694300000
021996031053590000520000060900000
021996031053590000570000182300000
021996031053590000910019481200003
021996031059990001160000117000000
021996031070290001080010347100002
021996031071390000810000029000000
021996031071390001160000086200000
021996031071690000470000784400000
021996031071990000910005368300002
021996031080990001010000037800000
021996031082490000980000039500000
021996031089990001190001204900000
021996031090890000180000065500000
021996031090890000800000398000000
021996031090890001160000222100000
021996031099990000820000122900000
021996031099990001040153114300019
021996031119990000810000144400000
021996031122890000570001297500000
021996031122890001010000133900000
021996031133190000120001702000000
021996031133190000360002645100000
021996031139990000210001223300000
021996031140190001260000077400000
021996031142090000910005665100001
021996031144890000330000013800000
021996031144890000380001183300000
021996031153090001160000191600000
021996031169990000320000016700000
021996031170390001210000065100000
021996031171290000270002300300000
021996031195290001080001181000000
021996031999990000350000256700000
021996031999990000810001348200000
021996031999990000990000033800000
021996031999990001150000062700000
021996031010490000320000020500000
021996031011190000320000057400000
021996031011890000910019604900003
021996031011890001160000046900000
021996031014190001160000047800000
021996031024490001010000009400000
021996031025090000940026386800004
021996031029990001160000052100000
021996031039990001160000170900000
021996031040790000250000180200000
021996031053590000100011033800002
021996031053590000730000072200000
021996031070290001130000015600000
021996031071690000960000027000000
021996031074590001130000030900000
021996031083790000910013073400003
021996031084090000320000009800000
021996031084290000910003256100002
021996031084790001160000094200000
021996031089990000720000100000000
021996031089990001160000732700000
021996031090890000300000624100000
021996031092590000150008888000002
021996031099990000180000065500000
021996031099990000640000049500000
021996031099990000810000152700000
021996031100690000760000058400000
021996031112790001160000043900000
021996031113690001290000202600000
021996031122890000410054790100006
021996031144890000360006947200001
021996031144890000810000039400000
021996031159990000320000066900000
021996031159990000480007396100001
021996031159990001080026673800003
021996031169990000670000606500000
021996031170390000320000081800000
021996031171290000770000066600000
021996031174690000070000042800000
021996031179990000530000029600000
021996031179990000810000100000000
021996031185190001100000236500000
021996031999990000150115163300016
021996031999990000980000276200000
021996031999990001110000167800000
021996031999990001210000065100000
021996031179990001240009157500001
021996031999990000110000000000000
021996031999990000190000274400000
021996031999990000820000122900000
021996031185190000810000004100000
021996031185190001080001162700000
021996031195290000910001378800001
021996031195290001160000007400000
021996031999990000120001702000000
021996031999990000250016764100001
021996031999990000340000206500000
021996031999990000380001183300000
021996031999990000720000100000000
021996031999990000850000021500000
021996031999990000670000606500000
021996031999990001220002677700000
021996031999990000650000350500000
021996031999990001080942567800141
021996031999990001120000275300000
021996031999990000090022014700002
021996031999990000210011586100001
021996031999990000330000155000000
021996031999990000560000848300000
021996031999990001100000236500000
021996031999990000800000430500000
021996031999990000870000020000000
