061991051350019900000100001801000
061991051350019900000200000095000
061991051350019900000300000629000
061991051350019900004000000000000
061991051350019900004400000249000
061991051350019900004800000007000
061991051350019900011300000134000
061991051350019900011500000006000
061991051350019900011600000005000
061991051350019900011700000112000
061991051350019900011800000007000
061991051350019900012000000002000
061991051350019900012100000002000
061991051350029900000100001297000
061991051350029900000200002197000
061991051350029900000300000798000
061991051350029900004000000004000
061991051350029900004400000113000
061991051350029900004800000038000
061991051350029900011300004024000
061991051350029900011500000015000
061991051350029900011600000005000
061991051350029900011700000013000
061991051350029900011800000015000
061991051350029900012000000007000
061991051350029900012100000010000
061991051350039900000100000233000
061991051350039900000200000100000
061991051350039900000300000095000
061991051350039900004500000454000
061991051350039900016300000437000
061991051350049900000100005023000
061991051350049900000200000502000
061991051350049900000300002562000
061991051350049900004600006289000
061991051350049900011300000594000
061991051350049900011700000282000
061991051350049900012100000228000
061991051350059900000100000318000
061991051350059900000200000292000
061991051350059900000300000071000
061991051350059900004000000000000
061991051350059900004400000016000
061991051350059900004800000000000
061991051350059900011300000014000
061991051350059900011500000000000
061991051350059900011600000000000
061991051350059900011700000001000
061991051350059900011800000001000
061991051350059900012000000000000
061991051350059900012100000004000
061991051350069900000100007654000
061991051350069900000200002172000
061991051350069900000300001671000
061991051350069900004000000068000
061991051350069900004400000398000
061991051350069900004800000049000
061991051350069900011300004237000
061991051350069900011500000016000
061991051350069900011600000014000
061991051350069900011700000049000
061991051350069900011800000016000
061991051350069900012000000008000
061991051350069900012100000034000
061991051350079900000100000060000
061991051350079900000200000001000
061991051350079900000300000059000
061991051350079900004500000140000
061991051350079900016300000113000
061991051350089900000100001082000
061991051350089900000200000570000
061991051350089900000300001645000
061991051350089900004000000000000
061991051350089900004400000175000
061991051350089900004800000002000
061991051350089900011300000273000
061991051350089900011500000001000
061991051350089900011600000000000
061991051350089900011700000003000
061991051350089900011800000001000
061991051350089900012000000002000
061991051350089900012100000005000
061991051350099900000100007895000
061991051350099900000200000947000
061991051350099900000300001029000
061991051350099900004000000017000
061991051350099900004400001131000
061991051350099900004800000031000
061991051350099900011300001090000
061991051350099900011500000033000
061991051350099900011600000012000
061991051350099900011700000018000
061991051350099900011800000022000
061991051350099900012000000015000
061991051350099900012100000024000
061991051350109900000100000821000
061991051350109900000200000055000
061991051350109900000300000309000
061991051350109900004600000656000
061991051350109900011300000029000
061991051350109900011700000009000
061991051350109900012100000003000
061991051350119900000100006791000
061991051350119900000200001506000
061991051350119900000300001158000
061991051350119900004000000004000
061991051350119900004400000089000
061991051350119900004800000056000
061991051350119900011300001639000
061991051350119900011500000025000
061991051350119900011600000013000
061991051350119900011700000022000
061991051350119900011800000015000
061991051350119900012000000006000
061991051350119900012100000014000
061991051350129900000100001459000
061991051350129900000200000348000
061991051350129900000300000979000
061991051350129900004000000003000
061991051350129900004400001805000
061991051350129900004800000009000
061991051350129900011300000209000
061991051350129900011500000005000
061991051350129900011600000009000
061991051350129900011700000010000
061991051350129900011800000008000
061991051350129900012000000002000
061991051350129900012100000005000
061991051350139900000100001311000
061991051350139900000200000515000
061991051350139900000300002378000
061991051350139900004000000003000
061991051350139900004400000026000
061991051350139900004800000009000
061991051350139900011300000458000
061991051350139900011500000012000
061991051350139900011600000002000
061991051350139900011700000085000
061991051350139900011800000012000
061991051350139900012000000001000
061991051350139900012100000003000
061991051350149900000100000472000
061991051350149900000200000105000
061991051350149900000300000995000
061991051350149900004500000503000
061991051350149900016300000434000
061991051350159900000100000378000
061991051350159900000200000101000
061991051350159900000300000439000
061991051350159900004500001430000
061991051350159900016300000328000
061991051350169900000100049122000
061991051350169900000200034140000
061991051350169900000300029326000
061991051350169900004000000443000
061991051350169900004400003423000
061991051350169900004800001688000
061991051350169900011300019829000
061991051350169900011500000791000
061991051350169900011600000554000
061991051350169900011700003310000
061991051350169900011800000829000
061991051350169900012000000337000
061991051350169900012100000852000
061991051350179900000100002351000
061991051350179900000200000430000
061991051350179900000300000855000
061991051350179900004500002039000
061991051350179900016300001530000
061991051350189900000100000562000
061991051350189900000200000115000
061991051350189900000300000534000
061991051350189900004600001729000
061991051350189900011300000149000
061991051350189900011700000029000
061991051350189900012100000023000
061991051350199900000100004956000
061991051350199900000200000839000
061991051350199900000300001453000
061991051350199900004000000031000
061991051350199900004400003369000
061991051350199900004800000057000
061991051350199900011300002075000
061991051350199900011500000026000
061991051350199900011600000041000
061991051350199900011700000163000
061991051350199900011800000041000
061991051350199900012000000089000
061991051350199900012100000045000
061991051350209900000100001895000
061991051350209900000200000178000
061991051350209900000300002340000
061991051350209900004000000002000
061991051350209900004400000063000
061991051350209900004800000002000
061991051350209900011300000528000
061991051350209900011500000002000
061991051350209900011600000003000
061991051350209900011700000002000
061991051350209900011800000002000
061991051350209900012000000000000
061991051350209900012100000000000
061991051350219900000100002814000
061991051350219900000200001201000
061991051350219900000300001607000
061991051350219900004000000006000
061991051350219900004400000836000
061991051350219900004800000039000
061991051350219900011300000409000
061991051350219900011500000033000
061991051350219900011600000007000
061991051350219900011700000082000
061991051350219900011800000029000
061991051350219900012000000011000
061991051350219900012100000038000
061991051350229900000100003150000
061991051350229900000200001217000
061991051350229900000300002383000
061991051350229900004000000018000
061991051350229900004400000116000
061991051350229900004800000069000
061991051350229900011300009205000
061991051350229900011500000020000
061991051350229900011600000173000
061991051350229900011700000060000
061991051350229900011800000041000
061991051350229900012000000029000
061991051350229900012100000045000
061991051350239900000100003251000
061991051350239900000200000929000
061991051350239900000300000920000
061991051350239900004000000001000
061991051350239900004400002115000
061991051350239900004800000019000
061991051350239900011300000639000
061991051350239900011500000011000
061991051350239900011600000005000
061991051350239900011700000013000
061991051350239900011800000015000
061991051350239900012000000002000
061991051350239900012100000018000
061991051350249900000100000646000
061991051350249900000200000081000
061991051350249900000300000298000
061991051350249900004600002596000
061991051350249900011300000081000
061991051350249900011700000030000
061991051350249900012100000028000
061991051350259900000100000351000
061991051350259900000200000123000
061991051350259900000300000358000
061991051350259900004000000001000
061991051350259900004400000000000
061991051350259900004800000106000
061991051350259900011300000122000
061991051350259900011500000001000
061991051350259900011600000004000
061991051350259900011700000257000
061991051350259900011800000098000
061991051350259900012000000000000
061991051350259900012100000003000
061991051350269900000100010143000
061991051350269900000200008049000
061991051350269900000300005725000
061991051350269900004000000088000
061991051350269900004400000335000
061991051350269900004800000219000
061991051350269900011300008840000
061991051350269900011500000160000
061991051350269900011600000252000
061991051350269900011700000314000
061991051350269900011800000133000
061991051350269900012000000066000
061991051350269900012100000153000
061991051350279900000100002850000
061991051350279900000200001031000
061991051350279900000300001142000
061991051350279900004000000005000
061991051350279900004400000974000
061991051350279900004800000027000
061991051350279900011300000261000
061991051350279900011500000003000
061991051350279900011600000004000
061991051350279900011700000023000
061991051350279900011800000017000
061991051350279900012000000008000
061991051350279900012100000023000
061991051350289900000100000874000
061991051350289900000200000155000
061991051350289900000300000503000
061991051350289900004600001337000
061991051350289900011300000039000
061991051350289900011700000038000
061991051350289900012100000010000
061991051350299900000100000226000
061991051350299900000200000047000
061991051350299900000300000188000
061991051350299900004600001352000
061991051350299900011300000059000
061991051350299900011700000005000
061991051350299900012100000021000
061991051350309900000100000511000
061991051350309900000200000200000
061991051350309900000300000526000
061991051350309900004500001631000
061991051350309900016300000749000
061991051350319900000100000948000
061991051350319900000200000867000
061991051350319900000300001155000
061991051350319900004000000006000
061991051350319900004400000208000
061991051350319900004800000011000
061991051350319900011300000321000
061991051350319900011500000004000
061991051350319900011600000012000
061991051350319900011700000044000
061991051350319900011800000003000
061991051350319900012000000000000
061991051350319900012100000032000
061991051350329900000100001400000
061991051350329900000200000438000
061991051350329900000300000203000
061991051350329900004000000002000
061991051350329900004400000010000
061991051350329900004800000001000
061991051350329900011300000227000
061991051350329900011500000001000
061991051350329900011600000002000
061991051350329900011700000004000
061991051350329900011800000008000
061991051350329900012000000004000
061991051350329900012100000005000
061991051350339900000100001403000
061991051350339900000200000268000
061991051350339900000300002033000
061991051350339900004000000003000
061991051350339900004400000023000
061991051350339900004800000013000
061991051350339900011300000385000
061991051350339900011500000004000
061991051350339900011600000008000
061991051350339900011700000007000
061991051350339900011800000005000
061991051350339900012000000017000
061991051350339900012100000014000
061991051350349900000100000227000
061991051350349900000200000082000
061991051350349900000300000137000
061991051350349900004600000970000
061991051350349900011300000011000
061991051350349900011700000004000
061991051350349900012100000000000
061991051380019900000100002806000
061991051380019900000200000221000
061991051380019900000300000237000
061991051380019900001300000011000
061991051380019900011300000231000
061991051380019900011700000004000
061991051380019900012000000004000
061991051380019900012100000013000
061991051380019900024500001149000
061991051380029900000100000412000
061991051380029900000200000005000
061991051380029900011300000027000
061991051380029900019800000365000
061991051380029900024600000000000
061991051380039900000100000430000
061991051380039900000200000002000
061991051380039900011300000094000
061991051380039900019800000135000
061991051380039900024600000000000
061991051380049900000100000959000
061991051380049900000200000052000
061991051380049900000300000011000
061991051380049900001300000002000
061991051380049900011300000101000
061991051380049900011700000020000
061991051380049900012000000004000
061991051380049900012100000030000
061991051380049900024500001586000
061991051380059900000100001207000
061991051380059900000200000041000
061991051380059900000300000009000
061991051380059900001300000005000
061991051380059900011300000063000
061991051380059900011700000003000
061991051380059900012000000003000
061991051380059900012100000005000
061991051380059900024500001309000
061991051380069900000100003291000
061991051380069900000200000884000
061991051380069900000300001392000
061991051380069900001300000041000
061991051380069900011300000488000
061991051380069900011700000032000
061991051380069900012000000024000
061991051380069900012100000051000
061991051380069900024500002444000
061991051380079900000100000851000
061991051380079900000200000307000
061991051380079900000300000054000
061991051380079900011300000059000
061991051380079900024700000271000
061991051380089900000100001085000
061991051380089900000200000733000
061991051380089900000300000089000
061991051380089900011300000134000
061991051380089900024700000860000
061991051380099900000100000430000
061991051380099900000200000432000
061991051380099900000300000048000
061991051380099900011300000046000
061991051380099900024700000798000
061991051380109900000100001978000
061991051380109900000200000247000
061991051380109900000300000052000
061991051380109900001300000007000
061991051380109900011300000260000
061991051380109900011700000000000
061991051380109900012000000003000
061991051380109900012100000002000
061991051380109900024500000334000
061991051380119900000100001910000
061991051380119900000200000165000
061991051380119900000300000162000
061991051380119900001300000014000
061991051380119900011300000167000
061991051380119900011700000045000
061991051380119900012000000009000
061991051380119900012100000033000
061991051380119900024500002772000
061991051380129900000100000255000
061991051380129900000200000058000
061991051380129900000300000493000
061991051380129900001300000001000
061991051380129900011300000266000
061991051380129900011700000004000
061991051380129900012000000001000
061991051380129900012100000003000
061991051380129900024500000503000
061991051380139900000100000660000
061991051380139900000200000423000
061991051380139900010700000633000
061991051380139900011300000280000
061991051380149900000100000592000
061991051380149900000200000260000
061991051380149900000300000034000
061991051380149900011300000018000
061991051380149900024700000253000
061991051380159900000100001609000
061991051380159900000200000015000
061991051380159900000300000532000
061991051380159900001300000004000
061991051380159900011300000171000
061991051380159900011700000001000
061991051380159900012000000003000
061991051380159900012100000004000
061991051380159900024500000902000
061991051380169900000100000704000
061991051380169900000200000132000
061991051380169900000300000020000
061991051380169900011300000033000
061991051380169900024700000282000
061991051380179900000100003078000
061991051380179900000200000560000
061991051380179900000300000234000
061991051380179900001300000037000
061991051380179900011300000640000
061991051380179900011700000032000
061991051380179900012000000008000
061991051380179900012100000063000
061991051380179900024500002908000
061991051380189900000100001599000
061991051380189900000200000056000
061991051380189900000300000017000
061991051380189900001300000007000
061991051380189900011300000096000
061991051380189900011700000001000
061991051380189900012000000000000
061991051380189900012100000005000
061991051380189900024500001162000
061991051380199900000100002109000
061991051380199900000200000229000
061991051380199900000300000355000
061991051380199900001300000030000
061991051380199900011300000321000
061991051380199900011700000234000
061991051380199900012000000004000
061991051380199900012100000010000
061991051380199900024500003344000
061991051380209900000100003432000
061991051380209900000200000317000
061991051380209900000300000215000
061991051380209900001300000034000
061991051380209900011300000655000
061991051380209900011700000391000
061991051380209900012000000015000
061991051380209900012100000093000
061991051380209900024500002507000
061991051380219900000100000765000
061991051380219900000200000123000
061991051380219900011300000010000
061991051380219900019800000336000
061991051380219900024600000001000
061991051380229900000100005084000
061991051380229900000200000538000
061991051380229900000300000274000
061991051380229900001300000036000
061991051380229900011300001104000
061991051380229900011700000023000
061991051380229900012000000016000
061991051380229900012100000030000
061991051380229900024500003882000
061991051380239900000100013789000
061991051380239900000200003945000
061991051380239900000300001549000
061991051380239900001300000369000
061991051380239900011300005157000
061991051380239900011700000518000
061991051380239900012000000228000
061991051380239900012100000448000
061991051380239900024500020702000
061991051380249900000100001526000
061991051380249900000200001338000
061991051380249900000300000449000
061991051380249900011300000929000
061991051380249900024700003455000
061991051380259900000100002244000
061991051380259900000200000059000
061991051380259900000300000010000
061991051380259900001300000007000
061991051380259900011300000078000
061991051380259900011700000006000
061991051380259900012000000002000
061991051380259900012100000005000
061991051380259900024500000769000
061991051380269900000100003904000
061991051380269900000200000983000
061991051380269900000300001012000
061991051380269900001300000041000
061991051380269900011300002339000
061991051380269900011700000041000
061991051380269900012000000026000
061991051380269900012100000052000
061991051380269900024500010537000
061991051380279900000100000835000
061991051380279900000200000543000
061991051380279900000300000269000
061991051380279900011300000093000
061991051380279900024700001658000
061991051380289900000100006573000
061991051380289900000200001464000
061991051380289900000300000356000
061991051380289900001300000033000
061991051380289900011300000805000
061991051380289900011700000231000
061991051380289900012000000018000
061991051380289900012100000040000
061991051380289900024500003260000
061991051380299900000100000189000
061991051380299900000200000018000
061991051380299900000300000179000
061991051380299900011300000061000
061991051380299900024700000333000
061991051380309900000100000516000
061991051380309900000200000117000
061991051380309900000300000019000
061991051380309900011300000082000
061991051380309900024700000595000
061991051380319900000100008320000
061991051380319900000200001839000
061991051380319900000300000754000
061991051380319900001300000079000
061991051380319900011300001269000
061991051380319900011700000079000
061991051380319900012000000021000
061991051380319900012100000066000
061991051380319900024500002388000
061991051380329900000100002346000
061991051380329900000200000317000
061991051380329900000300000035000
061991051380329900001300000016000
061991051380329900011300000143000
061991051380329900011700000019000
061991051380329900012000000014000
061991051380329900012100000007000
061991051380329900024500000612000
061991051380339900000100001453000
061991051380339900000200000542000
061991051380339900000300000012000
061991051380339900011300000184000
061991051380339900024700000947000
061991051380349900000100000721000
061991051380349900000200000044000
061991051380349900000300000144000
061991051380349900001300000009000
061991051380349900011300000160000
061991051380349900011700000011000
061991051380349900012000000005000
061991051380349900012100000010000
061991051380349900024500001678000
061991051380359900000100000610000
061991051380359900000200000054000
061991051380359900000300000122000
061991051380359900001300000008000
061991051380359900011300000105000
061991051380359900011700000004000
061991051380359900012000000003000
061991051380359900012100000008000
061991051380359900024500001626000
061991051380369900000100002155000
061991051380369900000200000129000
061991051380369900011300000301000
061991051380369900019800000593000
061991051380369900024600000043000
061991051380379900000100002992000
061991051380379900000200002409000
061991051380379900000300000388000
061991051380379900011300001471000
061991051380379900024700001976000
061991051380389900000100014556000
061991051380389900000200007792000
061991051380389900000300001947000
061991051380389900001300000352000
061991051380389900011300005524000
061991051380389900011700000784000
061991051380389900012000000338000
061991051380389900012100000874000
061991051380389900024500038524000
061991051380399900000100000727000
061991051380399900000200000301000
061991051380399900000300000065000
061991051380399900001300000021000
061991051380399900011300000212000
061991051380399900011700000027000
061991051380399900012000000006000
061991051380399900012100000017000
061991051380399900024500003346000
061991051380409900000100000402000
061991051380409900000200000013000
061991051380409900000300000202000
061991051380409900001300000000000
061991051380409900011300000011000
061991051380409900011700000005000
061991051380409900012000000005000
061991051380409900012100000003000
061991051380409900024500001643000
061991051380419900000100000326000
061991051380419900000200000163000
061991051380419900000300000024000
061991051380419900001300000007000
061991051380419900011300000120000
061991051380419900011700000010000
061991051380419900012000000004000
061991051380419900012100000008000
061991051380419900024500002428000
061991051380429900000100001564000
061991051380429900000200000025000
061991051380429900000300000046000
061991051380429900001300000000000
061991051380429900011300000076000
061991051380429900011700000005000
061991051380429900012000000000000
061991051380429900012100000009000
061991051380429900024500001336000
061991051380439900000100004107000
061991051380439900000200000491000
061991051380439900000300000467000
061991051380439900001300000035000
061991051380439900011300000733000
061991051380439900011700000037000
061991051380439900012000000024000
061991051380439900012100000037000
061991051380439900024500002668000
061991051380449900000100000529000
061991051380449900000200000008000
061991051380449900000300000001000
061991051380449900001300000000000
061991051380449900011300000006000
061991051380449900011700000003000
061991051380449900012000000001000
061991051380449900012100000000000
061991051380449900024500001081000
061991051380459900000100001017000
061991051380459900000200000259000
061991051380459900000300000077000
061991051380459900011300000742000
061991051380459900024700000705000
061991051380469900000100000465000
061991051380469900000200000527000
061991051380469900000300000197000
061991051380469900001300000006000
061991051380469900011300000369000
061991051380469900011700000008000
061991051380469900012000000005000
061991051380469900012100000007000
061991051380469900024500002567000
061991051380479900000100000254000
061991051380479900000200000148000
061991051380479900000300000211000
061991051380479900011300000011000
061991051380479900024700000842000
061991051380489900000100000702000
061991051380489900000200000428000
061991051380489900010700000920000
061991051380489900011300000198000
061991051380499900000100000418000
061991051380499900000200000037000
061991051380499900011300000012000
061991051380499900019800001012000
061991051380499900024600000001000
061991051380509900000100001252000
061991051380509900000200000006000
061991051380509900011300000076000
061991051380509900019800000676000
061991051380509900024600000000000
061991051380519900000100001370000
061991051380519900000200000690000
061991051380519900000300000023000
061991051380519900001300000008000
061991051380519900011300000053000
061991051380519900011700000008000
061991051380519900012000000010000
061991051380519900012100000013000
061991051380519900024500002128000
061991051380529900000100000333000
061991051380529900000200000178000
061991051380529900000300000072000
061991051380529900001300000002000
061991051380529900011300000013000
061991051380529900011700000002000
061991051380529900012000000001000
061991051380529900012100000002000
061991051380529900024500000280000
061991051380539900000100000946000
061991051380539900000200000463000
061991051380539900000300000316000
061991051380539900011300000049000
061991051380539900024700000517000
