022016061011190000490000076700000
022016061011490000280000033000000
022016061011490000940000070800000
022016061011890000810000076300000
022016061019990000680142625800023
022016061063990000490000046800000
022016061063990000530000014700000
022016061070290000930000043000000
022016061071990000130002158600000
022016061080990000930000078800000
022016061082490000130003587000000
022016061083490000930000027300000
022016061083790000930000068300000
022016061084790000530000014600000
022016061092590000100004098500001
022016061092590000460000026700000
022016061101090000130002434300000
022016061101090000410000169000000
022016061101090000590003316400000
022016061109990000770021215900004
022016061111590000840000039200000
022016061113290000050000410700000
022016061113690000470000071800000
022016061129990000930001465900000
022016061139990000630009497200002
022016061139990000770005817300001
022016061153090000290000020000000
022016061162690000930000042500000
022016061169990000770004201000001
022016061174690000940000338100000
022016061179990000280000194100000
022016061179990000550065977100009
022016061195290000410000031700000
022016061999990000110000301100000
022016061999990000410028670200000
022016061011490000810000046700000
022016061012190000770008810000002
022016061012990000410001152300000
022016061024490000410000040200000
022016061025090000130008643400001
022016061039990000650014184500002
022016061040790000850000741800000
022016061053590000680017031600003
022016061053890000170000064700000
022016061063990000590005984500001
022016061070290000810000032100000
022016061071390000810000045800000
022016061079990000280000079100000
022016061080590000280000026100000
022016061080590000770001927700001
022016061083790000590002544100000
022016061084090000490000011700000
022016061089990000410001033000000
022016061090890000430004766000000
022016061100690000930000063900000
022016061101090000810000045900000
022016061111590000810000158300000
022016061113290000420000167100000
022016061133190000840000053900000
022016061149990000810000294700000
022016061159990000490000062700000
022016061174690000280000146500000
022016061174690000550039422700005
022016061189990000680001599100001
022016061999990000770544384600085
022016061010490000940000043500000
022016061011490000620008505800001
022016061011890000490000064100000
022016061011890000680017272100003
022016061012190000940000039800000
022016061014190000940000214600000
022016061025090000610010419900001
022016061033390000810000108600000
022016061053890000810000141700000
022016061069990000590005984500001
022016061074590000590005399400001
022016061079990000440000012600000
022016061079990000590016416000002
022016061080990000130003036100000
022016061080990000330000035600000
022016061091790000680003103500000
022016061099990000800000072400000
022016061113690000680020892100003
022016061119990000680065083100012
022016061129990000840000099400000
022016061133190000380000054800000
022016061144890000940000064100000
022016061153090000940000262200000
022016061159990000290000020000000
022016061162690000310000008000000
022016061170390000940000200300000
022016061179990000930000558500000
022016061189990000410000033300000
022016061195290000810000004400000
022016061199990000130000335200000
022016061999990000170001166900000
022016061999990000860000664700000
022016061012390000810000045500000
022016061012990000020000112100000
022016061025090000340000051100000
022016061033390000700020963200003
022016061053890000130005257600001
022016061053890000410000824300000
022016061063990000840000015600000
022016061069990000810000048300000
022016061071390000130003312600000
022016061071690000590001526300000
022016061079990000410000983900000
022016061082490000680011272300002
022016061083490000810000020200000
022016061084290000410000026000000
022016061084290000590000759900000
022016061084790000130004928300001
022016061090890000690035775900004
022016061094390000140003908200001
022016061094390000430000568000000
022016061113290000680009253900003
022016061113690000810000136000000
022016061129990000590073788500008
022016061144890000930000076600000
022016061149990000130004074000000
022016061149990000160028701400005
022016061159990000680033310900005
022016061159990000770014493700002
022016061162690000810000031200000
022016061174690000770028573200003
022016061179990000530000099200000
022016061185190000680001599100001
022016061999990000310000008000000
022016061999990000390000072300000
022016061011190000530000039300000
022016061011890000620008697500001
022016061012990000930000183200000
022016061014190000280000085500000
022016061019990000410005287000000
022016061033390000130007496100001
022016061040790000680016304500003
022016061049990000810000164400000
022016061059990000170000064700000
022016061059990000810000296900000
022016061063990000770007940700001
022016061071690000810000013000000
022016061071990000840000003700000
022016061080590000590001252700000
022016061080990000490000028700000
022016061080990000770004572400001
022016061082490000770007368100001
022016061083790000810000032600000
022016061084090000410000061200000
022016061084090000940000027700000
022016061084790000490000031600000
022016061084990000130001242300000
022016061084990000490000013100000
022016061089990000130020561300001
022016061089990000280000109100000
022016061092590000140001259200000
022016061094390000460000042400000
022016061111590000560014856600002
022016061112790000680009151600002
022016061140190000410000165700000
022016061142090000760005144900001
022016061149990000530000020700000
022016061153090000840000023500000
022016061159990000940000262200000
022016061169990000490000025000000
022016061999990000350000068700000
022016061999990000680794123600137
022016061010490000620004057800000
022016061012990000620014082900002
022016061019990000170000096100000
022016061019990000440000169600000
022016061025090000390000056800000
022016061039990000940000144200000
022016061053590000880000068600000
022016061063990000410000336900000
022016061069990000940000071300000
022016061070290000280000025500000
022016061074590000490000033400000
022016061080590000410000061000000
022016061084790000770007178000001
022016061084990000680005255500002
022016061094390000680005124100001
022016061100690000410000276600000
022016061119990000130013512500000
022016061122890000640073788500008
022016061129990000520000214800000
022016061144890000680007896500001
022016061149990000930000154200000
022016061153090000810000130500000
022016061162690000770004201000001
022016061170390000130013851700002
022016061171290000280000047600000
022016061174690000860000567800000
022016061179990000080000627300000
022016061179990000110000301100000
022016061185190000130000354900000
022016061199990000930000014600000
022016061999990000230018471300002
022016061999990000790000033600000
022016061011190000930000175000000
022016061011490000930000074300000
022016061012190000130002868500000
022016061012390000620005323900001
022016061012390000930000058900000
022016061019990000130057812300007
022016061040790000410000726600000
022016061049990000570011808200002
022016061053890000680016312900003
022016061059990000680033344500006
022016061080590000930000035700000
022016061082490000910000209400000
022016061083490000490000009000000
022016061083490000840000005700000
022016061084090000810000020200000
022016061084790000410000222500000
022016061091790000810000058300000
022016061099990000220085310200012
022016061112790000130001334300000
022016061122890000280000394600000
022016061140190000130000837200000
022016061144890000160017529600002
022016061144890000230006765300001
022016061149990000940000094700000
022016061153090000130011196100002
022016061170390000530000040300000
022016061174690000530000058900000
022016061999990000220085310200012
022016061999990000330000035600000
022016061999990000720000066800000
022016061999990000800000072400000
022016061011890000770015144500002
022016061012990000810000146100000
022016061019990000120000083000000
022016061024490000340000003900000
022016061025090000410000502500000
022016061025090000930000139500000
022016061033390000410000639800000
022016061033390000930000139100000
022016061039990000130007496100001
022016061039990000700020963200003
022016061049990000410000726600000
022016061049990000680016304500003
022016061071990000410000134900000
022016061071990000590002388400000
022016061074590000130004770500000
022016061074590000280000033000000
022016061074590000770009773300002
022016061080590000130001409600000
022016061083790000770004325200001
022016061084090000770001901400001
022016061084790000680013202600002
022016061089990000810000254500000
022016061090890000460000327500000
022016061111590000420000685700000
022016061122890000840000099400000
022016061129990000280000394600000
022016061129990000530000111100000
022016061140190000380000007400000
022016061140190000940000030600000
022016061142090000230006982800001
022016061142090000680003531200000
022016061149990000680014855300002
022016061170390000110000301100000
022016061170390000860000055400000
022016061199990000410000031700000
022016061199990000810000004400000
022016061999990000560034754200005
022016061999990000870000004800000
022016061010490000350000010500000
022016061022290000810000021600000
022016061024490000810000012500000
022016061025090000710017921100003
022016061029990000390000072300000
022016061040790000810000164400000
022016061053590000360000053700000
022016061069990000410000336900000
022016061069990000680014025200002
022016061074590000270000025400000
022016061074590000930000069500000
022016061079990000840000003700000
022016061084790000660005163700001
022016061084990000930000025600000
022016061089990000010000021400000
022016061092590000810000028800000
022016061139990000920010697600002
022016061169990000590002877200001
022016061174690000810000294400000
022016061179990000490000355100000
022016061199990000890000266700000
022016061999990000300001434300000
022016061999990000880000068600000
022016061010490000280000032300000
022016061010490000810000033400000
022016061011490000680015375000002
022016061014190000440000106900000
022016061014190000620021466300003
022016061022290000130001793400000
022016061025090000810000113700000
022016061029990000490000098400000
022016061029990000810000147800000
022016061040790000770009336300002
022016061053590000810000155200000
022016061053590000930000097800000
022016061059990000590019843400003
022016061059990000940000088200000
022016061074590000810000056400000
022016061079990000940000182800000
022016061084090000280000012900000
022016061084290000130000567900000
022016061084290000680002226400001
022016061084290000930000012500000
022016061089990000840000054500000
022016061089990000930000452000000
022016061109990000130006476000000
022016061112790000750004579600001
022016061122890000940001680300000
022016061133190000130002050500000
022016061140190000810000059900000
022016061149990000230015333900002
022016061159990000810000130500000
022016061169990000170000030400000
022016061174690000490000156600000
022016061999990000020000172700000
022016061999990000550065977100009
022016061011890000130006600000001
022016061022290000170000048700000
022016061024490000390000006200000
022016061024490000710003091300002
022016061053890000360000065300000
022016061059990000070007825300001
022016061070290000590003350900001
022016061071390000680012162200003
022016061071690000940000027400000
022016061079990000810000171800000
022016061083490000680004596500002
022016061083790000680009767200003
022016061084090000130001359500000
022016061084090000670001344000000
022016061084290000490000005700000
022016061084790000840000021000000
022016061084990000910000020100000
022016061089990000680064309300018
022016061092590000220003018200001
022016061094390000740005396700001
022016061099990000100048348800008
022016061100690000940000061700000
022016061129990000130061650300006
022016061129990000680132566500015
022016061171290000500000040300000
022016061171290000770006606200001
022016061179990000810000479800000
022016061195290000130000335200000
022016061999990000010000021400000
022016061999990000160028701400005
022016061999990000360000119000000
022016061010490000130004189700001
022016061012190000410000285000000
022016061014190000410001338900000
022016061022290000390000009300000
022016061029990000610013918700002
022016061033390000770014792000002
022016061033390000790000033600000
022016061053590000520000045000000
022016061059990000880000068600000
022016061070290000680008971700002
022016061071690000490000008100000
022016061083790000490000019600000
022016061084790000010000011500000
022016061084790000090000267200000
022016061089990000530000014600000
022016061091790000740003855800001
022016061094390000250006775900001
022016061099990000680046453800006
022016061112790000560003275200001
022016061113690000180000078500000
022016061119990000410001696400000
022016061119990000480000169000000
022016061122890000410003911700000
022016061129990000410003911700000
022016061129990000490000311000000
022016061133190000770005817300001
022016061139990000840000053900000
022016061153090000680033310900005
022016061159990000410000820900000
022016061169990000310000008000000
022016061171290000680010674600002
022016061179990000410003261100000
022016061195290000890000266700000
022016061999990000830000057000000
022016061011190000280000047200000
022016061011490000490000066300000
022016061012990000350000039000000
022016061022290000490000034900000
022016061022290000710004233200001
022016061069990000170000059600000
022016061071390000590003751000000
022016061071690000930000019500000
022016061082490000010000009900000
022016061083490000130001242800000
022016061089990000910000229500000
022016061090890000810000800600000
022016061091790000430000462700000
022016061099990000140038049700005
022016061099990000940000019800000
022016061100690000680014960300003
022016061113290000560002913600000
022016061119990000560034754200005
022016061119990000940000102600000
022016061122890000520000214800000
022016061122890000930001465900000
022016061142090000160008501500002
022016061162690000680007370800002
022016061170390000770018748400002
022016061185190000770000697400000
022016061999990000070007825300001
022016061999990000910000229500000
022016061012390000680013123400002
022016061012990000940000177000000
022016061014190000130013808600001
022016061019990000620079200800011
022016061029990000930000163400000
022016061029990000940000201300000
022016061040790000510000084600000
022016061053590000130006517200001
022016061053590000840000021200000
022016061071990000280000020600000
022016061079990000930000241200000
022016061082490000720000027700000
022016061082490000810000043000000
022016061082490000930000061800000
022016061082490000940000062000000
022016061083490000770002475100001
022016061084290000280000006300000
022016061084990000770002604500001
022016061090890000100032382400004
022016061094390000220007532800001
022016061100690000770013339200002
022016061100690000810000061400000
022016061111590000050001934300000
022016061111590000680025785500004
022016061113690000050001679300000
022016061119990000180000078500000
022016061133190000300001434300000
022016061133190000410000275700000
022016061133190000810000108900000
022016061142090000490000028400000
022016061142090000810000117200000
022016061142090000930000047800000
022016061144890000810000117600000
022016061153090000590010352200001
022016061169990000930000042500000
022016061171290000410000298500000
022016061171290000550007228100001
022016061179990000830000057000000
022016061185190000410000033300000
022016061195290000680001352200001
022016061999990000090000267200000
022016061999990000130314157000032
022016061999990000240000037700000
022016061999990000380000062200000
022016061999990000440000182200000
022016061999990000930005024700000
022016061011190000410000971900000
022016061011490000130005524800001
022016061011890000940000099300000
022016061012190000680008195900002
022016061025090000940000161400000
022016061033390000650014184500002
022016061039990000520000041400000
022016061039990000790000033600000
022016061053890000450000064900000
022016061059990000410001497300000
022016061069990000530000014700000
022016061071690000410000078500000
022016061071990000440000012600000
022016061084090000930000035200000
022016061084990000810000017400000
022016061094390000100004722600001
022016061109990000680024502200005
022016061112790000050000500900000
022016061119990000840000039200000
022016061122890000530000111100000
022016061133190000920010697600002
022016061140190000230001585800000
022016061144890000540017934700003
022016061159990000840000023500000
022016061170390000490000158200000
022016061174690000130020548900002
022016061174690000930000296200000
022016061199990000680001352200001
022016061999990000120000083000000
022016061010490000930000068400000
022016061011490000020000060600000
022016061012190000490000034400000
022016061019990000020000172700000
022016061024490000170000024500000
022016061024490000490000007100000
022016061033390000520000041400000
022016061039990000410000639800000
022016061049990000510000084600000
022016061053590000070001798200000
022016061053890000070006027100001
022016061069990000490000046800000
022016061070290000130003197600000
022016061071690000130001086800000
022016061071990000770003028200001
022016061079990000130014526100000
022016061079990000270000025400000
022016061080990000940000064700000
022016061090890000250043812600005
022016061092590000250004552500001
022016061099990000460000434800000
022016061101090000680009541900002
022016061139990000380000054800000
022016061139990000810000108900000
022016061142090000540010456600002
022016061149990000380000007400000
022016061153090000770014493700002
022016061159990000590010352200001
022016061159990000930000208300000
022016061162690000940000036600000
022016061169990000410000135000000
022016061171290000130004412100001
022016061171290000860000041500000
022016061174690000680048285500006
022016061179990000680091922900013
022016061179990000940000609500000
022016061195290000770000680500000
022016061999990000270000025400000
022016061999990000290000020000000
022016061999990000340000055000000
022016061999990000810005190700000
022016061999990000940004718200000
022016061010490000170000034700000
022016061010490000490000028000000
022016061011890000410000522800000
022016061012990000680025603300004
022016061022290000410000090900000
022016061024490000130000987100000
022016061025090000490000056400000
022016061029990000410000633600000
022016061033390000170000251700000
022016061053590000450000090000000
022016061071990000930000041300000
022016061074590000410000338600000
022016061074590000940000101300000
022016061079990000490000064800000
022016061080590000680005093100002
022016061080990000590003570500001
022016061082490000490000038100000
022016061084090000680004017200002
022016061089990000330000035600000
022016061089990000770033628600009
022016061090890000220069431500009
022016061091790000100007145300002
022016061099990000250063223400009
022016061101090000770007876700002
022016061111590000750013997300002
022016061113290000130001313300000
022016061113690000420000649700000
022016061122890000130061650300006
022016061129990000770067834000007
022016061139990000300001434300000
022016061144890000490000046700000
022016061162690000410000135000000
022016061169990000130002418000000
022016061170390000410001063200000
022016061171290000080000171200000
022016061185190000930000007200000
022016061999990000100048348800008
022016061999990000280000990900000
022016061010490000410000268900000
022016061011190000810000141700000
022016061011190000940000125300000
022016061011490000170000061400000
022016061022290000940000039900000
022016061024490000770001972400001
022016061024490000870000004800000
022016061029990000280000016000000
022016061039990000170000251700000
022016061063990000810000048300000
022016061070290000770005961700001
022016061071390000930000067900000
022016061071990000940000054100000
022016061083490000280000018400000
022016061083490000410000076100000
022016061083490000590001507700000
022016061083790000720000023300000
022016061084290000770001276200001
022016061091790000140002374800000
022016061091790000250008082400002
022016061109990000940000102600000
022016061113690000130004830200000
022016061113690000560013708800002
022016061113690000750011881600002
022016061119990000750034801400006
022016061129990000810000737700000
022016061140190000160002670300001
022016061142090000410000278800000
022016061144890000130002068500000
022016061170390000680032962800005
022016061174690000410001899400000
022016061179990000130038812700005
022016061189990000930000007200000
022016061195290000930000014600000
022016061999990000080000627300000
022016061011190000620013064300002
022016061012390000120000083000000
022016061012390000490000049800000
022016061012390000940000063800000
022016061019990000280000198000000
022016061019990000350000068700000
022016061019990000770132683800020
022016061025090000170000303200000
022016061040790000570011808200002
022016061059990000360000119000000
022016061059990000450000154900000
022016061063990000170000059600000
022016061063990000930000105100000
022016061063990000940000071300000
022016061069990000130004862600001
022016061071990000810000024500000
022016061079990000770030378600007
022016061080990000410000178200000
022016061080990000680008878500002
022016061082490000410000218400000
022016061083790000410000135900000
022016061084790000280000045400000
022016061084990000410000053700000
022016061092590000410000193000000
022016061094390000810000085300000
022016061099990000410005989700000
022016061101090000940000040900000
022016061111590000940000102600000
022016061113290000480000021800000
022016061119990000050004525200000
022016061133190000230003137400000
022016061139990000410000275700000
022016061140190000490000021100000
022016061142090000130001168300000
022016061142090000530000020700000
022016061153090000170000106900000
022016061153090000410000820900000
022016061159990000170000106900000
022016061162690000170000030400000
022016061162690000590002877200001
022016061189990000940000013900000
022016061999990000250063223400009
022016061011890000350000019200000
022016061012990000130012129400002
022016061019990000490000548200000
022016061029990000770017496000004
022016061039990000810000108600000
022016061059990000840000021200000
022016061059990000930000097800000
022016061063990000680014025200002
022016061070290000490000023300000
022016061071390000410000233400000
022016061071990000680005204700002
022016061080590000810000014100000
022016061084990000640001540300000
022016061089990000590022631300003
022016061089990000940000274100000
022016061090890000150030507500004
022016061091790000800000072400000
022016061092590000680002450300001
022016061092590000940000019800000
022016061101090000930000041500000
022016061144890000210000102600000
022016061149990000210000102600000
022016061149990000540033574000006
022016061169990000940000036600000
022016061170390000550019326300003
022016061170390000810000129300000
022016061199990000770000680500000
022016061999990000520000301200000
022016061999990000590322712300045
022016061010490000680013180100003
022016061011190000680019887600003
022016061011890000930000115800000
022016061012190000620004002300001
022016061012390000410000323800000
022016061012990000490000098300000
022016061014190000770034747000004
022016061014190000810000195000000
022016061024490000280000016000000
022016061025090000770012532100002
022016061033390000490000138300000
022016061053890000590008517800001
022016061053890000780010112000001
022016061059990000520000045000000
022016061071390000770008172800002
022016061079990000680047591100012
022016061080990000810000045600000
022016061089990000490000157500000
022016061091790000220005327700001
022016061091790000460000038200000
022016061092590000740002253300000
022016061100690000130004041700000
022016061109990000810000107300000
022016061119990000810000387400000
022016061129990000940001680300000
022016061133190000630009497200002
022016061133190000930000059100000
022016061140190000540005182700001
022016061140190000760002638100001
022016061149990000490000096200000
022016061149990000760016425500003
022016061185190000810000011800000
022016061189990000130000354900000
022016061999990000490002662700000
022016061999990000510000084600000
022016061999990000850000741800000
022016061012190000930000046400000
022016061012990000770020144400003
022016061014190000680029988400004
022016061019990000930000993200000
022016061019990000940000834100000
022016061022290000240000037700000
022016061022290000770002991500001
022016061024490000610001255800000
022016061029990000170000376400000
022016061029990000240000037700000
022016061029990000340000055000000
022016061039990000930000139100000
022016061049990000130006770000001
022016061049990000930000119700000
022016061053590000410000673000000
022016061059990000130011774800002
022016061063990000130004862600001
022016061069990000770007940700001
022016061069990000930000105100000
022016061070290000410000198500000
022016061071690000680005300400002
022016061071690000770003442600001
022016061074590000680015952100003
022016061084790000930000106800000
022016061084990000720000015800000
022016061089990000090000267200000
022016061099990000740055987000007
022016061100690000590004718200001
022016061109990000410000445600000
022016061109990000590008034600001
022016061111590000130006034700000
022016061112790000410000193900000
022016061112790000810000051400000
022016061149990000410000931000000
022016061174690000080000456100000
022016061179990000860000664700000
022016061185190000590000334500000
022016061185190000940000013900000
022016061189990000770000697400000
022016061999990000050004525200000
022016061999990000530000299600000
022016061999990000840000311000000
022016061010490000770008498800002
022016061011490000440000062700000
022016061011490000770013928100002
022016061012390000130003888400000
022016061019990000530000039300000
022016061022290000600002243000001
022016061022290000930000023900000
022016061029990000130011423900001
022016061029990000870000004800000
022016061033390000940000144200000
022016061039990000490000138300000
022016061039990000770014792000002
022016061040790000130006770000001
022016061040790000930000119700000
022016061049990000770009336300002
022016061053590000780011935100002
022016061059990000780022047100003
022016061080990000840000027800000
022016061084290000940000011900000
022016061089990000720000066800000
022016061090890000740044481200005
022016061099990000810000973000000
022016061109990000930000105400000
022016061113290000750004342900001
022016061113290000810000041700000
022016061122890000810000737700000
022016061139990000130002050500000
022016061139990000930000059100000
022016061140190000680003427600001
022016061153090000490000062700000
022016061159990000130011196100002
022016061162690000130002418000000
022016061171290000810000056100000
022016061171290000930000066200000
022016061189990000590000334500000
022016061189990000810000011800000
022016061011190000130008802900001
022016061011190000770017549800003
022016061011490000410000423400000
022016061012190000810000047000000
022016061012390000770013861200002
022016061014190000490000130600000
022016061014190000930000271200000
022016061019990000810000731700000
022016061029990000710025245600006
022016061049990000850000741800000
022016061053590000590011325600002
022016061053590000940000088200000
022016061069990000840000015600000
022016061082490000590004948400001
022016061083790000130003187800000
022016061084290000810000009000000
022016061084790000810000052400000
022016061084790000940000107800000
022016061111590000470000075400000
022016061113690000930000097500000
022016061119990000930000097500000
022016061122890000490000311000000
022016061122890000680132566500015
022016061122890000770067834000007
022016061139990000230003137400000
022016061140190000930000029800000
022016061144890000410000486500000
022016061144890000760008642500001
022016061153090000930000208300000
022016061162690000490000025000000
022016061169990000680007370800002
022016061169990000810000031200000
022016061170390000930000196100000
022016061171290000940000071100000
022016061174690000830000057000000
022016061179990000770053927800006
