061991051053510001180000122200000
061991051053520000020000103600000
061991051053520000460001509600012
061991051053530000010000390500004
061991051053590000450000653300007
061991051053590001200000060300000
061991051053890000410013556600020
061991051053510000400000071300000
061991051053520000010000843800006
061991051053590001170000502500000
061991051053860000010000539900008
061991051053860001980000309700005
061991051053890000010011249900029
061991051053510000010011182900012
061991051053840001210000192300000
061991051053590000030006713400012
061991051053590001160000104100000
061991051053860001130000056700000
061991051059990000010023667100051
061991051059990001070000155300004
061991051059990001160000104100000
061991051059990001180000122200000
061991051053510001130005489200005
061991051053520001170000040400000
061991051053590001180000122200000
061991051053840002450012202900013
061991051053870001130000047800001
061991051059990000400000071300000
061991051053590000020006011300006
061991051053860002460000004500000
061991051053870000020000085100002
061991051053890001130002668300005
061991051053530001630000337300003
061991051053590001150000117200000
061991051053870001070000155300004
061991051053510001160000104100000
061991051053890001200000080300000
061991051053520000030000454900003
061991051053530000020000087100000
061991051053590000400000071300000
061991051053590000480000229100000
061991051053840001200000080300000
061991051053850000010001339000007
061991051053850001130000391200002
061991051053890000020003109000008
061991051059990000030008323700018
061991051053510001200000060300000
061991051053510001210000132800000
061991051053530000030000335700003
061991051053590001210000163500000
061991051053860000020000030200000
061991051053890000130000121900000
061991051053890001170000254600000
061991051059990001170000757100000
061991051053510001150000117200000
061991051053590000410003404200015
061991051053840000130000121900000
061991051053890001070000155300004
061991051059990001130008253900010
061991051053510000440001557300000
061991051053520001210000030700000
061991051059990001200000140600000
061991051053510001170000462100000
061991051053840000030001084100000
061991051053850000020000770100004
061991051053850000030000216500001
061991051053890000030001610300006
061991051059990001210000355800000
061991051053510000030005922800006
061991051053510000480000229100000
061991051059990000480000229100000
061991051053520001130000096400000
061991051053530000450000653300007
061991051053590001130005585600005
061991051053840001170000254600000
061991051053870000010000136200004
061991051053890001210000192300000
061991051059990000020009120300014
061991051059990000130000121900000
061991051059990000410016960800035
061991051059990000450000653300007
061991051053510000020005820600006
061991051053590000010012417200022
061991051053840000010009234800010
061991051053840000020002223600002
061991051053840001130002172600002
061991051053850002470001349200007
061991051059990001150000117200000
