071999061010490000150000005200000
071999061010490001350000006100000
071999061011190000320000031300000
071999061011190001490000024600000
071999061011490001480000010200000
071999061011890001280000064000000
071999061011890001360000005000000
071999061011890001580000043100000
071999061012190001250000004100000
071999061012190001490000007900000
071999061012990000080000047400000
071999061012990001210000047900000
071999061012990001520000011600000
071999061014190000190041057800000
071999061014190000380000034800000
071999061014190001540000033700000
071999061019990001320024684700000
071999061019990001500000059700000
071999061022290000070000014800000
071999061022290001200000001800000
071999061024490000150000000900000
071999061024490000190002785900000
071999061024490000380000038400000
071999061024490001490000004200000
071999061024490004740000267300000
071999061025090001250000010600000
071999061029990000150000015200000
071999061029990001440000008400000
071999061029990001510000317600000
071999061033390001270000008000000
071999061033390001580000009600000
071999061039990001520000005700000
071999061039990001530000008700000
071999061040790001210000020200000
071999061040790001440000014300000
071999061040790001480000017900000
071999061040790001570000037200000
071999061049990000220000575000000
071999061049990001270000035400000
071999061053590001360000010900000
071999061053590001440000019500000
071999061053890001490000014200000
071999061053890001510000308800000
071999061059990001450000032400000
071999061063990000190010721800000
071999061063990001200000011800000
071999061063990001450000015900000
071999061069990001290000017300000
071999061069990001530000011400000
071999061070290000080000004100000
071999061070290001440000002200000
071999061070290001580000002900000
071999061071690001190000410500000
071999061010490001360000005100000
071999061010490001450000007600000
071999061011190001320006060200000
071999061011190001530000018100000
071999061011190001560000016600000
071999061011490000010014807900000
071999061011490001450000009200000
071999061011890001450000013500000
071999061012190000430000006900000
071999061012190001510000069100000
071999061012190001560000003500000
071999061012390000270000083300000
071999061012390001360000003200000
071999061012390001450000006800000
071999061012990001200000010900000
071999061012990001350000014000000
071999061012990001580000014500000
071999061014190001270000024300000
071999061019990001160000114500000
071999061019990001280000470000000
071999061019990001290000058800000
071999061019990001360000096200000
071999061022290001500000001900000
071999061024490000320000002600000
071999061024490001390000213900000
071999061024490001560000000800000
071999061025090001330003749600000
071999061025090001440000006400000
071999061025090001490000033300000
071999061029990001200000009900000
071999061029990001230000019100000
071999061029990001290000011400000
071999061033390000380000070000000
071999061039990001250000015300000
071999061039990001570000081400000
071999061040790000010017008300000
071999061040790001280000038900000
071999061053590000150000013300000
071999061053590000320000044700000
071999061053890001210000015100000
071999061053890001300000010300000
071999061059990000070000110400000
071999061059990000140000025800000
071999061059990001350000015200000
071999061059990001360000017300000
071999061059990001560000023100000
071999061063990000070000070800000
071999061063990000140000008500000
071999061063990001290000017300000
071999061063990001560000006900000
071999061069990001200000011800000
071999061069990001540000011300000
071999061069990001580000010200000
071999061010490001540000006700000
071999061010490001560000005300000
071999061011190001160000022200000
071999061011890001440000045400000
071999061012190000080000005200000
071999061012190000320000008500000
071999061012190001210000007900000
071999061012190001480000007300000
071999061012390000010013213700000
071999061012390000320000012100000
071999061012990001540000018400000
071999061014190000040000022600000
071999061019990000010133868300000
071999061019990001300000102700000
071999061022290001330001215000000
071999061024490001500000001000000
071999061024490001530000001800000
071999061025090000080000009600000
071999061025090001280000053300000
071999061025090001520000007600000
071999061029990001350000005100000
071999061029990001540000033500000
071999061033390001360000146700000
071999061040790000140000008600000
071999061040790000380000040100000
071999061040790001530000013700000
071999061049990000190010002300000
071999061049990001240002015500000
071999061049990001520000007400000
071999061049990001530000013700000
071999061049990001560000009300000
071999061049990020750001353800000
071999061053590001450000019500000
071999061053590001500000012900000
071999061053590001570000058700000
071999061059990001250000020400000
071999061059990001510000619800000
071999061063990000380000096000000
071999061063990001160000018000000
071999061063990001250000010900000
071999061069990000150000009400000
071999061069990000230000135200000
071999061069990000430000045800000
071999061069990001300000009600000
071999061070290000380000024800000
071999061070290001520000003300000
071999061071390000070000007400000
071999061071390000230000060100000
071999061071390000320000010100000
071999061071390000430000014500000
071999061071390001160000007100000
071999061071390001190001042400000
071999061071390001230000004200000
071999061010490000270000069300000
071999061011190001540000026600000
071999061011490000190016990800000
071999061011490001210000014200000
071999061011890001500000005400000
071999061011890001510000203100000
071999061012190001440000019300000
071999061012190001530000003800000
071999061012190001570000020900000
071999061012390000070000014400000
071999061012390000190017767000000
071999061012390001210000012900000
071999061012390001230000004700000
071999061012390001560000004000000
071999061014190000080000015100000
071999061014190001250000012400000
071999061019990000070000215900000
071999061019990001210000212900000
071999061019990001490000130800000
071999061022290000430000003400000
071999061022290001510000071400000
071999061024490001210000007000000
071999061024490001350000001100000
071999061024490001510000027600000
071999061025090000430000013800000
071999061025090001350000003200000
071999061025090001510000218600000
071999061025090001530000010300000
071999061025090001540000027100000
071999061029990000430000018800000
071999061029990001530000015600000
071999061033390001570000081400000
071999061039990000150000006300000
071999061039990000190025649700000
071999061039990001560000008200000
071999061049990001160000011300000
071999061049990001300000008800000
071999061053890000040000014500000
071999061053890000320000026700000
071999061053890001530000012700000
071999061059990000430000030200000
071999061059990001230000080900000
071999061059990001340027618600000
071999061069990000190010721800000
071999061069990001210000045300000
071999061069990001350000008800000
071999061069990001480000024500000
071999061069990001490000019400000
071999061070290000320000014000000
071999061070290001290000004000000
071999061071390001280000015600000
071999061071390001310000005200000
071999061071390001500000002200000
071999061010490000320000008900000
071999061010490001230000008500000
071999061010490001270000012400000
071999061010490001280000033700000
071999061010490001300000005500000
071999061010490001580000021300000
071999061011190000140000019800000
071999061011190000380000105900000
071999061011190001280000062200000
071999061011190008550004647300000
071999061011490000040000010900000
071999061011490000270000129900000
071999061011490001350000006100000
071999061011490001530000007800000
071999061011890000140000008600000
071999061011890000150000007400000
071999061011890001290000005100000
071999061011890001320002109400000
071999061011890001540000012900000
071999061012190001160000006600000
071999061012190001200000001900000
071999061012190001230000007100000
071999061012190001350000003200000
071999061012390000040000007000000
071999061012390001270000007800000
071999061012390001530000004900000
071999061012990000040000025900000
071999061012990001160000021800000
071999061012990001230000026400000
071999061012990001320003294900000
071999061012990001490000021600000
071999061014190000320000032100000
071999061014190001160000028200000
071999061014190001440000081200000
071999061014190001480000031900000
071999061014190001530000015900000
071999061019990000040000118200000
071999061019990000270001497700000
071999061019990000380000385200000
071999061019990001230000147400000
071999061019990001440000426600000
071999061019990001520000054900000
071999061025090000380000022400000
071999061025090001230000013900000
071999061025090001270000009600000
071999061029990000010027584400000
071999061029990001330006018600000
071999061029990001560000011100000
071999061029990001580000011300000
071999061033390000320000015500000
071999061033390001480000027600000
071999061033390010280006391200000
071999061040790001360000008700000
071999061010490001210000017100000
071999061011190001500000017600000
071999061011190001570000067400000
071999061011190001580000016300000
071999061011490000080000006800000
071999061011490000140000008100000
071999061011490001290000004100000
071999061011490001540000009000000
071999061012190001270000005500000
071999061012190001520000003700000
071999061012390000430000006500000
071999061012390001350000004100000
071999061012990000430000026500000
071999061012990001440000073600000
071999061012990001450000023200000
071999061014190001230000021500000
071999061014190001300000016200000
071999061014190001560000011100000
071999061022290001210000009300000
071999061022290001480000004600000
071999061022290001530000003500000
071999061024490001160000002800000
071999061024490001200000000700000
071999061024490001450000001900000
071999061025090001200000007400000
071999061029990000040000079500000
071999061029990000070000069500000
071999061029990001270000012300000
071999061029990001500000007500000
071999061033390000190025649700000
071999061033390000230000333900000
071999061033390000430000008800000
071999061039990000430000008800000
071999061039990001270000008000000
071999061039990001480000027600000
071999061040790000070000098900000
071999061040790001450000018600000
071999061040790001490000012400000
071999061049990001250000009500000
071999061053590000040000022400000
071999061053590000080000058400000
071999061053590001340012417000000
071999061053890001350000005300000
071999061059990011630002363400000
071999061063990000320000018900000
071999061069990000320000018900000
071999061069990001510000174600000
071999061070290001270000003500000
071999061070290001530000003500000
071999061071690000380000055300000
071999061071690001210000005800000
071999061071690001450000001400000
071999061071690001560000001200000
071999061010490001440000020700000
071999061011490000070000017500000
071999061011490001250000006100000
071999061011490001510000119400000
071999061011490001570000063100000
071999061011890001570000069600000
071999061012190001360000002600000
071999061012190001500000002000000
071999061012190001580000002000000
071999061012390000080000004500000
071999061012390001480000013900000
071999061012390001570000039000000
071999061012990001500000011300000
071999061014190000070000050800000
071999061014190001200000011300000
071999061014190001580000011000000
071999061019990008550039799100000
071999061022290000150000002100000
071999061022290001250000002600000
071999061022290001360000001200000
071999061022290001520000001900000
071999061024490001270000001000000
071999061024490001440000000500000
071999061024490001540000002400000
071999061025090001580000007400000
071999061033390001520000005700000
071999061033390001540000020100000
071999061049990001350000005000000
071999061049990001580000030900000
071999061053890000230000415000000
071999061053890001200000050600000
071999061053890001290000009200000
071999061059990001580000183300000
071999061063990001480000024500000
071999061063990001520000005300000
071999061070290001360000002500000
071999061070290001490000006300000
071999061070290001500000001500000
071999061071390000010013084000000
071999061071390001540000011300000
071999061071990001200000015900000
071999061071990001510000057900000
071999061074590001210000018900000
071999061074590001510000101100000
071999061079990001210000060500000
071999061079990001280000055300000
071999061079990001300000012700000
071999061079990001510000316300000
071999061079990001580000035800000
071999061080590000320000003900000
071999061080590001580000002600000
071999061080990000230000113500000
071999061080990000430000116300000
071999061010490000040000009200000
071999061010490000140000005400000
071999061010490001500000003400000
071999061011190000190019710800000
071999061011190000430000024500000
071999061011190001250000017700000
071999061011190001300000031000000
071999061011490000380000042000000
071999061011890000080000007800000
071999061011890001480000020200000
071999061011890001560000007200000
071999061012390000140000006300000
071999061012390001290000003300000
071999061012390008550003791400000
071999061012990000010024777700000
071999061012990000070000044600000
071999061012990000140000016600000
071999061012990000380000054500000
071999061012990001270000021500000
071999061014190001320006673300000
071999061014190001490000027200000
071999061014190001570000098500000
071999061019990000080000129300000
071999061019990000190160986100000
071999061019990001270000120300000
071999061019990001480000153700000
071999061019990001570000457300000
071999061022290000380000008200000
071999061022290001280000010400000
071999061024490001290000001200000
071999061024490001580000002000000
071999061025090001390003614800000
071999061029990000140000011700000
071999061029990001490000043100000
071999061033390000140001069300000
071999061033390001450000011100000
071999061039990000230000333900000
071999061039990001210000020600000
071999061039990001280000071400000
071999061040790001160000011300000
071999061049990001200000008900000
071999061049990001540000038500000
071999061053590001280000060800000
071999061053590001300000011900000
071999061053590001520000013100000
071999061053890000190011896600000
071999061053890001540000009200000
071999061053890001570000036300000
071999061053890001580000009700000
071999061059990000010027329600000
071999061063990000150000009400000
071999061069990000070000070800000
071999061069990000140000008500000
071999061010490001200000003400000
071999061010490001490000014000000
071999061011490001440000072900000
071999061011490001490000011800000
071999061011890008550003950800000
071999061012190000010008651500000
071999061012190000140000005400000
071999061012390001320001499600000
071999061012390001540000010300000
071999061012990000150000017500000
071999061012990001510000518100000
071999061014190000150000021000000
071999061019990001510001706700000
071999061019990001540000124700000
071999061022290001350000000800000
071999061022290001560000002700000
071999061022290001570000007800000
071999061025090001160000017600000
071999061025090001480000020300000
071999061029990000080000015400000
071999061029990001390004449400000
071999061033390000070000079000000
071999061033390001300000007700000
071999061039990000070000079000000
071999061039990001300000007700000
071999061039990001580000009600000
071999061040790000150000015700000
071999061049990000430000011200000
071999061053590000190008166200000
071999061053590001200000020000000
071999061053590001270000024600000
071999061053590001560000013500000
071999061053890000010009333600000
071999061053890001340015201600000
071999061053890001440000007400000
071999061053890001520000007000000
071999061059990000080000081100000
071999061059990001200000070600000
071999061059990001440000026900000
071999061069990001250000010900000
071999061069990001500000006300000
071999061070290000070000009200000
071999061070290000230000061500000
071999061071390001250000003400000
071999061071390001560000002200000
071999061071690001290000002000000
071999061071990000070000008200000
071999061071990000380000025800000
071999061071990001160000003100000
071999061074590000040000007300000
071999061074590000190014515200000
071999061074590001270000004400000
071999061079990000040000022800000
071999061010490001160000005500000
071999061010490001510000093900000
071999061011190000010018400400000
071999061011190000270000358500000
071999061011190001210000043000000
071999061011190001480000023700000
071999061011490000320000013200000
071999061011490000430000010800000
071999061011890000040000014000000
071999061011890000070000021500000
071999061011890000190020119000000
071999061011890001530000007400000
071999061012190000040000005800000
071999061012190001280000014400000
071999061012190001290000002200000
071999061012390001200000004800000
071999061012390001250000004200000
071999061012390001500000001500000
071999061012990000190023024400000
071999061012990001290000011600000
071999061012990008550006189200000
071999061014190001290000010500000
071999061014190001510000345000000
071999061014190001520000009700000
071999061019990001450000106300000
071999061022290000010004753900000
071999061022290001300000002100000
071999061022290001440000001500000
071999061025090000040000026900000
071999061025090001300000010000000
071999061025090001560000007600000
071999061025090001570000028000000
071999061029990001160000024500000
071999061029990001210000046600000
071999061029990001280000068000000
071999061029990001480000030000000
071999061033390000080000051900000
071999061033390000150000006300000
071999061033390001160000015800000
071999061033390001560000008200000
071999061039990000380000070000000
071999061039990001160000015800000
071999061039990001290000008700000
071999061039990001350001857900000
071999061039990001440000005500000
071999061040790000190010002300000
071999061040790001460003329500000
071999061040790001500000007700000
071999061040790001560000009300000
071999061049990000380000040100000
071999061049990001280000038900000
071999061049990001310000014400000
071999061053590000010017996000000
071999061010490001480000012900000
071999061011190001230000023000000
071999061011190001360000016600000
071999061011190001440000091000000
071999061011490001280000075000000
071999061011890000320000012700000
071999061012190008550002601300000
071999061012390001300000004100000
071999061012390001440000022500000
071999061012390001520000003200000
071999061012990001360000012600000
071999061014190000010025938400000
071999061014190000270000383200000
071999061014190001450000021100000
071999061014190001500000013900000
071999061019990000140000082300000
071999061019990001250000068200000
071999061019990001560000065800000
071999061022290000080000004700000
071999061022290001290000001300000
071999061022290001490000005600000
071999061024490000040000007300000
071999061024490000140000000800000
071999061033390000010024357600000
071999061033390001200000006200000
071999061033390001290000008700000
071999061039990000140001069300000
071999061039990000320000015500000
071999061039990001450000011100000
071999061039990001490000018800000
071999061040790001310000014400000
071999061049990000080000028300000
071999061053590001540000012400000
071999061053890001160000012700000
071999061059990000380000357400000
071999061059990001290000020100000
071999061063990000080000014600000
071999061063990000230000135200000
071999061063990001570000057700000
071999061063990001580000010200000
071999061069990000080000014600000
071999061069990000380000096000000
071999061069990001280000032600000
071999061069990001310000009000000
071999061070290001250000001900000
071999061070290001480000011500000
071999061071390001200000025100000
071999061071390001270000004600000
071999061071690000230000024700000
071999061071690001300000001100000
071999061071690001500000000800000
071999061071990001360000001500000
071999061074590000010015686400000
071999061010490000190011767700000
071999061010490001250000006200000
071999061011190001200000013700000
071999061011490000150000008800000
071999061011490001230000046900000
071999061011490001300000009500000
071999061011490001580000004400000
071999061011890001200000004500000
071999061011890001230000009300000
071999061011890001250000004300000
071999061011890001270000011300000
071999061012190000070000012900000
071999061012190001540000007100000
071999061012390001280000035400000
071999061012990001250000013200000
071999061012990001280000095100000
071999061012990001480000033600000
071999061012990001530000015400000
071999061014190001350000008600000
071999061022290000190004376900000
071999061022290001390000620700000
071999061022290001540000004000000
071999061024490001230000001700000
071999061024490001300000003400000
071999061025090000320000021700000
071999061025090001210000030300000
071999061025090001450000015900000
071999061025090001500000004600000
071999061029990000320000031600000
071999061029990001300000015500000
071999061033390001210000020600000
071999061033390001440000005500000
071999061039990000080000051900000
071999061039990001360000146700000
071999061039990001540000020100000
071999061040790000220000575000000
071999061040790001200000008900000
071999061040790001240002015500000
071999061040790020750001353800000
071999061049990001210000020200000
071999061049990001290000011400000
071999061053590011630001221200000
071999061053890001230000036100000
071999061059990000230000828500000
071999061059990001500000020100000
071999061063990001270000009000000
071999061063990001280000032600000
071999061063990001540000011300000
071999061069990001360000008200000
071999061070290001280000014000000
071999061070290001350000002200000
071999061071690001360000000500000
071999061071690001510000024200000
071999061010490000010010994800000
071999061010490000380000031200000
071999061011190000040000022800000
071999061011490001500000004600000
071999061011890000010017083900000
071999061011890001520000004100000
071999061012190000150000004800000
071999061012190000270000048400000
071999061012190000380000016700000
071999061012190001320001467700000
071999061012390001510000067100000
071999061012990000320000041100000
071999061014190000140000012100000
071999061014190000430000022800000
071999061014190001280000090200000
071999061014190008550009804500000
071999061019990000320000159900000
071999061019990000430000124000000
071999061019990001350000059500000
071999061019990001530000078400000
071999061022290000040000045300000
071999061022290000320000007300000
071999061022290004740000404300000
071999061024490001360000001200000
071999061024490001570000007400000
071999061025090000190014708200000
071999061025090001360000004900000
071999061029990000380000069000000
071999061029990001250000014800000
071999061029990001360000007300000
071999061029990001450000022100000
071999061029990004740002573200000
071999061040790001250000009500000
071999061049990001510000444500000
071999061053590001580000173600000
071999061053890001250000007300000
071999061053890001480000010600000
071999061063990001210000045300000
071999061070290000010009332300000
071999061070290001450000005700000
071999061071390000190013221100000
071999061071390001300000003200000
071999061071390001440000004300000
071999061071390001510000057800000
071999061071690001250000001900000
071999061071690001480000005700000
071999061071990000140000000900000
071999061071990001190000472200000
071999061074590000150000011000000
071999061074590001290000006000000
071999061074590001540000005500000
071999061079990001520000011400000
071999061080590001300000002200000
071999061010490000070000015300000
071999061010490000080000007200000
071999061010490001290000004900000
071999061010490001320000900500000
071999061010490008550001506100000
071999061011190000080000035300000
071999061011190001270000027000000
071999061011190001450000020500000
071999061011190001510000291000000
071999061011490001160000012100000
071999061011490001270000010500000
071999061011490001560000006400000
071999061011490008550007308500000
071999061011890001160000012000000
071999061011890001210000034000000
071999061012190000190010548600000
071999061012390000380000031100000
071999061012390001160000006100000
071999061012390001490000013100000
071999061012990000270000252000000
071999061012990001300000023100000
071999061012990001560000011700000
071999061012990001570000076000000
071999061019990001580000115400000
071999061022290000140000003600000
071999061022290001450000004300000
071999061022290001580000001900000
071999061024490000070000004500000
071999061024490001480000005100000
071999061025090000070000050200000
071999061025090000150000012200000
071999061025090001290000008900000
071999061029990000190021871000000
071999061033390000040000012000000
071999061033390001310000007800000
071999061033390001350001857900000
071999061033390001490000018800000
071999061033390001500000004700000
071999061039990001510000286600000
071999061040790000320000015600000
071999061040790000430000011200000
071999061040790001290000011400000
071999061040790001300000008800000
071999061040790001510000444500000
071999061040790001540000038500000
071999061049990001480000017900000
071999061053590001210000032100000
071999061053590001230000044800000
071999061053590001290000010900000
071999061053590001480000012600000
071999061053590001530000017900000
071999061053890000380000235500000
071999061059990000150000023200000
071999061010490001530000005100000
071999061011190000070000038900000
071999061011190000150000019000000
071999061011190001520000015500000
071999061011490001320002679100000
071999061011890001300000009500000
071999061011890001350000004800000
071999061012190001300000003800000
071999061012190001450000004400000
071999061012390000150000005400000
071999061012390001580000002800000
071999061014190001210000035900000
071999061014190001360000010000000
071999061019990000150000089100000
071999061022290001230000003500000
071999061024490000430000001600000
071999061025090000010019194200000
071999061029990001520000011300000
071999061033390001250000015300000
071999061033390001280000071400000
071999061033390001530000008700000
071999061039990000010024357600000
071999061039990000040000012000000
071999061039990001200000006200000
071999061039990001230000014200000
071999061039990001310000007800000
071999061039990010280006391200000
071999061040790000080000028300000
071999061040790001270000035400000
071999061049990000070000098900000
071999061049990001440000014300000
071999061049990001460003329500000
071999061053590000140000015000000
071999061053590001490000014800000
071999061053890001450000012900000
071999061053890011630001142200000
071999061059990001160000030100000
071999061059990001270000035700000
071999061059990001300000022200000
071999061059990001520000020100000
071999061059990001530000030600000
071999061063990000010017015200000
071999061063990000040000013200000
071999061070290000140000001800000
071999061070290001230000003300000
071999061070290001300000003600000
071999061070290001560000002500000
071999061071390000080000003800000
071999061071390000140000004100000
071999061071390001210000016300000
071999061071390001520000002900000
071999061071990001230000002400000
071999061074590001250000004300000
071999061071690001350000000600000
071999061071690001440000001200000
071999061071690001530000002200000
071999061071990000080000005900000
071999061074590000430000057700000
071999061079990000010049627400000
071999061079990000230000273300000
071999061079990001360000010000000
071999061080590001210000016800000
071999061080590001540000004400000
071999061080990001500000007200000
071999061082490001560000035000000
071999061083490000230000046500000
071999061083490001500000001100000
071999061083490001560000005100000
071999061083790001450000011700000
071999061084090000070000009800000
071999061084090001570000014500000
071999061084290001230000003100000
071999061084790000070000035900000
071999061084790000150000008900000
071999061084790001270000018900000
071999061084790001530000009500000
071999061089990001360000076200000
071999061089990001560000229200000
071999061090890000150000147700000
071999061090890001310000080400000
071999061091790001200000007700000
071999061091790001570000058900000
071999061092590001580000005800000
071999061094390001560000011300000
071999061094390002180000293500000
071999061099990000070001760700000
071999061100690000070000009600000
071999061101090000140000003300000
071999061101090001200000005100000
071999061101090001210000015200000
071999061101090001230000005100000
071999061101090001310000005900000
071999061109990000070000020800000
071999061111590000040000023500000
071999061111590000080013829500000
071999061112790000140000005000000
071999061112790001290000004400000
071999061113290020950000064300000
071999061113690001160000015700000
071999061113690001270000025300000
071999061113690001290000012700000
071999061119990001270000068100000
071999061119990001520000036100000
071999061119990001530000042400000
071999061122890000320000259600000
071999061122890001230000150600000
071999061122890001300000053700000
071999061070290001160000004000000
071999061071390000380000051800000
071999061071390001450000005600000
071999061071690000150000001200000
071999061071690001160000001400000
071999061071990000190003926000000
071999061071990001310000002600000
071999061079990001480000059500000
071999061080590000230000041800000
071999061080590001200000014000000
071999061080590001570000011000000
071999061080990000040000009800000
071999061080990000190006325900000
071999061080990001230000028800000
071999061080990001510000155800000
071999061080990001570000028100000
071999061080990001580000005700000
071999061083490001510000054400000
071999061083490001540000003500000
071999061083790000140000009700000
071999061083790001200000018700000
071999061083790001290000202500000
071999061083790001480000011000000
071999061083790001580000018400000
071999061084090001480000005700000
071999061084290001280000005000000
071999061084290001500000001200000
071999061084290001510000028100000
071999061084290001540000003000000
071999061084790001440000007300000
071999061084790001580000012800000
071999061084990000140000004800000
071999061089990000040000055500000
071999061089990000070000163000000
071999061089990000080000142500000
071999061089990001160000092800000
071999061089990001250002867100000
071999061089990001270000059500000
071999061089990001290000514100000
071999061091790001350000007100000
071999061092590000140000006500000
071999061092590001210000013300000
071999061094390001250000012400000
071999061094390001360000012600000
071999061099990000010048647100000
071999061099990001540000130700000
071999061100690001440000004700000
071999061101090001440000004200000
071999061101090001510000089600000
071999061112790000430000010800000
071999061112790001160000007000000
071999061112790001520000004400000
071999061113290000040000008500000
071999061113290000320000007800000
071999061071390001480000011100000
071999061071390001580000008100000
071999061071690000010006595800000
071999061071690000070000003700000
071999061071690001490000003200000
071999061071990001300000000800000
071999061071990001350000001400000
071999061071990001490000007000000
071999061071990001500000001300000
071999061071990001540000002500000
071999061074590000080000007800000
071999061079990001250000012900000
071999061079990001290000018700000
071999061080590000070000007800000
071999061080590001440000002500000
071999061080590001490000005700000
071999061080990000320000016700000
071999061080990001350000005000000
071999061080990001360000033300000
071999061082490001540000014800000
071999061083490000010005644800000
071999061083490000040000003700000
071999061083490000080000005100000
071999061083490000430000006300000
071999061083490001160000005500000
071999061083490001530000003800000
071999061083790000040000009200000
071999061083790001160000011800000
071999061083790001210000016800000
071999061084290001210000003200000
071999061084290001490000004300000
071999061084790001480000019500000
071999061084790001520000007400000
071999061084790001540000019100000
071999061084990001160000003200000
071999061090890001440000084500000
071999061090890001500000058000000
071999061091790000140000010200000
071999061091790000320000021700000
071999061091790000430000013800000
071999061091790001410000946400000
071999061091790001440000017600000
071999061091790001480000016400000
071999061091790001580000011200000
071999061091790002180000355900000
071999061094390000070000156600000
071999061094390001200000010900000
071999061094390001210000019800000
071999061094390001290000010300000
071999061099990001410015647100000
071999061100690000010016367800000
071999061100690001350000004800000
071999061101090000010011051800000
071999061101090000150000566100000
071999061071690000190005993300000
071999061071690001310000001500000
071999061071690001580000001400000
071999061071990000230000043800000
071999061071990000320000006800000
071999061071990001290000002300000
071999061071990001450000002800000
071999061071990001580000004500000
071999061074590001160000024200000
071999061074590001230000003600000
071999061079990000380000202200000
071999061079990001200000089600000
071999061080590000430000026000000
071999061080590001250000003900000
071999061080590001360000003800000
071999061080990000070000060800000
071999061080990000140000008300000
071999061080990001450000014100000
071999061080990001560000009600000
071999061083790000010011535600000
071999061083790000380000033400000
071999061083790001440000005600000
071999061083790001500000003800000
071999061084090001270000003300000
071999061084090001450000005100000
071999061084290000010002836700000
071999061084290000320000003000000
071999061084790000080000025900000
071999061084790000380000123200000
071999061084790001570000036200000
071999061084990001290000018100000
071999061084990001480000006600000
071999061089990000230000665000000
071999061089990001350000033000000
071999061089990001520000035100000
071999061090890000140000055000000
071999061090890000380000290600000
071999061091790001160000013200000
071999061091790001280000036300000
071999061091790001360000016100000
071999061092590000080000014500000
071999061092590001270000087300000
071999061092590001490000007700000
071999061092590001530000006900000
071999061092590001590005088700000
071999061094390001280000031900000
071999061094390001350000008000000
071999061094390001570000053300000
071999061094390001590008776600000
071999061099990001270001175400000
071999061099990001440000126500000
071999061101090001250000003800000
071999061101090001500000171700000
071999061101090001530000005100000
071999061040790001580000030900000
071999061049990001450000018600000
071999061049990001490000012400000
071999061049990001500000007700000
071999061053590000230000413500000
071999061053590001160000017400000
071999061053890000140000010800000
071999061053890001560000009600000
071999061059990000320000071400000
071999061059990001490000029000000
071999061059990001570000095000000
071999061063990000430000045800000
071999061063990001230000041000000
071999061063990015580001566000000
071999061069990001230000041000000
071999061069990001570000057700000
071999061070290000040000006500000
071999061071390000040000003900000
071999061071390001360000003000000
071999061071390001530000004200000
071999061071690000080000002000000
071999061071690001520000000700000
071999061071990001270000001800000
071999061071990001480000008300000
071999061071990001530000003100000
071999061074590001520000003300000
071999061079990000080000023600000
071999061079990000320000044100000
071999061079990001190004265100000
071999061079990001490000035500000
071999061079990001540000035500000
071999061080590000010006464700000
071999061080590000190002955300000
071999061080590001480000018100000
071999061080990001520000007500000
071999061080990001530000011300000
071999061082490001350000005500000
071999061083790001350000004700000
071999061084090000140000003200000
071999061084090000190002770700000
071999061084090001230000005000000
071999061084090001360000001400000
071999061084290001250000002600000
071999061084290001440000001300000
071999061084790000230000161500000
071999061084790000430000015000000
071999061084790001210000031200000
071999061084790001490000020400000
071999061084990000080000009900000
071999061084990001280000007200000
071999061084990001440000001800000
071999061089990000320000085800000
071999061089990001480000095000000
071999061090890001250000074800000
071999061074590000070000010100000
071999061074590000140000004800000
071999061074590001310000004200000
071999061074590001480000022900000
071999061080590000080000004000000
071999061080590001530000003000000
071999061080990000150000007000000
071999061080990001280000026800000
071999061080990001300000009700000
071999061080990001480000013000000
071999061080990001540000012900000
071999061082490001200000005600000
071999061082490001290000024200000
071999061082490001500000002500000
071999061083490001210000008900000
071999061083490001270000004100000
071999061083490001480000006000000
071999061083490001580000003800000
071999061083790000190006834800000
071999061083790001280000018300000
071999061083790001310000006500000
071999061083790001490000011800000
071999061083790001540000007300000
071999061084090000320000005200000
071999061084090001440000002200000
071999061084290000190001628600000
071999061084290000230000021600000
071999061084290001300000002400000
071999061084290001350000001000000
071999061084290001530000001900000
071999061084790001230000014300000
071999061084790001450000013900000
071999061084990001500000003400000
071999061089990001570000163600000
071999061090890001280000345000000
071999061090890001540000081500000
071999061091790000070000215000000
071999061091790001500000015400000
071999061092590000150000007000000
071999061092590000320000012900000
071999061094390001310000011400000
071999061094390001450000017300000
071999061099990000150000188600000
071999061099990000430000122200000
071999061099990001160000129000000
071999061099990001260017437400000
071999061099990001580000085900000
071999061100690001230000007500000
071999061100690001360000005100000
071999061100690001450000007200000
071999061101090000040000007000000
071999061101090000190011708800000
071999061101090001580000005000000
071999061109990000080000012700000
071999061082490000380000054100000
071999061082490001270000007000000
071999061083490000190004087900000
071999061083490001250000007600000
071999061083490001350000002700000
071999061083790001250000012900000
071999061084090001160000004100000
071999061084090001580000002900000
071999061084290000140000001200000
071999061084290001200000009200000
071999061084290001270000002000000
071999061084790001200000095800000
071999061084790001500000007100000
071999061084990000040000004500000
071999061084990001270000003400000
071999061089990000010076850400000
071999061089990001490000097300000
071999061089990001500000031200000
071999061089990001510000810300000
071999061089990001580000055000000
071999061090890001160000091200000
071999061090890001450000134400000
071999061090890001490000116000000
071999061090890001590078613600000
071999061091790001270000153200000
071999061091790004870000328100000
071999061092590000430000009700000
071999061094390000320000013700000
071999061094390001440000012600000
071999061094390001540000015900000
071999061099990001570000631600000
071999061100690001270000006700000
071999061100690001480000014300000
071999061100690001520000003000000
071999061101090001270000006800000
071999061101090002140001116800000
071999061109990000010027419600000
071999061109990000320000019100000
071999061109990001310000010900000
071999061111590000320000039500000
071999061112790000070000017300000
071999061112790000450000171200000
071999061112790001480000004500000
071999061112790020950000077600000
071999061113290001280000017400000
071999061113290001570000021200000
071999061113290001580000003500000
071999061113690000210000139400000
071999061113690001450000017600000
071999061113690001520000013100000
071999061113690001530000015600000
071999061113690001560000014100000
071999061119990001450000054700000
071999061119990001560000040900000
071999061069990001520000005300000
071999061070290001510000075300000
071999061071390000150000004900000
071999061071390001350000002500000
071999061071690000140000001400000
071999061071690000320000005000000
071999061071690001200000019400000
071999061071690001230000000700000
071999061071690001540000001500000
071999061071990001440000002200000
071999061071990001520000001200000
071999061071990001570000008700000
071999061074590000380000044500000
071999061074590001350000002700000
071999061079990000150000025400000
071999061079990001270000015500000
071999061079990001440000012900000
071999061079990001500000009400000
071999061079990001570000071300000
071999061080590001160000014400000
071999061080990000080000037200000
071999061080990001440000005500000
071999061080990003040001199700000
071999061082490000070000015500000
071999061082490000320000011500000
071999061082490001300000006500000
071999061082490001450000008100000
071999061082490001480000012900000
071999061083490001310000003300000
071999061083790000430000036400000
071999061083790001230000010800000
071999061083790001530000005300000
071999061083790003040000821900000
071999061084090000430000028000000
071999061084090001210000007100000
071999061084090001280000010000000
071999061084090001290000014700000
071999061084090001510000081600000
071999061084290000040000002500000
071999061084290000380000017100000
071999061084290001160000003600000
071999061084290001480000002200000
071999061084990001200000007000000
071999061084990001450000004600000
071999061084990001520000003200000
071999061089990000150000048100000
071999061089990001210000124700000
071999061091790001250000011100000
071999061092590000010003266400000
071999061092590001350000004300000
071999061092590004870000136300000
071999061094390000140000011800000
071999061094390004870000367500000
071999061099990001250000106400000
071999061079990000430000086900000
071999061079990001160000039800000
071999061080590001310000002300000
071999061080590001510000046800000
071999061082490001160000015100000
071999061083490001230000003500000
071999061083490001520000002900000
071999061083790001510000080400000
071999061083790001520000005500000
071999061084090000150000003800000
071999061084090000230000051900000
071999061084090001500000002700000
071999061084290001560000002200000
071999061084990000150000003500000
071999061084990001210000010200000
071999061089990000140000048000000
071999061089990001230000079400000
071999061089990001300000044400000
071999061090890001200000060400000
071999061090890001530000070100000
071999061092590001160000008200000
071999061094390001300000011900000
071999061099990000080000353000000
071999061099990000320000185800000
071999061099990000380000438600000
071999061099990001310000116700000
071999061099990001500000089600000
071999061100690000040000006900000
071999061100690001540000007300000
071999061101090001350000003800000
071999061101090001360000004000000
071999061109990001570000053800000
071999061111590000150000017400000
071999061111590000430000037300000
071999061111590001450000024400000
071999061111590020950000236100000
071999061112790000150000003500000
071999061112790001200000005600000
071999061112790001500000003900000
071999061113290000010012012100000
071999061113290000380000018100000
071999061113290001300000004800000
071999061113690000190011258300000
071999061113690001200000014700000
071999061113690001250000014400000
071999061113690001490000019300000
071999061113690001570000053100000
071999061119990000150000036800000
071999061119990001300000043100000
071999061119990020950000557400000
071999061122890001490000431000000
071999061122890001520000042500000
071999061133190001530000010300000
071999061133190001580000006600000
071999061053590000430000018300000
071999061053590001350000009900000
071999061053590001510000311000000
071999061053890000070000044200000
071999061053890000080000022700000
071999061053890000430000011900000
071999061053890001270000011100000
071999061053890001360000006400000
071999061053890001500000007200000
071999061059990001480000023200000
071999061063990001300000009600000
071999061063990001310000009000000
071999061063990001360000008200000
071999061063990001440000009000000
071999061063990001510000174600000
071999061069990000040000013200000
071999061069990001160000018000000
071999061070290000150000003300000
071999061070290001310000004000000
071999061070290001540000014700000
071999061071690000040000002000000
071999061071990001210000007800000
071999061071990001280000007900000
071999061074590001300000004000000
071999061074590001490000011900000
071999061074590001500000003600000
071999061074590001530000005200000
071999061079990001350000009400000
071999061080590000040000002000000
071999061080590001270000004600000
071999061080590001280000008300000
071999061082490001530000007100000
071999061082490003040001204000000
071999061083490001360000001600000
071999061083490003040000538400000
071999061083790001300000007900000
071999061083790001560000067000000
071999061084090000080000003600000
071999061084790000040000013000000
071999061084790000140000008200000
071999061084790001280000036700000
071999061084790001310000010000000
071999061084990000320000005300000
071999061084990001530000003900000
071999061084990001560000086000000
071999061084990001570000011000000
071999061089990001440000035800000
071999061089990001540000073200000
071999061090890001260011204600000
071999061090890001350000049200000
071999061090890001560000079600000
071999061090890001570000481600000
071999061090890001580000060900000
071999061090890002180002818700000
071999061074590000230000083200000
071999061079990001530000018200000
071999061080590000150000003900000
071999061080590001230000002400000
071999061080990001200000507000000
071999061080990001250000012600000
071999061080990001490000027000000
071999061082490000010014194200000
071999061082490000080000036000000
071999061082490001310000005500000
071999061082490001510000108500000
071999061083490000320000006500000
071999061084090000040000002900000
071999061084790001160000018400000
071999061084790001350000006800000
071999061084990000430000010800000
071999061084990001490000006100000
071999061089990000430000267900000
071999061089990001200000710400000
071999061089990001280000157800000
071999061090890000040054828200000
071999061091790001530000012600000
071999061091790001560000014000000
071999061092590000070000129600000
071999061092590001540000010000000
071999061092590001560000006300000
071999061094390000040010088900000
071999061094390000080000024300000
071999061099990001450000186800000
071999061099990001490000154000000
071999061100690001200000003600000
071999061101090001280000017400000
071999061101090001490000007500000
071999061101090001560000005900000
071999061109990001160000015800000
071999061109990001300000513100000
071999061109990001440000008900000
071999061109990001450000015900000
071999061109990001560000010700000
071999061109990001580000010600000
071999061113290001450000006000000
071999061113690020950000179400000
071999061119990000450001733300000
071999061119990001350000057500000
071999061122890001160000139800000
071999061133190001210000010600000
071999061133190001270000011700000
071999061133190001450000020100000
071999061139990001500000007200000
071999061139990001520000006600000
071999061139990001560000007900000
071999061140190001530000004300000
071999061142090000010005755100000
071999061142090001520000003900000
071999061071990001250000001400000
071999061074590001280000011100000
071999061074590001450000007000000
071999061074590001580000018900000
071999061079990000070000038600000
071999061079990000140000013000000
071999061079990001310000017500000
071999061079990001560000012700000
071999061080590000140000002000000
071999061080590001450000004200000
071999061080990000010010305700000
071999061080990001290000046800000
071999061082490000040000007900000
071999061082490000230000098600000
071999061082490001360000021700000
071999061082490001520000003600000
071999061082490001570000023600000
071999061083490001300000003100000
071999061083490001450000003800000
071999061083490001570000013700000
071999061083790000080000019600000
071999061084090001300000003000000
071999061084090001540000004100000
071999061084290000070000004600000
071999061084290001360000000700000
071999061084790000010014197400000
071999061084790001290000123200000
071999061084790001510000208700000
071999061084790001560000017200000
071999061084990000010006805700000
071999061084990001300000002800000
071999061084990001580000003200000
071999061089990000190049132700000
071999061090890001270000843200000
071999061090890004870005065800000
071999061091790000010003380000000
071999061091790000080000022200000
071999061091790001290000013700000
071999061091790001520000009700000
071999061092590002180000185900000
071999061094390001520000010900000
071999061099990001290000100800000
071999061099990001360000116900000
071999061100690000150000161400000
071999061100690001160000008300000
071999061100690001210000023400000
071999061100690001250000004800000
071999061100690001300000378500000
071999061101090000070000011200000
071999061101090000430000009600000
071999061101090001570000021200000
071999061109990000380000047000000
071999061109990001210000038600000
071999061109990001230000012600000
071999061082490000150000006900000
071999061082490001250002784300000
071999061083490000070000008800000
071999061083490000150000003600000
071999061083490001280000010900000
071999061083490001290000056000000
071999061083790000150000009100000
071999061083790000320000012100000
071999061084090001490000004000000
071999061084090001560000003100000
071999061084290001520000001800000
071999061084290003040000225100000
071999061084790001300000006800000
071999061084790003040001821500000
071999061084990001230000003700000
071999061084990001310000002800000
071999061084990001350000003900000
071999061089990001310000041100000
071999061090890000320000137500000
071999061090890001210000140700000
071999061090890001290000068900000
071999061090890001300000059800000
071999061090890001360000073000000
071999061091790000380000054000000
071999061092590001250000008100000
071999061092590001290000007900000
071999061092590001310000010800000
071999061092590001440000011800000
071999061092590001570000037800000
071999061094390001500000010700000
071999061101090000230000073200000
071999061109990000150000727500000
071999061111590000010027700300000
071999061111590001210000031900000
071999061111590001270000026500000
071999061111590001500000016700000
071999061112790000010012488600000
071999061112790001570000020700000
071999061113290000080003963400000
071999061113290001230000007500000
071999061113290001270000007700000
071999061113290001360000026200000
071999061113690000140000013100000
071999061113690001310000017300000
071999061119990000190036023500000
071999061119990001290000042500000
071999061119990001490000063100000
071999061122890000430000240400000
071999061122890001210000261000000
071999061122890001530000072200000
071999061122890001560000078000000
071999061122890001570000310200000
071999061129990000230002272300000
071999061129990001250000093000000
071999061059990000190020062800000
071999061059990001540000021600000
071999061063990001350000008800000
071999061063990001500000006300000
071999061069990000010017015200000
071999061069990001270000009000000
071999061069990001440000009000000
071999061069990001560000006900000
071999061069990015580001566000000
071999061070290000190009972400000
071999061070290000430000007500000
071999061071390001490000007100000
071999061071690001270000001200000
071999061071690001280000006700000
071999061071690001570000006900000
071999061071990000040000003100000
071999061071990000150000005000000
071999061071990000430000002300000
071999061071990001560000001700000
071999061074590001360000002500000
071999061079990000190047628000000
071999061079990001450000022500000
071999061082490001210000014800000
071999061082490001490000009900000
071999061083490000380000023300000
071999061083490001440000003700000
071999061083790000230000086300000
071999061083790001270000009300000
071999061083790001360000004500000
071999061084090000380000067400000
071999061084090001310000002200000
071999061084090001520000001700000
071999061084290000150000001400000
071999061084290000430000004000000
071999061084290001310000001600000
071999061084790001250000023000000
071999061084990000230000043300000
071999061084990001360000002000000
071999061084990001510000046000000
071999061084990003040000442700000
071999061089990000380000614500000
071999061089990001530000050400000
071999061089990003040007308000000
071999061090890000080000292000000
071999061090890000430000082300000
071999061090890001410013150500000
071999061091790001450000019700000
071999061091790001590007252200000
071999061092590000040007609500000
071999061092590001280000024800000
071999061092590001500000005500000
071999061094390000010005773600000
071999061094390001270000091700000
071999061094390001480000026100000
071999061074590001440000003000000
071999061074590001570000021700000
071999061079990001230000014200000
071999061080590001520000001500000
071999061080990000380000055600000
071999061080990001160000016700000
071999061080990001210000015700000
071999061080990001310000006900000
071999061082490000140000008600000
071999061082490000430000025100000
071999061082490001230000007800000
071999061083490001200000031600000
071999061083790000070000012700000
071999061084090000010004865600000
071999061084090001530000004600000
071999061084090003040000475300000
071999061084290000080000001200000
071999061084290001290000011100000
071999061084290001450000002500000
071999061084290001570000006500000
071999061084790000190010444900000
071999061084790001360000007200000
071999061084990000070000007100000
071999061090890001480000123600000
071999061090890001520000047700000
071999061091790000040011775500000
071999061092590000380000041400000
071999061092590001260001631200000
071999061092590001480000008400000
071999061094390001260002243100000
071999061094390001580000008000000
071999061099990001520000075600000
071999061099990001560000111200000
071999061100690000140000005400000
071999061101090001290000004100000
071999061101090001480000010900000
071999061109990000230000164900000
071999061109990001530000011200000
071999061109990001540000012200000
071999061111590001440000014200000
071999061112790001230000005900000
071999061113290001520000003800000
071999061113290001530000005100000
071999061113690000450000656000000
071999061122890000070000356900000
071999061122890001360000080800000
071999061129990000010127858300000
071999061129990000380000786100000
071999061129990001490000431000000
071999061133190001480000007200000
071999061139990000140000004400000
071999061139990000150000010000000
071999061139990001160000015100000
071999061140190000320000013800000
071999061122890001480000202800000
071999061122890001540000084600000
071999061129990001580000054200000
071999061133190001160000015100000
071999061139990001360000013300000
071999061139990014750001703000000
071999061140190000380000013300000
071999061140190001250000006000000
071999061140190001490000007200000
071999061142090000380000015800000
071999061142090001300000004900000
071999061144890000140000009900000
071999061144890000320000040400000
071999061144890001290000007700000
071999061144890001310000010300000
071999061144890014750022458800000
071999061149990001250000025900000
071999061149990001300000015300000
071999061149990001530000024800000
071999061153090000040000044600000
071999061153090000070000028900000
071999061153090000320000015800000
071999061153090001350000009800000
071999061169990000040000006700000
071999061171290000150000004800000
071999061171290001520000013800000
071999061174690000140000017500000
071999061174690000260007089500000
071999061174690001290000022800000
071999061174690001510000915600000
071999061179990000140000036700000
071999061179990001290000046600000
071999061179990001300000035700000
071999061185190000430000002800000
071999061185190001200000001900000
071999061185190001350000003300000
071999061185190001480000004100000
071999061185190001490000005500000
071999061185190001530000001700000
071999061185190020760000114400000
071999061189990001160000002700000
071999061195290001230000002700000
071999061199990000190000905400000
071999061199990001280000003600000
071999061999990001160000839400000
071999061999990001530000566400000
071999061113290001290000006000000
071999061113290001500000003300000
071999061119990001200000043900000
071999061119990001210000088200000
071999061119990001440000032500000
071999061122890000010127858300000
071999061129990001200000129100000
071999061129990001440000079000000
071999061129990001480000202800000
071999061139990000320000028000000
071999061142090000070010440700000
071999061142090001530000007500000
071999061144890001250000015400000
071999061149990000040000032500000
071999061149990001290000017000000
071999061149990001490000033900000
071999061153090000230000268000000
071999061159990001210000030700000
071999061159990001250000009200000
071999061159990001570000043500000
071999061162690000150000004400000
071999061162690001230000020200000
071999061162690001300000003500000
071999061162690001450000007100000
071999061162690001560000004200000
071999061162690001580000004700000
071999061170390001470001469300000
071999061170390001480000072000000
071999061171290000320000009900000
071999061171290001530000008300000
071999061179990000220001761100000
071999061179990000430000115400000
071999061179990001160000068500000
071999061179990001510001711800000
071999061179990001540000086900000
071999061185190000070000002200000
071999061185190000230000020700000
071999061185190001270000003300000
071999061185190001580000001200000
071999061189990001270000003300000
071999061195290000190000905400000
071999061195290000320000002900000
071999061195290001520000001200000
071999061199990000080000003300000
071999061199990001160000002600000
071999061199990001500000002300000
071999061999990001350002240000000
071999061109990000140000008700000
071999061109990001270000013500000
071999061109990001500000301700000
071999061111590000140000016100000
071999061111590001290000019400000
071999061112790000320000009900000
071999061112790000380000044100000
071999061112790001250000004100000
071999061113290000140000004800000
071999061113290001480000007300000
071999061113690000380000068400000
071999061113690001580000014000000
071999061119990000140000039000000
071999061119990000380000222500000
071999061119990001250000039500000
071999061122890018250020837700000
071999061129990000040000126100000
071999061129990000080000327400000
071999061129990001270000046500000
071999061129990001300000053700000
071999061133190000190007400400000
071999061133190001540000024100000
071999061139990000010012568800000
071999061139990000070004514600000
071999061140190001310000005700000
071999061140190001450000016900000
071999061142090000180000151900000
071999061142090001200000006100000
071999061142090001450000013500000
071999061144890000010012230600000
071999061144890001450000022500000
071999061153090000080000015100000
071999061153090001230000017800000
071999061153090001450000019300000
071999061153090001490000026800000
071999061159990001360000008100000
071999061159990001440000011500000
071999061159990001450000019300000
071999061162690000190005719200000
071999061162690000230000134300000
071999061162690001570000014900000
071999061169990000140000003100000
071999061169990000320000007000000
071999061169990001310000004500000
071999061169990001540000006400000
071999061169990001560000004200000
071999061169990001580000004700000
071999061170390000190027676800000
071999061170390001200000017800000
071999061170390001250000018400000
071999061170390001280000056800000
071999061170390001530000022900000
071999061171290000070000043500000
071999061171290000220000147800000
071999061109990000190029976800000
071999061111590000190015066700000
071999061111590001250000016300000
071999061111590001310000020600000
071999061111590001520000014800000
071999061111590001530000016900000
071999061112790000210000046500000
071999061112790001210000012100000
071999061112790001300000006700000
071999061113290000190004937100000
071999061113690000070000065700000
071999061113690000320000045600000
071999061113690001210000033800000
071999061113690001230000017800000
071999061113690001440000010900000
071999061119990000010076086300000
071999061119990000070000159800000
071999061122890001500000069400000
071999061129990001160000139800000
071999061129990001280000419900000
071999061133190000010012568800000
071999061133190001250000011000000
071999061139990000380000095600000
071999061139990001270000011700000
071999061139990001350000005900000
071999061139990001440000005200000
071999061139990001450000020100000
071999061140190000010004883100000
071999061140190000070002078900000
071999061140190000180000068500000
071999061140190001480000002700000
071999061142090001540000003900000
071999061149990000190022618700000
071999061149990001580000022000000
071999061159990000140000010300000
071999061169990001350000002100000
071999061170390000080000023300000
071999061170390000150000019900000
071999061170390001580000015900000
071999061171290000190009547200000
071999061171290000430000006900000
071999061171290001250000005300000
071999061171290001280000025600000
071999061171290001440000004100000
071999061174690001280000174100000
071999061174690001470003169500000
071999061174690001570000127800000
071999061179990001350000029900000
071999061179990001500000040800000
071999061185190001160000002700000
071999061185190001520000001300000
071999061189990001360000000900000
071999061189990001530000001700000
071999061189990001570000004200000
071999061091790001540000023300000
071999061092590001410000503100000
071999061092590001450000015400000
071999061099990001210000191600000
071999061099990001280000438000000
071999061099990001300000095800000
071999061099990001350000068600000
071999061100690000080000005800000
071999061100690000190018268000000
071999061100690000380000027200000
071999061100690001580000005600000
071999061100690002140002813300000
071999061101090000380000019800000
071999061101090001160000007500000
071999061101090001520000004000000
071999061109990000430000017200000
071999061112790001440000003700000
071999061113290000210000035700000
071999061113290000450000130500000
071999061113290001540000009800000
071999061113690000040000019400000
071999061113690000150000012800000
071999061119990001160000065100000
071999061119990001230000052800000
071999061119990001360000057500000
071999061119990001540000066700000
071999061119990001570000159800000
071999061122890000380000786100000
071999061129990000150000254400000
071999061129990000320000259600000
071999061129990001210000261000000
071999061133190001310000011100000
071999061133190001570000034500000
071999061140190000150000014800000
071999061140190001160000003700000
071999061142090000040000009500000
071999061142090001310000005200000
071999061142090001360000023900000
071999061142090001490000009800000
071999061142090014750012745500000
071999061149990000080000084700000
071999061149990001350000016200000
071999061153090001300000009300000
071999061153090001560000008600000
071999061153090001570000043500000
071999061153090002420004044100000
071999061159990000230000268000000
071999061159990000320000015800000
071999061159990001280000061100000
071999061159990001490000026800000
071999061162690001540000006400000
071999061169990000070000036400000
071999061169990001200000004400000
071999061170390001600004136500000
071999061109990001280000034200000
071999061109990001350000008600000
071999061111590001580000014900000
071999061112790000080004230800000
071999061112790001350000004600000
071999061112790001540000009500000
071999061112790001560000004700000
071999061113290001160000006300000
071999061113290001350000005400000
071999061113290001490000007500000
071999061113690001480000016000000
071999061113690001540000016300000
071999061119990000080033519300000
071999061119990000320000102800000
071999061119990001480000046300000
071999061122890000230002272300000
071999061122890001350000042700000
071999061133190001350000005900000
071999061139990001200000009300000
071999061140190000430000004500000
071999061140190001280000032600000
071999061140190001360000003500000
071999061142090000430000005600000
071999061142090001160000006500000
071999061142090001290000004300000
071999061144890000070010060000000
071999061144890000180000215400000
071999061144890001570000042100000
071999061149990000280000268100000
071999061149990000380000048700000
071999061149990001480000013300000
071999061149990001570000081700000
071999061153090001200000010500000
071999061153090001210000030700000
071999061153090001280000061100000
071999061159990000010032560200000
071999061159990000070000028900000
071999061159990000380000117800000
071999061162690000380000027100000
071999061162690001280000036900000
071999061162690001530000003500000
071999061169990001480000005600000
071999061169990001570000014900000
071999061170390000010036049000000
071999061171290001260000068600000
071999061171290001470000820100000
071999061171290001510000165000000
071999061174690000430000028800000
071999061174690001530000025800000
071999061179990000190080729900000
071999061185190000190000876500000
071999061185190000320000004100000
071999061185190001210000007400000
071999061185190001310000004500000
071999061129990000070000356900000
071999061129990001560000078000000
071999061129990001570000310200000
071999061133190000040000048700000
071999061133190000080000022500000
071999061133190000230000220000000
071999061133190001490000027600000
071999061133190001500000007200000
071999061139990001480000007200000
071999061140190001300000002700000
071999061140190001570000014300000
071999061142090001440000003700000
071999061142090001500000004700000
071999061144890001280000200000000
071999061149990001160000026200000
071999061153090000010032560200000
071999061153090000140000010300000
071999061153090001270000018900000
071999061153090001480000028700000
071999061159990000150000011000000
071999061162690001310000004500000
071999061162690001350000002100000
071999061162690001480000005600000
071999061169990001130000617200000
071999061169990001300000003500000
071999061169990001360000002300000
071999061171290001160000009200000
071999061174690000150000031500000
071999061174690001210000070000000
071999061174690001520000390200000
071999061179990001250000042100000
071999061179990001270000093700000
071999061185190000010001872700000
071999061185190001250000001400000
071999061189990001440000006700000
071999061195290000380000006500000
071999061195290001270000002900000
071999061199990000010001209500000
071999061199990001290000001400000
071999061199990001310000006300000
071999061099990001480000174500000
071999061099990001590099731100000
071999061100690001500000130000000
071999061100690001510000096300000
071999061101090000320000008700000
071999061109990001200000008700000
071999061109990001480000025200000
071999061111590000210000170400000
071999061111590000380000091900000
071999061111590001360000016100000
071999061111590001570000064800000
071999061112790000190004761400000
071999061112790001270000008600000
071999061112790001450000006700000
071999061113290000150000003100000
071999061113690001280000082200000
071999061119990000040000059000000
071999061119990000430000105900000
071999061119990001310000049600000
071999061122890000140000056400000
071999061122890001200000129100000
071999061122890001280000419900000
071999061129990000190095472100000
071999061129990001230000150600000
071999061129990001520000042500000
071999061129990001530000072200000
071999061129990018250020837700000
071999061133190001510000266700000
071999061140190001520000002100000
071999061140190001540000003900000
071999061142090000720001150700000
071999061142090001480000003400000
071999061142090001580000005700000
071999061144890000280000124400000
071999061144890001300000007700000
071999061149990000010022868800000
071999061149990001310000021200000
071999061153090001310000013000000
071999061153090001540000014300000
071999061159990000040000044600000
071999061162690000070000036400000
071999061162690001490000008900000
071999061169990001440000003200000
071999061169990001450000007100000
071999061174690001300000016800000
071999061179990001210000147700000
071999061179990001260000305700000
071999061179990001280000256500000
071999061179990001490000088600000
071999061185190001230000002300000
071999061185190001360000000900000
071999061185190001560000001000000
071999061189990000320000004100000
071999061189990001520000001300000
071999061133190014750001703000000
071999061139990000080000022500000
071999061139990001290000007000000
071999061139990001310000011100000
071999061140190000280000048400000
071999061140190001270000002800000
071999061140190001350000003300000
071999061142090001210000005400000
071999061142090001250000004500000
071999061142090001270000005100000
071999061142090001280000039400000
071999061144890000080000047100000
071999061144890000150000017400000
071999061149990000070022579600000
071999061149990000140000016500000
071999061159990001350000009800000
071999061159990001560000008600000
071999061159990002420004044100000
071999061162690001520000003600000
071999061169990000080000006700000
071999061169990000230000134300000
071999061170390000220000627500000
071999061170390001160000027400000
071999061170390001350000012300000
071999061170390001500000018100000
071999061171290001540000006900000
071999061171290001570000025600000
071999061174690000080000040800000
071999061174690000320000049200000
071999061174690001560000018200000
071999061185190001570000004200000
071999061189990000080000003500000
071999061189990000380000007500000
071999061189990001250000001400000
071999061189990001500000001500000
071999061195290001570000004100000
071999061199990000380000006500000
071999061199990001360000000900000
071999061199990001570000004100000
071999061091790000150000018000000
071999061092590001200000004900000
071999061094390000150000015900000
071999061100690000230000091700000
071999061100690001280000016800000
071999061100690001490000011400000
071999061100690001560000004800000
071999061101090000080000006900000
071999061101090001300000134600000
071999061109990001520000007000000
071999061111590001350000013900000
071999061111590001560000016700000
071999061112790001280000013500000
071999061112790001490000007200000
071999061112790001530000004800000
071999061113290001310000005800000
071999061119990001500000032400000
071999061119990001580000036300000
071999061122890000080000327400000
071999061122890000190095472100000
071999061122890001270000046500000
071999061122890001310000081400000
071999061122890001440000079000000
071999061122890001510002114100000
071999061129990000430000240400000
071999061129990001360000080800000
071999061129990001500000069400000
071999061129990001540000084600000
071999061133190000150000010000000
071999061133190001280000178100000
071999061139990000040000048700000
071999061139990001210000010600000
071999061139990001510000266700000
071999061140190000040000006300000
071999061142090000080000024800000
071999061142090001560000005500000
071999061144890000380000019600000
071999061144890001210000017500000
071999061144890001350000010000000
071999061144890001440000006200000
071999061144890001480000007200000
071999061144890001500000009900000
071999061144890001530000013000000
071999061153090000190022274300000
071999061153090001510000286700000
071999061159990001230000017800000
071999061162690000080000006700000
071999061162690001290000004700000
071999061162690001500000003300000
071999061162690001510000112600000
071999061170390000140000015700000
071999061170390001440000018500000
071999061170390001490000028200000
071999061170390001520000054800000
071999061144890000430000009900000
071999061144890001490000016900000
071999061144890001580000011300000
071999061149990000720004561700000
071999061149990001270000020900000
071999061149990001450000052900000
071999061153090001250000009200000
071999061159990001520000008600000
071999061162690001250000002000000
071999061162690001440000003200000
071999061169990000190005719200000
071999061169990001160000009500000
071999061169990001290000004700000
071999061170390001210000061400000
071999061170390001260000096300000
071999061171290000080000008900000
071999061171290001450000007500000
071999061171290001490000013300000
071999061171290001580000003800000
071999061174690001160000031900000
071999061174690001260000140800000
071999061179990000260008978500000
071999061179990001470005458900000
071999061179990001600013078800000
071999061185190000150000002800000
071999061189990000140000001400000
071999061189990000430000002800000
071999061189990001210000007400000
071999061195290000430000003200000
071999061999990001270001754400000
071999061999990001490001248600000
071999061109990001290000009200000
071999061111590000450000775600000
071999061111590001160000036100000
071999061111590001280000066500000
071999061111590001480000018500000
071999061113690000080011495600000
071999061113690001300000013100000
071999061113690001350000033600000
071999061113690001360000011700000
071999061119990000210000392000000
071999061122890000040000126100000
071999061122890001450000128800000
071999061129990000140000056400000
071999061133190000140000004400000
071999061133190000320000028000000
071999061133190000430000013900000
071999061133190001440000005200000
071999061133190001520000006600000
071999061139990001490000027600000
071999061140190001200000004700000
071999061140190001440000004300000
071999061142090000140000003600000
071999061144890000720002761700000
071999061144890001520000008800000
071999061144890001540000009800000
071999061149990000150000045800000
071999061149990000430000020000000
071999061149990001210000026400000
071999061149990001500000019300000
071999061149990001560000023200000
071999061153090000430000358800000
071999061159990000080000015100000
071999061159990001290000010600000
071999061159990001480000028700000
071999061159990001530000013300000
071999061162690000010008319600000
071999061162690000040000006700000
071999061162690001160000009500000
071999061162690001200000004400000
071999061169990001280000036900000
071999061169990001490000008900000
071999061169990001500000003300000
071999061170390000380000135400000
071999061170390001510000631200000
071999061171290000140000003500000
071999061171290000260000911500000
071999061171290000380000025400000
071999061171290001290000005300000
071999061171290001480000013300000
071999061174690000070000237600000
071999061174690000220000985800000
071999061174690001480000050000000
071999061174690001490000047100000
071999061174690001500000016500000
071999061133190001290000007000000
071999061133190001560000007900000
071999061139990001250000011000000
071999061139990001530000010300000
071999061139990001570000034500000
071999061139990001580000006600000
071999061139990020770001613200000
071999061140190000140000003000000
071999061140190000190003147600000
071999061140190001560000006100000
071999061140190001580000005000000
071999061144890001270000013000000
071999061149990000320000070200000
071999061153090001160000018300000
071999061153090001530000013300000
071999061159990001500000008900000
071999061162690001210000008400000
071999061169990001210000008400000
071999061169990001270000003800000
071999061170390000070000103900000
071999061170390000430000079700000
071999061170390001360000014200000
071999061170390001570000120500000
071999061174690000010058725300000
071999061174690001360000017700000
071999061179990000380000259300000
071999061185190000080000003500000
071999061185190000380000007500000
071999061185190001290000002100000
071999061189990000070000002200000
071999061189990001510000025500000
071999061189990001580000001200000
071999061195290001530000002600000
071999061199990000230000013200000
071999061199990000320000002900000
071999061199990001210000005400000
071999061199990001490000004000000
071999061199990001580000001500000
071999061999990000320001241500000
071999061999990001200001326700000
071999061999990001480001079200000
071999061999990001520000807300000
071999061099990000040084302100000
071999061099990000140000083500000
071999061099990001530000100400000
071999061099990002180003654000000
071999061099990004870005897700000
071999061100690000320000010400000
071999061100690001290000005100000
071999061100690001530000006100000
071999061100690001570000032600000
071999061101090001450000008700000
071999061109990000040000013900000
071999061109990001250000008600000
071999061109990001360000009100000
071999061109990002140003930100000
071999061111590001200000017200000
071999061111590001490000029100000
071999061111590001540000031100000
071999061112790000040000007600000
071999061112790001580000003900000
071999061113290001210000010400000
071999061113290001250000004700000
071999061113290001440000003700000
071999061113690000010023885300000
071999061122890000150000254400000
071999061122890001290000092600000
071999061122890001580000054200000
071999061129990001290000092600000
071999061129990001310000081400000
071999061129990001350000042700000
071999061129990001510002114100000
071999061139990000190007400400000
071999061139990001280000178100000
071999061140190000720000649300000
071999061142090000150000013600000
071999061142090001350000002900000
071999061144890000040000016700000
071999061144890001160000016000000
071999061144890001360000008500000
071999061149990001520000014800000
071999061149990001540000017600000
071999061149990014750039280000000
071999061153090001290000010600000
071999061159990000430000358800000
071999061159990001270000018900000
071999061159990001300000009300000
071999061159990001580000014500000
071999061162690000320000007000000
071999061162690001270000003800000
071999061162690001360000002300000
071999061169990000010008319600000
071999061169990000430000006700000
071999061169990001250000002000000
071999061169990001520000003600000
071999061170390001270000038700000
071999061140190001210000003500000
071999061140190001290000005000000
071999061142090000280000095300000
071999061142090000320000016000000
071999061144890000190012592500000
071999061149990001200000023900000
071999061149990001360000035900000
071999061149990001440000014200000
071999061153090000380000117800000
071999061153090001500000008900000
071999061159990000190022274300000
071999061159990001160000018300000
071999061159990001200000010500000
071999061159990001310000013000000
071999061159990001510000286700000
071999061162690000430000006700000
071999061162690001130000617200000
071999061170390000320000044300000
071999061170390001290000018500000
071999061170390001560000018300000
071999061171290001200000005300000
071999061171290001300000004500000
071999061171290001350000005200000
071999061174690001200000024000000
071999061174690001600007917200000
071999061179990000150000056200000
071999061179990001450000080100000
071999061185190001450000002900000
071999061189990001310000004500000
071999061189990001490000005500000
071999061199990001440000006400000
071999061199990001530000002600000
071999061199990001560000002100000
071999061999990000080034907900001
071999061999990000380003891100000
071999061999990001370030087400000
071999061174690001540000052700000
071999061179990000070000385000000
071999061179990001480000135300000
071999061179990001580000036100000
071999061185190000140000001400000
071999061185190001300000000800000
071999061189990001200000001900000
071999061195290001280000003600000
071999061195290001440000006400000
071999061195290001500000002300000
071999061199990000040000006000000
071999061199990001250000002200000
071999061999990001310067709400002
071999061999990001570002618900000
071999061199990001230000002700000
071999061199990001300000001100000
071999061199990001510000024300000
071999061199990001540000001400000
071999061999990000040093768700003
071999061999990000140001529900000
071999061999990001210001394000000
071999061999990001450000867100000
071999061174690000380000098500000
071999061174690001580000016400000
071999061185190001280000019000000
071999061185190001510000025500000
071999061189990000010001872700000
071999061189990001230000002300000
071999061189990001300000000800000
071999061195290001350000001500000
071999061999990000430001600100000
071999061999990001220122156600004
071999061999990001440000875000000
071999061999990001510013883500000
071999061185190001440000006700000
071999061185190001500000001500000
071999061185190001540000002000000
071999061189990000190000876500000
071999061189990001280000019000000
071999061189990001480000004100000
071999061195290000040000006000000
071999061195290000070000001300000
071999061195290000230000013200000
071999061195290001290000001400000
071999061195290001310000006300000
071999061199990001480000004800000
071999061999990000150001571600000
071999061999990000190747782300024
071999061999990001250003360400000
071999061999990001540000805300000
071999061195290000140000002700000
071999061195290001250000002200000
071999061195290001480000004800000
071999061195290001510000024300000
071999061199990000070000001300000
071999061199990000140000002700000
071999061199990001200000001000000
071999061199990001520000001200000
071999061171290001500000006200000
071999061174690000190043505900000
071999061174690001440000018900000
071999061179990001200000047100000
071999061179990001520000458800000
071999061189990000230000020700000
071999061189990001290000002100000
071999061189990001450000002900000
071999061189990001540000002000000
071999061189990001560000001000000
071999061189990020760000114400000
071999061195290001580000001500000
071999061195290014230000108600000
071999061199990014230000108600000
071999061999990001280002890100000
071999061999990001290000995000000
071999061999990001500000723000000
071999061999990001560000697700000
071999061179990000080000073000000
071999061179990000320000103400000
071999061179990001360000035800000
071999061179990001440000041500000
071999061179990001570000273900000
071999061185190000040000002600000
071999061189990000040000002600000
071999061195290001210000005400000
071999061195290001360000000900000
071999061195290001450000001600000
071999061199990000150000001700000
071999061199990001350000001500000
071999061999990000010841099300027
071999061999990001230061396800002
071999061170390001300000014400000
071999061170390001450000032300000
071999061170390001540000027300000
071999061171290001270000013700000
071999061171290001360000003900000
071999061171290001560000007100000
071999061171290001600001025100000
071999061174690001350000012400000
071999061179990000010108047200000
071999061179990001530000057000000
071999061189990000150000002800000
071999061195290000010001209500000
071999061195290000080000003300000
071999061195290000150000001700000
071999061195290001160000002600000
071999061195290001200000001000000
071999061195290001490000004000000
071999061199990001270000002900000
071999061999990000070030692300001
071999061999990001300001004000000
071999061999990001360000732100000
071999061999990001580000725100000
071999061010490000430000008500000
071999061010490001520000003800000
071999061010490001570000022800000
071999061011190001290000017100000
071999061011190001350000012600000
071999061011490001200000005100000
071999061011490001360000041100000
071999061011490001520000003300000
071999061011890000270000173100000
071999061011890000380000069000000
071999061011890000430000017500000
071999061011890001490000010600000
071999061019990001200000055600000
071999061022290001160000004100000
071999061022290001270000001700000
071999061024490000010003636300000
071999061024490000080000001100000
071999061024490001250000001600000
071999061024490001280000004300000
071999061024490001330001054000000
071999061024490001520000001800000
071999061025090000140000007300000
071999061025090004740001901600000
071999061029990001570000043200000
071999061033390001230000014200000
071999061033390001510000286600000
071999061039990001500000004700000
071999061040790001350000005000000
071999061040790001520000007400000
071999061049990000010017008300000
071999061049990000140000008600000
071999061049990000150000015700000
071999061049990000320000015600000
071999061049990001360000008700000
071999061049990001570000037200000
071999061053590000070000066200000
071999061053590000380000121900000
071999061053590001250000013100000
071999061053890000150000009900000
071999061053890001280000036400000
071999061059990000040000036900000
071999061059990001210000047200000
071999061059990001280000097200000
071999061063990001490000019400000
071999061063990001530000011400000
071999061069990001450000015900000
071999061070290001190000993800000
071999061070290001200000008200000
071999061070290001210000011700000
071999061070290001570000018100000
071999061071390001290000004400000
071999061071390001570000015900000
071999061071690000430000004900000
071999061071990000010004928900000
071999061074590000320000008200000
071999061074590001190001346200000
071999061074590001200000021000000
071999061074590001560000005100000
071999061080590000380000052000000
071999061080590001290000017500000
071999061080590001350000001800000
071999061080590001500000002200000
071999061080590001560000004000000
071999061080590003040000579400000
071999061080990001270000006900000
071999061082490000190009834100000
071999061082490001280000034600000
071999061082490001440000005900000
071999061082490001580000004700000
071999061083490000140000002000000
071999061083490001490000008100000
071999061083790001570000019000000
071999061084090001200000021500000
071999061084090001250000004400000
071999061084090001350000001600000
071999061084290001580000000900000
071999061084790000320000021600000
071999061084990000190004250500000
071999061084990000380000188400000
071999061084990001250000015800000
071999061084990001540000004100000
071999061089990001450000068000000
071999061090890000010036227100000
071999061090890000070001259500000
071999061091790001210000017800000
071999061091790001260002358500000
071999061091790001300000013900000
071999061091790001310000014100000
071999061091790001490000014100000
071999061092590001300000010200000
071999061092590001360000015200000
071999061092590001520000007300000
071999061094390000380000052600000
071999061094390000430000016400000
071999061094390001160000016400000
071999061094390001410001047100000
071999061094390001490000016200000
071999061094390001530000010800000
071999061099990001200000083900000
071999061100690000430000007600000
071999061100690001310000005000000
071999061101090001540000004900000
071999061109990001490000018900000
071999061109990001510000185900000
071999061111590000070000060400000
071999061111590001230000021600000
071999061111590001300000018500000
071999061112790001310000005900000
071999061112790001360000003500000
071999061113290000070000016400000
071999061113290000430000008900000
071999061113290001200000006400000
071999061113290001560000005400000
071999061113690000430000048900000
071999061113690001500000008500000
071999061119990001280000179600000
071999061122890001250000093000000
071999061129990001450000128800000
071999061133190000070004514600000
071999061133190000380000095600000
071999061133190001200000009300000
071999061133190001300000009000000
071999061133190001360000013300000
071999061133190020770001613200000
071999061139990000230000220000000
071999061139990000430000013900000
071999061139990001300000009000000
071999061139990001540000024100000
071999061140190000080000012800000
071999061140190001500000004700000
071999061140190014750004075700000
071999061142090000190006878600000
071999061142090001570000025300000
071999061144890001200000013100000
071999061144890001560000011600000
071999061149990000180000435800000
071999061149990001280000272000000
071999061153090000150000011000000
071999061153090001360000008100000
071999061153090001440000011500000
071999061153090001520000008600000
071999061153090001580000014500000
071999061159990001540000014300000
071999061162690000140000003100000
071999061169990000150000004400000
071999061169990000380000027100000
071999061169990001230000020200000
071999061169990001510000112600000
071999061169990001530000003500000
071999061170390000260000977500000
071999061171290000010013272900000
071999061171290001210000016300000
071999061174690001250000018400000
071999061174690001270000041300000
071999061174690001450000040300000
071999061179990001560000043600000
071999061189990001350000003300000
071999061195290001300000001100000
071999061195290001540000001400000
071999061195290001560000002100000
071999061199990000430000003200000
071999061199990001450000001600000
