022008031010490000940000015900000
022008031010490002020000012600000
022008031010490002520000018800000
022008031011190000880000021900000
022008031011190002520000062900000
022008031012390000140000008300000
022008031012390002090015134000002
022008031012990001750000070200000
022008031019990000440000384900000
022008031019990000880000077700000
022008031025090000080000013300000
022008031025090000380003228100000
022008031025090001740000038000000
022008031029990000050000024400000
022008031029990001620000123000000
022008031029990001640004005400000
022008031033390000590000021600000
022008031033390000960000023700000
022008031033390002100028930500004
022008031039990002250032647700004
022008031040790000640000025000000
022008031040790000910000033400000
022008031049990000100000014500000
022008031049990002090020824600004
022008031053590001350000288600000
022008031059990002020000063400000
022008031063990000440000028600000
022008031063990000960000030200000
022008031063990001990000016600000
022008031070290000440000015100000
022008031071390000420000023800000
022008031071390001610000035300000
022008031071990001280000439000000
022008031071990001620000030800000
022008031074590000300000011000000
022008031074590000440000021800000
022008031074590001440000100400000
022008031080590001030000001400000
022008031080990002100011761300002
022008031080990002520000024200000
022008031082490000730000004700000
022008031083490000180000007400000
022008031083490001720000001700000
022008031083790000440000043000000
022008031084090002520000009800000
022008031084290001610000009100000
022008031084790000880000008700000
022008031084790002620000042300000
022008031084990001390000038100000
022008031089990000400000110400000
022008031089990000990000020000000
022008031089990001030000013100000
022008031090890000880000052400000
022008031011190002710000557200000
022008031011490002260024647000004
022008031011890002520000059100000
022008031012190001990000012100000
022008031014190000960000041400000
022008031019990002140000030000000
022008031019990002250234227700036
022008031022290000380000389200000
022008031022290001740000005200000
022008031022290002200000007900000
022008031024490002520000003000000
022008031024490002710000038800000
022008031029990000630000043300000
022008031029990001430000248900000
022008031033390001030000007500000
022008031039990001660000005700000
022008031039990002180000077800000
022008031053590000440000019500000
022008031053890001440000148700000
022008031059990000630000041800000
022008031059990001490000049700000
022008031059990002090034956800006
022008031063990000640000015400000
022008031063990001280000839500000
022008031063990001610000071300000
022008031063990002190000044400000
022008031069990000140000015700000
022008031069990002180000044400000
022008031070290000420000032700000
022008031071390000960000018300000
022008031071390002260014522500002
022008031071690000140000004100000
022008031071690000730000002200000
022008031079990000560000002800000
022008031080990000890000010600000
022008031082490000080000003900000
022008031083490002520000013200000
022008031084290000440000018700000
022008031084290002100002790500001
022008031084290002190000008300000
022008031084790000440000047100000
022008031084790001290001106500000
022008031089990000050000015700000
022008031089990001090000020200000
022008031089990001680000031300000
022008031089990002250071526300014
022008031089990002640000008000000
022008031091790002420000011000000
022008031092590000630000016500000
022008031092590002490000056100000
022008031099990001950000305000000
022008031111590002020000038100000
022008031112790000120000018200000
022008031010490000080000004400000
022008031010490002090016253100003
022008031011190000140000034300000
022008031011190000490001605800000
022008031011890001350000201000000
022008031012390000420000024600000
022008031012390000960000018200000
022008031012390001990000010700000
022008031012990000140000019500000
022008031012990002540000115500000
022008031014190000490001820600000
022008031019990000340000011400000
022008031019990001620000691000000
022008031019990002520000408100000
022008031024490000380000202900000
022008031024490000640000003400000
022008031025090002100019993400003
022008031029990002250035605000008
022008031033390001660000005700000
022008031033390002260032647700004
022008031039990000050000006700000
022008031039990001030000007500000
022008031049990000470000015900000
022008031053590000190000037600000
022008031053590000640000021900000
022008031053590001620000063100000
022008031059990000500017462900002
022008031059990001620000063100000
022008031063990000130000030500000
022008031063990000880000011200000
022008031063990001770000049700000
022008031071390000560000001900000
022008031071390001770000014500000
022008031071390002710000254600000
022008031071990000400000016300000
022008031074590000140000012700000
022008031074590000420000024100000
022008031074590000960000022700000
022008031074590001770000021500000
022008031079990002020000052100000
022008031079990002600000019800000
022008031080590000440000012600000
022008031080590002520000008600000
022008031080590002580000019400000
022008031082490002260016635000003
022008031083490001030000002400000
022008031083490001360000033800000
022008031083490001840000013200000
022008031083490002710000151000000
022008031084090000960000006700000
022008031084790000140000011800000
022008031084790001390000078800000
022008031084790001840000038600000
022008031010490000140000004200000
022008031010490001910000845100000
022008031010490002190000035400000
022008031011490001340000122900000
022008031011490002560000032100000
022008031011890000050000007300000
022008031012190001270001321000000
022008031014190002520000080700000
022008031019990002180000430800000
022008031022290000440000012900000
022008031022290000880000003800000
022008031024490000880000001700000
022008031024490002100003438600001
022008031025090001290001573100000
022008031025090001620000095800000
022008031029990000920000035200000
022008031033390000140000009800000
022008031033390001440000190600000
022008031039990000400000061700000
022008031039990000990000015900000
022008031039990001480000006800000
022008031039990002090028930500004
022008031040790000440000072300000
022008031040790000790001344700000
022008031040790001440000209800000
022008031040790002730002545400000
022008031049990000400000101000000
022008031049990000910000033400000
022008031053590002020000042900000
022008031053590002190000038700000
022008031053890000320000020800000
022008031053890002610000024500000
022008031063990002090018485300003
022008031069990000920000030200000
022008031070290001770000015300000
022008031071690000440000005800000
022008031071990000730000003600000
022008031071990001030000003900000
022008031071990002150000015200000
022008031079990001750000067900000
022008031079990002520000102800000
022008031080590000640000006900000
022008031080590001280000298700000
022008031080590001350000012500000
022008031080990000420000026100000
022008031080990000730000004500000
022008031080990001440000077400000
022008031082490000400000018800000
022008031082490002020000006100000
022008031083790002190000029900000
022008031084090000140000002500000
022008031084090000420000008900000
022008031084790002560000019800000
022008031011490001240003413100000
022008031011490002100018230700002
022008031011890000440000045000000
022008031011890000920000020500000
022008031012190001770000020700000
022008031012390001350000064700000
022008031012990000050000027200000
022008031012990000730000025700000
022008031014190002260062655800008
022008031019990000050000046600000
022008031019990002020000179900000
022008031022290001290000381500000
022008031022290001990000005000000
022008031024490000970000005500000
022008031024490001420000017000000
022008031024490001710000001000000
022008031025090001430000175800000
022008031025090002020000009100000
022008031025090002740000011300000
022008031033390000170000036900000
022008031033390000440000057500000
022008031033390000640000054900000
022008031033390002060000026200000
022008031039990000630000054900000
022008031039990001170004993600000
022008031049990000630000025000000
022008031053890000440000015800000
022008031053890000880000013400000
022008031053890001810000064600000
022008031059990000400000067500000
022008031059990001180001247200000
022008031059990001440000271800000
022008031059990001810000135800000
022008031059990002180000085700000
022008031059990002610000069900000
022008031069990000440000028600000
022008031069990001620000071300000
022008031070290002020000012000000
022008031071390001390000078400000
022008031071390002020000005400000
022008031071390002090014836300003
022008031071390002190000029500000
022008031071390002600000019800000
022008031071690000950000006000000
022008031071690002520000008600000
022008031074590001290001162600000
022008031079990000050000007900000
022008031079990001030000003900000
022008031079990002580000064800000
022008031080590000880000005000000
022008031080590001390000009700000
022008031080590001620000009400000
022008031080990001620000044400000
022008031011190001350000253100000
022008031011190002090024583000004
022008031011190002140000030000000
022008031011490000140000037100000
022008031011890000400000027400000
022008031012190002190000043300000
022008031012390002560000029100000
022008031012990001030000017700000
022008031014190000440000068200000
022008031019990000490006867900000
022008031022290000140000002100000
022008031024490001290000227000000
022008031025090002200000028600000
022008031029990000440000099700000
022008031033390001480000006800000
022008031033390002300000011700000
022008031033390002560000025000000
022008031039990000920000023700000
022008031040790000100000014500000
022008031053890001030000008500000
022008031053890002020000020500000
022008031059990000320000020800000
022008031063990002710000509400000
022008031069990002560000021900000
022008031070290002520000037200000
022008031071690001390000031300000
022008031071990000140000006000000
022008031074590000730000004400000
022008031074590002520000021700000
022008031079990001070000010000000
022008031079990001440000100400000
022008031080590000400000007700000
022008031080990000960000011700000
022008031080990001680000004300000
022008031080990001840000017000000
022008031082490002160000021500000
022008031082490002300000004000000
022008031083790000890000006400000
022008031083790001590000012700000
022008031083790001680000027000000
022008031084090002100005339900002
022008031084290001390000009600000
022008031084790000080000008900000
022008031084790000960000024800000
022008031084990002020000007600000
022008031089990000180000023800000
022008031089990000630000131400000
022008031089990001160004196400000
022008031090890000650000373300000
022008031090890002470000082300000
022008031090890002520000152500000
022008031091790000610009083600002
022008031091790001010000005700000
022008031010490000640000010500000
022008031011190000440000055800000
022008031011190002190000108500000
022008031011490002710000279700000
022008031011890001270002661500000
022008031012190000730000009900000
022008031012190001350000072100000
022008031012390002020000012400000
022008031014190001240005809100000
022008031014190001350000306500000
022008031014190001890000053300000
022008031024490000440000011300000
022008031024490001990000001800000
022008031025090001770000020000000
022008031025090002260025447900004
022008031029990000140000011800000
022008031029990002520000049700000
022008031033390001140000052900000
022008031033390002590000084800000
022008031039990000180000036900000
022008031039990000440000057500000
022008031040790001610000117300000
022008031049990002730002545400000
022008031053590000140000020700000
022008031053590000410000020700000
022008031053590001490000021100000
022008031059990002520000085300000
022008031063990002010000017500000
022008031069990000630000015400000
022008031069990002010000017500000
022008031070290000140000004800000
022008031070290000880000005100000
022008031071390000640000008300000
022008031071690001990000003800000
022008031071690002710000101100000
022008031071990000960000009100000
022008031071990001990000003200000
022008031071990002180000017200000
022008031074590000890000008800000
022008031074590001710000004100000
022008031079990000400000106400000
022008031080590001990000003200000
022008031082490001380000053400000
022008031083790001280000408500000
022008031083790002120000024100000
022008031084090000570000000900000
022008031084790002090017208500003
022008031089990001080000010900000
022008031091790001110001072700000
022008031091790001150000056900000
022008031092590000420000022300000
022008031092590000730000002500000
022008031092590001330000002500000
022008031010490000490000177200000
022008031011190002020000038900000
022008031011490000440000035600000
022008031011890001750000023800000
022008031012190001610000035000000
022008031012390001270001985900000
022008031012990002520000064100000
022008031019990002070000105800000
022008031022290000960000006100000
022008031022290002710000171900000
022008031029990000400000054500000
022008031029990002740000011300000
022008031039990000200000129900000
022008031040790002520000042500000
022008031053890000410000046800000
022008031063990002560000021900000
022008031069990000180000039400000
022008031069990002520000035300000
022008031070290000640000011400000
022008031070290002190000037700000
022008031071690002580000008300000
022008031071990000290000005700000
022008031071990002020000024300000
022008031071990002710000282000000
022008031074590000640000016200000
022008031074590002020000007600000
022008031079990002090059708800012
022008031080590000180000003700000
022008031080590000300000005200000
022008031080590000920000007600000
022008031080590002020000005200000
022008031080590002190000011000000
022008031080590002260004024900001
022008031080990000630000033200000
022008031082490000140000005700000
022008031082490000960000030500000
022008031082490001730000004300000
022008031082490002090014389700002
022008031083490000960000010000000
022008031083490001620000017700000
022008031083790000140000005400000
022008031083790002020000011500000
022008031084090000440000009900000
022008031084090002580000032900000
022008031084790001610000053500000
022008031084790002190000065600000
022008031089990001350000202200000
022008031089990002090083622800018
022008031089990002520000154800000
022008031091790000140000005700000
022008031091790002770000012300000
022008031092590000060000001700000
022008031092590001930000003000000
022008031010490001990000010200000
022008031011490000080000007700000
022008031011890000490000474700000
022008031011890001620000074800000
022008031011890002560000016200000
022008031012190002520000021000000
022008031012390000490000463700000
022008031012390001610000041300000
022008031012390002520000020000000
022008031012990000440000122400000
022008031012990000880000020800000
022008031012990000990000033100000
022008031012990002270035904600005
022008031012990002710000732700000
022008031014190002710001346700000
022008031019990002710004056800000
022008031022290000640000007600000
022008031022290002260006295400002
022008031025090000730000007300000
022008031039990000590000021600000
022008031039990001440000190600000
022008031049990002020000020600000
022008031049990002710000310700000
022008031053590001180000553200000
022008031053590001440000123100000
022008031053590002610000045400000
022008031053890002520000044200000
022008031063990000140000015700000
022008031070290000730000011700000
022008031070290000900000013700000
022008031071690002090006628200002
022008031071690002190000012300000
022008031071990001390000056300000
022008031074590000990000015800000
022008031074590001390000076300000
022008031074590002710000377500000
022008031079990000290000016700000
022008031080990002560000022300000
022008031082490002670000450900000
022008031083490002260005142600001
022008031083790001390000066300000
022008031084090001730000003400000
022008031084290001290000125300000
022008031084290001990000002700000
022008031084290002580000008300000
022008031084790000640000024300000
022008031084790002250014887800002
022008031089990000730000017600000
022008031089990001040000038500000
022008031089990001720000013400000
022008031090890000610054799300006
022008031090890001110015567400001
022008031090890001310000032100000
022008031011190000640000036800000
022008031011490000640000019400000
022008031011490001770000041800000
022008031011890000890000016100000
022008031022290001770000006500000
022008031024490000730000001600000
022008031024490002200000003000000
022008031025090000440000075500000
022008031025090001640002594900000
022008031025090002520000037200000
022008031029990000380003820200000
022008031029990001710000001000000
022008031029990002020000012100000
022008031029990002710000872800000
022008031033390000080000006700000
022008031039990002020000015100000
022008031039990002560000025000000
022008031040790000880000015800000
022008031040790002090020824600004
022008031053590000510003110300000
022008031053590000960000017400000
022008031053590002520000041100000
022008031053890000190000064100000
022008031053890000960000012500000
022008031053890001350000207100000
022008031053890001490000028600000
022008031059990000190000101700000
022008031063990001390000106000000
022008031070290001610000044300000
022008031070290002580000007900000
022008031071390000440000011800000
022008031071690001280000316800000
022008031071690002020000002800000
022008031071990002090006766800002
022008031071990002520000010400000
022008031074590002260016864900003
022008031079990000880000022000000
022008031079990000920000069800000
022008031079990001620000110400000
022008031080590002090006727400002
022008031080990001090000020200000
022008031080990001390000046700000
022008031082490000640000016000000
022008031082490002710000253200000
022008031083490002100005864900002
022008031084090000730000001600000
022008031084090000890000002900000
022008031084090002020000002200000
022008031084790002020000013800000
022008031089990000030000007900000
022008031089990000090000012300000
022008031089990000120000009700000
022008031089990002160000102800000
022008031010490001260000875500000
022008031011890002710000530800000
022008031012190000140000008100000
022008031012190002090009398400002
022008031014190001620000151700000
022008031019990000630000178400000
022008031019990000730000068000000
022008031019990000990000183600000
022008031019990002540000115500000
022008031022290002020000003000000
022008031025090000640000032300000
022008031033390001170004993600000
022008031039990002060000026200000
022008031040790002020000020600000
022008031049990000440000072300000
022008031049990000990000028400000
022008031049990001440000209800000
022008031049990002440000036000000
022008031053590001990000019100000
022008031053590002550000023500000
022008031053590002710000182700000
022008031053890000140000014100000
022008031059990000140000034800000
022008031059990000920000029900000
022008031059990001550003802400000
022008031069990000130000030500000
022008031070290002700000307800000
022008031071390000140000008000000
022008031071390001990000005600000
022008031071990002250005473800001
022008031074590002090020116600003
022008031079990000140000035600000
022008031079990000630000053400000
022008031079990002710001323000000
022008031080590000140000002400000
022008031080590001820000007400000
022008031080990002020000005800000
022008031080990002580000179000000
022008031083490001390000018300000
022008031083790000730000004300000
022008031083790001840000016000000
022008031083790002160000032200000
022008031083790002260009447400002
022008031084090000640000008700000
022008031084090001350000056000000
022008031084990001730000004000000
022008031084990002260005679300001
022008031089990000440000201000000
022008031089990001620000244000000
022008031090890001850000310000000
022008031091790000760004403000001
022008031091790000920000018800000
022008031091790002710000037600000
022008031010490000440000021100000
022008031010490002260013688700003
022008031011490000960000025900000
022008031011490002190000051700000
022008031012390000640000013700000
022008031012390001770000036800000
022008031012390002190000045800000
022008031012390002710000195800000
022008031012990000490001117700000
022008031014190002020000039300000
022008031019990000400000052000000
022008031019990002560000138600000
022008031024490001640000744000000
022008031025090002710000662100000
022008031029990001160002181600000
022008031029990002090028406800005
022008031033390000880000009000000
022008031039990000140000009800000
022008031039990000880000009000000
022008031039990001620000119300000
022008031039990002310000011700000
022008031039990002590000084800000
022008031040790000410000101000000
022008031040790000470000015900000
022008031040790002710000310700000
022008031049990000880000015800000
022008031049990002520000042500000
022008031053590000890000010900000
022008031053590002260021556000004
022008031053890002100014850100002
022008031053890002720000175000000
022008031059990001350000495700000
022008031059990002550000023500000
022008031059990002660000046400000
022008031063990002520000035300000
022008031069990000880000011200000
022008031071390001280000813700000
022008031071390002520000024900000
022008031071690000890000002500000
022008031071990002580000012300000
022008031079990002250053840200009
022008031080590002710000162800000
022008031080990001990000009900000
022008031082490001040000038500000
022008031082490002190000024700000
022008031083790002710000408300000
022008031084090002710000163100000
022008031084290000630000005500000
022008031084290000960000004800000
022008031084290002260002386800001
022008031084290002710000110600000
022008031084790002710000685800000
022008031089990001440000136800000
022008031010490001350000084000000
022008031011490001620000059100000
022008031011490001990000021900000
022008031011490002520000081500000
022008031011890001030000006400000
022008031012190000490000411000000
022008031012190000960000011300000
022008031012190002020000010900000
022008031012390000730000010600000
022008031012390002270023002600004
022008031012990001620000130800000
022008031012990002090032831400005
022008031019990000920000194900000
022008031019990001030000024100000
022008031019990001350001429400000
022008031019990002090172182400025
022008031022290002100004974800001
022008031022290002520000009500000
022008031025090000140000007600000
022008031025090000880000013500000
022008031025090001990000026200000
022008031029990000730000008900000
022008031029990001740000047500000
022008031033390000400000061700000
022008031033390001750000094600000
022008031033390002190000077800000
022008031039990001140000052900000
022008031039990002520000044600000
022008031039990002710000948500000
022008031040790001750000041500000
022008031040790002260020945100004
022008031049990000140000011200000
022008031053590002100020106700004
022008031063990002260016127900002
022008031069990001160000839500000
022008031069990002090018485300003
022008031070290001990000013000000
022008031071390002580000011300000
022008031071690000420000009500000
022008031071690000640000002900000
022008031071690001070000010000000
022008031074590002190000033600000
022008031079990001160003542500000
022008031079990001710000004100000
022008031080990000440000012700000
022008031080990001080000010900000
022008031082490000440000040100000
022008031082490001280000711100000
022008031082490001770000015300000
022008031083490000140000003600000
022008031083490002580000041700000
022008031083790002100012713000002
022008031084090000120000009700000
022008031010490001610000043600000
022008031011190000990000037400000
022008031011190002260032882200005
022008031011890002020000013300000
022008031011890002250026497400004
022008031012190000640000020000000
022008031014190001990000036500000
022008031014190002100033964400004
022008031019990001270023033500000
022008031019990001910000845100000
022008031022290000080000009800000
022008031022290001640000666500000
022008031024490001620000009300000
022008031024490001740000004300000
022008031024490001770000004900000
022008031025090000960000023600000
022008031029990000880000019000000
022008031033390002710000948500000
022008031049990001750000041500000
022008031049990002250020945100004
022008031053590001550003802400000
022008031053890001180000694000000
022008031053890002260017962200003
022008031059990000440000035300000
022008031059990002710000357700000
022008031063990000420000029700000
022008031069990000990000016600000
022008031069990001390000106000000
022008031069990002250016127900002
022008031070290002260010968200002
022008031071990000560000000900000
022008031074590000080000007900000
022008031074590002580000025000000
022008031079990000440000067100000
022008031079990000990000041400000
022008031080590001440000013400000
022008031080990000090000012300000
022008031082490002520000019700000
022008031083490000890000003700000
022008031084790002520000033400000
022008031084990000440000008900000
022008031084990001620000021100000
022008031089990000570000001800000
022008031089990002310000008300000
022008031089990002620000042300000
022008031090890000180000107900000
022008031090890000760018455800002
022008031090890002400000127900000
022008031091790000630000014400000
022008031091790002470000023100000
022008031091790002520000020100000
022008031092590002460000012400000
022008031092590002470000019000000
022008031010490000730000009100000
022008031010490001770000029000000
022008031010490002710000182000000
022008031011190000950000029100000
022008031011490000490000797200000
022008031011490002020000020700000
022008031011890001990000021700000
022008031012190000440000016700000
022008031012190002710000231900000
022008031012390000440000020100000
022008031012990001270003871600000
022008031012990002180000097700000
022008031014190000160000035600000
022008031014190000640000027900000
022008031014190002070000105800000
022008031019990000140000151500000
022008031019990000180000035600000
022008031022290000420000016900000
022008031022290001600000017900000
022008031024490002260003861700002
022008031025090000420000037600000
022008031029990000990000033000000
022008031033390001990000015900000
022008031033390002020000015100000
022008031040790000140000011200000
022008031040790001990000028400000
022008031040790002440000036000000
022008031049990001620000117300000
022008031053590001810000071200000
022008031053890000500014352600002
022008031053890000640000019900000
022008031053890002190000047000000
022008031053890002660000046400000
022008031059990000880000024300000
022008031059990001030000008500000
022008031059990002250039518200007
022008031069990000400000029700000
022008031069990002710000509400000
022008031071690001770000006000000
022008031071690002260006010800001
022008031080990000030000007900000
022008031080990000140000005100000
022008031080990002710000492200000
022008031083790000640000023200000
022008031083790001610000031200000
022008031084090001290000265700000
022008031084090001840000007800000
022008031084290000140000002000000
022008031084790001350000089200000
022008031084990000140000003600000
022008031084990002100006827600002
022008031084990002160000049100000
022008031089990000140000042100000
022008031010490000340000011400000
022008031011190001260003095800000
022008031011190001620000154700000
022008031011190001770000079500000
022008031011890000140000011300000
022008031011890000630000015500000
022008031011890000740000012700000
022008031011890002090021787400003
022008031011890002180000048400000
022008031012190002260014949400003
022008031012990000630000034600000
022008031012990000960000032600000
022008031012990001350000325100000
022008031012990002020000031800000
022008031014190000140000028700000
022008031014190000890000018900000
022008031014190002560000061200000
022008031019990001750000355100000
022008031022290001420000056100000
022008031024490000080000001300000
022008031024490000140000002100000
022008031029990001750000031400000
022008031029990002200000039500000
022008031033390000200000129900000
022008031033390001610000119300000
022008031033390002520000044600000
022008031039990001750000094600000
022008031049990000790001344700000
022008031053890001990000015900000
022008031059990000990000035000000
022008031063990000170000039400000
022008031069990001750000049700000
022008031070290001290000810400000
022008031070290002090011360900002
022008031071390000730000004300000
022008031071990000440000012600000
022008031071990000630000014600000
022008031071990000890000005600000
022008031071990001750000010600000
022008031079990000730000026200000
022008031079990001390000242300000
022008031079990002150000015200000
022008031079990002180000130300000
022008031080590000570000000900000
022008031080590000730000000900000
022008031080990001290000673500000
022008031080990002260009420200002
022008031082490001030000007300000
022008031083490000440000008000000
022008031083490002020000006700000
022008031083790000900000009800000
022008031083790002310000004300000
022008031084090001620000014000000
022008031090890002340000030100000
022008031090890002490000425000000
022008031090890002790000732400000
022008031094390002110006694500001
022008031099990000630000178800000
022008031099990000650000503500000
022008031099990001150000237000000
022008031099990002020000094400000
022008031101090000640000009700000
022008031101090001610000037100000
022008031111590000440000049600000
022008031111590002090031668800004
022008031112790001390000055100000
022008031112790002710000116800000
022008031113290000640000008200000
022008031119990001870000050700000
022008031122890000330000124800000
022008031122890001440001087500000
022008031122890001610000475500000
022008031129990001620000475500000
022008031129990002050000021200000
022008031129990002290000043400000
022008031133190001220001109800000
022008031133190001440000125200000
022008031133190002260011792000002
022008031139990002180000047800000
022008031140190000960000005700000
022008031140190002710000201900000
022008031142090000140000006300000
022008031144890001990000058900000
022008031149990002230043069000009
022008031159990000140000017500000
022008031159990000440000043200000
022008031162690001340000085300000
022008031162690002710000240500000
022008031169990000140000006100000
022008031169990000880000003900000
022008031170390000310000034700000
022008031171290001990000012400000
022008031174690000930000050200000
022008031174690002110077041300009
022008031179990002180000324600000
022008031179990002540000432600000
022008031185190000440000003200000
022008031189990002520000004200000
022008031999990001520006239800001
022008031999990001620004479500000
022008031999990002520002331800000
022008031112790002100011031200002
022008031113290002020000013700000
022008031119990001970075049200010
022008031122890000080000040600000
022008031122890000440000399600000
022008031122890002000000000000000
022008031129990000400000268700000
022008031133190000140000009000000
022008031133190000640000013700000
022008031133190001620000053000000
022008031133190002520000056000000
022008031133190002560000036000000
022008031140190002220006947900002
022008031142090000830002545500000
022008031142090000960000008500000
022008031144890000640000019100000
022008031144890001620000234300000
022008031144890001760000079900000
022008031159990000730000011600000
022008031159990001030000013200000
022008031159990001350000349600000
022008031162690002520000022100000
022008031170390000430000068500000
022008031170390002540000183700000
022008031171290000690000075000000
022008031171290000780000108200000
022008031171290002190000042600000
022008031174690000880000023000000
022008031174690001990000051100000
022008031174690002320000225700000
022008031179990000880000058300000
022008031179990000990000090000000
022008031179990002510000064500000
022008031179990002520000182100000
022008031185190000140000001800000
022008031189990001620000010400000
022008031195290002190000007300000
022008031999990000190000101700000
022008031999990001530000010500000
022008031999990001950000305000000
022008031084990000960000009200000
022008031084990001290000300200000
022008031084990002720000123400000
022008031089990002560000042100000
022008031090890000050000035900000
022008031090890000670001256100000
022008031091790002760000043800000
022008031094390000650000042000000
022008031094390002190000071700000
022008031094390002340000010000000
022008031094390002470000067500000
022008031099990000050000053000000
022008031099990002520000233900000
022008031099990002790000732400000
022008031100690002520000073200000
022008031101090000070000005100000
022008031101090002100011381900002
022008031111590000140000012700000
022008031113290000440000011500000
022008031113290001990000010400000
022008031113290002100011443300002
022008031113290002190000028800000
022008031113690001990000032100000
022008031119990000630000058300000
022008031122890000640000308700000
022008031122890002250140178500015
022008031129990002580000061100000
022008031139990002540000228800000
022008031140190001600000080500000
022008031142090000170000037500000
022008031142090001610000108900000
022008031144890002070000099800000
022008031149990000860005040300000
022008031149990001620000423700000
022008031153090000440000043200000
022008031153090001350000349600000
022008031159990000050000013200000
022008031169990001350000085300000
022008031169990001660000001100000
022008031170390000960000093300000
022008031171290000250000322300000
022008031174690000480000490600000
022008031174690001060000038700000
022008031179990000050000043400000
022008031179990001720000020000000
022008031179990001750000166000000
022008031199990000440000003900000
022008031999990000610077942500010
022008031999990000650000503500000
022008031999990000830005037100000
022008031999990001350004153100000
022008031999990001450000072200000
022008031999990002140000030000000
022008031999990002160000127800000
022008031084790002580000065600000
022008031084990001820000009000000
022008031089990001390000320900000
022008031089990002180000177000000
022008031089990002580000353700000
022008031090890000630000132600000
022008031091790000050000005000000
022008031091790000980000014600000
022008031092590000140000003400000
022008031092590000960000008800000
022008031092590001100000548900000
022008031092590001600000054800000
022008031092590002100003212900001
022008031092590002400000009800000
022008031094390001860000052800000
022008031094390002030000023500000
022008031099990000610077942500010
022008031099990000680000202800000
022008031099990000730000072800000
022008031099990002470000191900000
022008031101090002520000021500000
022008031109990000440000045900000
022008031109990000920000025700000
022008031109990001350000215100000
022008031109990001750000060800000
022008031111590001390000180000000
022008031113690000140000010000000
022008031113690001620000144400000
022008031122890000730000076400000
022008031122890000960000325000000
022008031122890001030000055200000
022008031122890002050000021200000
022008031122890002690000156600000
022008031129990000990000099800000
022008031129990001750000213000000
022008031129990002000000000000000
022008031139990000140000009000000
022008031139990001520006239800001
022008031139990002680013305900002
022008031139990002710000260800000
022008031144890000440000042600000
022008031153090001720000012400000
022008031159990000400000041700000
022008031159990000560000007600000
022008031159990001750000043100000
022008031159990002520000066600000
022008031162690002170000283700000
022008031169990000440000010200000
022008031169990000630000007200000
022008031169990000990000007200000
022008031170390000730000060100000
022008031170390001410000320500000
022008031171290000970000019600000
022008031171290001620000054400000
022008031080990002180000028100000
022008031082490001440000046000000
022008031082490001610000043600000
022008031083490000640000005600000
022008031083490001290000306900000
022008031083790000050000002900000
022008031083790000400000020600000
022008031084090000990000004200000
022008031084090002190000009400000
022008031084290000730000001600000
022008031084990000640000008000000
022008031084990002580000006800000
022008031089990001750000129300000
022008031090890000920000110200000
022008031090890002560000029300000
022008031091790000440000092400000
022008031091790000680000202800000
022008031091790000720000061700000
022008031091790002490000114100000
022008031092590002380007950000002
022008031092590002520000014400000
022008031094390000180000018600000
022008031094390002330000104800000
022008031099990002060000283000000
022008031109990000140000011900000
022008031109990000400000042200000
022008031111590000260008883000001
022008031111590001620000141000000
022008031112790000140000003700000
022008031113690001390000094300000
022008031113690002520000057500000
022008031119990001030000011400000
022008031119990002020000102700000
022008031122890001450000018300000
022008031122890001770000213000000
022008031122890002160000025000000
022008031122890002710013209500001
022008031129990000330000124800000
022008031129990002090173768800018
022008031133190001990000023900000
022008031133190002710000260800000
022008031139990000440000021800000
022008031139990001220001109800000
022008031140190000170000021500000
022008031142090001990000042200000
022008031144890002710000599700000
022008031149990000830005037100000
022008031153090002250025182200003
022008031159990000920000031800000
022008031162690000630000007200000
022008031170390000880000028100000
022008031170390001730000016400000
022008031171290000140000007200000
022008031171290000440000029400000
022008031091790001610000093700000
022008031091790002360000041700000
022008031092590000710000026500000
022008031094390002710000049800000
022008031099990000140000065700000
022008031099990000400000351200000
022008031099990000670001256100000
022008031099990001620001068600000
022008031099990001930000067600000
022008031101090000140000002800000
022008031101090001290000740900000
022008031109990002250036575200005
022008031109990002710000536600000
022008031111590001970030439800003
022008031113690001580000103000000
022008031119990001390000380200000
022008031119990002090080987900011
022008031122890001190016459500001
022008031122890001900000017400000
022008031129990000290000082800000
022008031129990000730000076400000
022008031129990002020000090100000
022008031139990002010000018800000
022008031140190000860000712000000
022008031140190001700000005800000
022008031140190001760000025400000
022008031140190002520000066200000
022008031142090000640000013100000
022008031142090000840007790300002
022008031142090000860001581200000
022008031149990000630000038500000
022008031149990002090020924400003
022008031153090000400000041700000
022008031153090002520000066600000
022008031159990000310000076700000
022008031159990000630000033300000
022008031159990002250025182200003
022008031162690000880000003900000
022008031171290000730000105400000
022008031171290002020000007800000
022008031174690002070000047800000
022008031179990000730000387500000
022008031185190002520000004200000
022008031199990002710000036700000
022008031999990000120000246000000
022008031999990000480000542400000
022008031999990001060000044900000
022008031999990001930000088800000
022008031999990002040000078600000
022008031999990002060000738600000
022008031999990002251128933500169
022008031999990002690000156600000
022008031094390000610007960100001
022008031094390000990000013500000
022008031094390001110001144800000
022008031094390002020000012600000
022008031094390002390016924600004
022008031099990001100018333800001
022008031100690000400000019700000
022008031100690000440000022600000
022008031100690002250022374900003
022008031101090001400000091100000
022008031101090002260014200300002
022008031111590001990000028800000
022008031112790002520000026600000
022008031113290002520000055800000
022008031113690000630000021300000
022008031113690002100026844600003
022008031119990001620000285400000
022008031122890000140000208200000
022008031122890001370000992500000
022008031122890002040000078600000
022008031122890002310000021400000
022008031133190000960000012800000
022008031140190000230000108000000
022008031140190000830000531100000
022008031142090002020000020300000
022008031142090002710000262000000
022008031144890000140000011300000
022008031144890002100011611000001
022008031144890002520000146600000
022008031149990000920000036100000
022008031153090000730000011600000
022008031153090000920000031800000
022008031153090001750000043100000
022008031153090002180000071700000
022008031162690002190000021400000
022008031170390000080000014800000
022008031171290000630000020900000
022008031171290000800000663500000
022008031171290000880000007200000
022008031174690000440000117700000
022008031174690002520000100600000
022008031189990002090002004000001
022008031195290002100001571700001
022008031199990001440000007700000
022008031999990000090000012300000
022008031999990000330000136200000
022008031999990000380003820200000
022008031999990000400001419300000
022008031999990000690000782400000
022008031999990001390002041900000
022008031999990001550003802400000
022008031999990002470000191900000
022008031094390000960000021500000
022008031094390002490000079400000
022008031094390002770000007000000
022008031099990002360000422500000
022008031099990002560000029300000
022008031099990002710000625200000
022008031100690000740000008800000
022008031100690000960000015700000
022008031100690001620000047300000
022008031101090002190000042700000
022008031109990000070000005100000
022008031109990001160002060600000
022008031111590000920000034100000
022008031112790002190000038300000
022008031119990000220000014400000
022008031119990000320000018100000
022008031122890001660000029100000
022008031129990002310000021400000
022008031129990002690000156600000
022008031139990002250011792000002
022008031140190000080000002600000
022008031140190000630000006300000
022008031144890000210000974000000
022008031144890000860002747100000
022008031149990001760000105300000
022008031149990002710001063600000
022008031153090000140000017500000
022008031162690000730000003700000
022008031162690001990000007200000
022008031162690002250008203200002
022008031170390000140000013900000
022008031170390002510000014000000
022008031171290002520000022900000
022008031174690000640000052500000
022008031174690000770000360200000
022008031174690001440000298700000
022008031174690002190000151200000
022008031174690002540000248900000
022008031179990000440000215600000
022008031179990002090141579300019
022008031195290000920000004400000
022008031195290002260001542000000
022008031199990002090001571700001
022008031999990000050000273700000
022008031999990000100000014500000
022008031999990000180000382900000
022008031999990000490006867900000
022008031999990002490000674600000
022008031090890002710000517900000
022008031091790002090004072200000
022008031091790002340000005400000
022008031094390002520000046900000
022008031099990001330000053900000
022008031109990002090029245300005
022008031113290000270002623500000
022008031113290000750000165800000
022008031119990000140000030700000
022008031122890002070000134000000
022008031122890002190000135000000
022008031129990002710013209500001
022008031140190002100004527600001
022008031144890000080000008700000
022008031144890000230000335100000
022008031149990000180000120700000
022008031153090001210002251200000
022008031159990001720000012400000
022008031159990002180000071700000
022008031169990000730000003700000
022008031169990002250008203200002
022008031170390000990000026500000
022008031170390001770000070800000
022008031179990001060000044900000
022008031999990001070000010000000
022008031999990001090000020200000
022008031999990001560000149000000
022008031999990001900000017400000
022008031999990002020000905600000
022008031999990002150000015200000
022008031090890000730000052700000
022008031092590000600006099500001
022008031092590002190000038600000
022008031094390001530000010500000
022008031099990000440002751200000
022008031099990000760029153200003
022008031099990001530000010500000
022008031099990002180000110300000
022008031109990000630000028100000
022008031109990002020000018200000
022008031109990002520000094700000
022008031111590002180000106000000
022008031112790002020000012300000
022008031119990000050000005800000
022008031119990002180000259600000
022008031122890000300000082800000
022008031122890001990000099800000
022008031129990000140000208200000
022008031129990001370000992500000
022008031133190000440000021800000
022008031139990000990000023900000
022008031139990002520000056000000
022008031140190000210000291700000
022008031142090002520000064200000
022008031144890002020000043500000
022008031144890002230023337100004
022008031149990000140000020500000
022008031149990000440000077200000
022008031153090001030000013200000
022008031153090001620000117800000
022008031159990000990000029200000
022008031159990001210002251200000
022008031162690000870000006000000
022008031162690002020000004800000
022008031169990001750000015000000
022008031170390001440000226300000
022008031171290001560000018300000
022008031171290002070000009300000
022008031174690000690000386900000
022008031179990000240002976000000
022008031179990000310000034700000
022008031179990002020000077300000
022008031189990001440000022000000
022008031189990002250001471600000
022008031195290002710000036700000
022008031999990000030000007900000
022008031999990000440004631300000
022008031999990000500017462900002
022008031999990000730000690600000
022008031999990001040000038500000
022008031999990001160096994600002
022008031999990001440003084000000
022008031999990002091027801000154
022008031999990002560000388500000
022008031092590000880000004600000
022008031101090000960000010000000
022008031109990000880000017300000
022008031109990002180000042700000
022008031112790000440000012400000
022008031112790001990000017800000
022008031113290001390000050800000
022008031113290001970009431500002
022008031113690000270007073500001
022008031113690000440000039600000
022008031113690002710000337300000
022008031119990000260021254300002
022008031119990000920000100100000
022008031122890002290000043400000
022008031129990000630000308700000
022008031129990000880000077600000
022008031129990001190016459500001
022008031129990002040000078600000
022008031133190002010000018800000
022008031133190002680013305900002
022008031139990000920000012800000
022008031139990001780000021300000
022008031139990002560000036000000
022008031140190000140000002900000
022008031149990000230000643400000
022008031153090000560000007600000
022008031162690000140000006100000
022008031162690000440000010200000
022008031162690001750000015000000
022008031169990001160000364700000
022008031170390000410000059400000
022008031170390000770000192300000
022008031170390001560000023000000
022008031170390002190000130800000
022008031171290002260014030400002
022008031174690002500000042900000
022008031179990000630000073400000
022008031179990002250112441400014
022008031189990000920000005800000
022008031189990002710000048100000
022008031999990000290000104700000
022008031999990000670001256100000
022008031999990000840030612800006
022008031999990000850000234600000
022008031999990001080000010900000
022008031999990001740000047500000
022008031999990002170000283700000
022008031999990002600000019800000
022008031999990002620000042300000
022008031089990002670000450900000
022008031090890000140000050900000
022008031091790000730000007500000
022008031091790002390013199400003
022008031094390000140000005700000
022008031094390002780003543300000
022008031099990002340000049600000
022008031100690001360000124000000
022008031100690002710000329300000
022008031101090000420000022500000
022008031101090000990000008200000
022008031109990000850000234600000
022008031111590000750001166900000
022008031112790001880000018800000
022008031113690001970024908600003
022008031119990001580000103000000
022008031119990002520000217200000
022008031119990002710001011000000
022008031129990001440001087500000
022008031129990001940000161600000
022008031129990002520000251600000
022008031133190002190000047800000
022008031139990000630000013700000
022008031139990000730000009100000
022008031142090000230000200300000
022008031142090001660000024000000
022008031142090002100004785800001
022008031149990000840030612800006
022008031149990000990000101100000
022008031149990002070000132500000
022008031149990002640000004400000
022008031153090000050000013200000
022008031169990000870000006000000
022008031169990002520000022100000
022008031170390002320000141200000
022008031171290000560000007000000
022008031171290001440000055300000
022008031171290001730000003600000
022008031174690000080000022600000
022008031174690001770000074900000
022008031179990000400000132300000
022008031179990000800007440500000
022008031185190001200000024400000
022008031199990002180000007300000
022008031999990000260021254300002
022008031999990000990000988200000
022008031999990001490000049700000
022008031999990002540000776900000
022008031999990002660000046400000
022008031999990002710030607900001
022008031084090001030000002000000
022008031084790000400000028300000
022008031084990002640000008000000
022008031091790001930000005200000
022008031092590001150000017900000
022008031094390002460000029700000
022008031099990000990000165800000
022008031099990001010000005700000
022008031099990002390168991100025
022008031099990002490000674600000
022008031100690002020000010400000
022008031100690002090017863400003
022008031101090000560000002600000
022008031101090000850000131700000
022008031109990000990000008200000
022008031112790000750000235800000
022008031113290000140000004300000
022008031113690000750000962300000
022008031113690000920000038000000
022008031119990000750002530800000
022008031122890000120000187600000
022008031122890000400000268700000
022008031122890001940000161600000
022008031122890002020000090100000
022008031122890002520000251600000
022008031129990001450000018300000
022008031129990002250140178500015
022008031133190000880000005000000
022008031140190002020000015900000
022008031144890001690000016600000
022008031149990002020000079700000
022008031149990002520000277000000
022008031153090000310000076700000
022008031153090000880000017600000
022008031159990001620000117800000
022008031159990002090046938000007
022008031162690001280000364700000
022008031169990002710000240500000
022008031170390000480000030500000
022008031174690002020000039000000
022008031174690002260059995400007
022008031179990000480000542400000
022008031179990000560000007000000
022008031179990001560000149000000
022008031179990002070000057100000
022008031179990002710001929400000
022008031189990002180000006700000
022008031195290000440000003900000
022008031999990000470000015900000
022008031999990001030000153900000
022008031999990001140000289900000
022008031999990001640004005400000
022008031999990002440000036000000
022008031999990002670000450900000
022008031094390000640000015300000
022008031094390000730000010100000
022008031094390000880000007700000
022008031099990000180000126500000
022008031099990000880000064700000
022008031099990002090061047300008
022008031100690000140000009100000
022008031101090002020000007800000
022008031111590002520000077300000
022008031112790000270002674300000
022008031112790001980010269300002
022008031113290000320000018100000
022008031113690001030000011400000
022008031113690002190000086500000
022008031119990000440000113100000
022008031119990000990000089100000
022008031122890002580000061100000
022008031129990000050000040600000
022008031129990001900000017400000
022008031129990002070000134000000
022008031133190001780000021300000
022008031133190002540000228800000
022008031139990000880000005000000
022008031140190000840003198300001
022008031140190002070000032700000
022008031142090002080001733200000
022008031142090002230012784000003
022008031144890000840019624200003
022008031149990000050000011300000
022008031149990000210002998900000
022008031149990001660000046400000
022008031153090000630000033300000
022008031170390002100048983100007
022008031170390002260038415600005
022008031170390002710000661400000
022008031171290001060000006200000
022008031179990000770000660700000
022008031185190002720000048100000
022008031189990001200000024400000
022008031999990000210002998900000
022008031999990000680000202800000
022008031999990000920001402300000
022008031999990002000000000000000
022008031999990002590000084800000
022008031999990002730002545400000
022008031089990000290000005200000
022008031089990002020000058900000
022008031089990002710002550400000
022008031090890000460002422000000
022008031090890001620000815300000
022008031090890001950000305000000
022008031090890002430000062700000
022008031092590002350000004100000
022008031092590002360000018000000
022008031092590002410000008100000
022008031092590002710000019900000
022008031094390000080000010400000
022008031100690001290001319700000
022008031100690001750000042000000
022008031101090000880000006700000
022008031101090001770000018800000
022008031101090002710000207300000
022008031109990000560000002600000
022008031111590002560000028700000
022008031111590002710000446800000
022008031119990002560000028700000
022008031122890000880000077600000
022008031122890002100173768800018
022008031129990000440000399600000
022008031129990000920000325000000
022008031129990001660000029100000
022008031129990002160000025000000
022008031139990001440000125200000
022008031139990001620000053000000
022008031139990001670000032400000
022008031142090000440000018500000
022008031142090002640000004400000
022008031153090000990000029200000
022008031169990002090009310400002
022008031169990002170000283700000
022008031170390000800002108700000
022008031170390002520000058600000
022008031174690000730000222000000
022008031174690000810004668300000
022008031179990000920000163100000
022008031185190001440000022000000
022008031185190002190000006700000
022008031189990000140000001800000
022008031189990000440000003200000
022008031195290001440000007700000
022008031199990000920000004400000
022008031999990000310000150300000
022008031999990000560000021800000
022008031999990000590000021600000
022008031999990001480000006800000
022008031999990001940000161600000
022008031999990002610000069900000
022008031084090002260003902300001
022008031084290001360000010700000
022008031084290001840000005000000
022008031084290002520000006600000
022008031084990002520000015200000
022008031089990000880000037300000
022008031089990000920000115100000
022008031090890000400000285100000
022008031090890001150000138700000
022008031090890001930000059400000
022008031090890002390130917100016
022008031090890002450000148600000
022008031090890002480047067700006
022008031091790002060000092300000
022008031092590000450000050600000
022008031092590000760002751100000
022008031094390000440000186200000
022008031099990000920000159300000
022008031100690000630000018400000
022008031100690000850000102900000
022008031100690000880000010600000
022008031101090000440000023300000
022008031109990000730000008800000
022008031109990001620000084400000
022008031111590000220000014400000
022008031111590000630000028800000
022008031112790000080000005800000
022008031112790000960000015400000
022008031113290000960000012600000
022008031113290001870000031900000
022008031113290002720000110100000
022008031113690002020000038600000
022008031119990000120000018200000
022008031129990000120000187600000
022008031129990001030000055200000
022008031129990002180000135000000
022008031133190000730000009100000
022008031133190001520006239800001
022008031133190001670000032400000
022008031140190000440000016100000
022008031144890000160000061700000
022008031144890000830001960500000
022008031144890000960000021900000
022008031153090002090046938000007
022008031153090002710000717200000
022008031159990000880000017600000
022008031159990002710000717200000
022008031162690001660000001100000
022008031162690002100009310400002
022008031169990002020000004800000
022008031169990002180000021400000
022008031170390000240000671100000
022008031170390002020000030500000
022008031171290000080000006000000
022008031999990002510000064500000
022008031171290002710000179000000
022008031174690000410000072900000
022008031174690002710001089000000
022008031179990000140000046100000
022008031185190002100002004000001
022008031199990002250001542000000
022008031999990000220000014400000
022008031999990000880000460700000
022008031999990001660000195600000
022008031999990001750002003000000
022008031999990002180002012600000
022008031171290000480000021300000
022008031171290002100015554900003
022008031179990000690000782400000
022008031179990001440000580300000
022008031179990001620000421300000
022008031195290002120000003300000
022008031999990000630001283600000
022008031999990001720000050900000
022008031999990002580000479600000
022008031171290002370000020300000
022008031171290002500000007600000
022008031174690000140000025000000
022008031174690000250001982600000
022008031174690001570000107700000
022008031185190000960000005800000
022008031185190001610000010400000
022008031185190002260001471600000
022008031199990002520000003300000
022008031999990000140000730000000
022008031999990000200000129900000
022008031999990000240002976000000
022008031999990000760029813900003
022008031999990001910000845100000
022008031999990002310000041400000
022008031999990002640000012400000
