061999061350019900000100002012000
061999061350019900000200000987000
061999061350019900000600000258000
061999061350019900003200000005000
061999061350019900003800000012000
061999061350019900116300000065000
061999061350019900116500000017000
061999061350019900116600000012000
061999061350019900116700000025000
061999061350019900116800000003000
061999061350019900116900000001000
061999061350019900117000000002000
061999061350019900117100000063000
061999061350029900000100004181000
061999061350029900000200000658000
061999061350029900000600005800000
061999061350029900003200000002000
061999061350029900003800000028000
061999061350029900116300000144000
061999061350029900116500000065000
061999061350029900116600000013000
061999061350029900116700000113000
061999061350029900116800000008000
061999061350029900116900000002000
061999061350029900117000000007000
061999061350029900117100000024000
061999061350039900000100000197000
061999061350039900000200000741000
061999061350039900000600000805000
061999061350039900116200000012000
061999061350039900116300000025000
061999061350039900116400000339000
061999061350049900000100001531000
061999061350049900000200004549000
061999061350049900000600004089000
061999061350049900003800000078000
061999061350049900116300000515000
061999061350049900117200004995000
061999061350049900117300000196000
061999061350059900000100000521000
061999061350059900000200000288000
061999061350059900000600000312000
061999061350059900003200000000000
061999061350059900003800000000000
061999061350059900116300000008000
061999061350059900116500000008000
061999061350059900116600000000000
061999061350059900116700000013000
061999061350059900116800000004000
061999061350059900116900000001000
061999061350059900117000000000000
061999061350059900117100000004000
061999061350069900000100004975000
061999061350069900000200004230000
061999061350069900000600008147000
061999061350069900003200000015000
061999061350069900003800000113000
061999061350069900116300000396000
061999061350069900116500000431000
061999061350069900116600000024000
061999061350069900116700000195000
061999061350069900116800000015000
061999061350069900116900000018000
061999061350069900117000000025000
061999061350069900117100000110000
061999061350079900000100000019000
061999061350079900000200000091000
061999061350079900000600000163000
061999061350079900116200000000000
061999061350079900116300000005000
061999061350079900116400000169000
061999061350089900000100002655000
061999061350089900000200000629000
061999061350089900000600000854000
061999061350089900003200000002000
061999061350089900003800000003000
061999061350089900116300000039000
061999061350089900116500000139000
061999061350089900116600000006000
061999061350089900116700000019000
061999061350089900116800000001000
061999061350089900116900000002000
061999061350089900117000000002000
061999061350089900117100000072000
061999061350099900000100004238000
061999061350099900000200005086000
061999061350099900000600003134000
061999061350099900003200000019000
061999061350099900003800000019000
061999061350099900116300000217000
061999061350099900116500000296000
061999061350099900116600000024000
061999061350099900116700000106000
061999061350099900116800000011000
061999061350099900116900000014000
061999061350099900117000000007000
061999061350099900117100001261000
061999061350109900000100000158000
061999061350109900000200000348000
061999061350109900000600001043000
061999061350109900003800000008000
061999061350109900116300000061000
061999061350109900117200000719000
061999061350109900117300000036000
061999061350119900000100004102000
061999061350119900000200004434000
061999061350119900000600003903000
061999061350119900003200000008000
061999061350119900003800000019000
061999061350119900116300000258000
061999061350119900116500000368000
061999061350119900116600000026000
061999061350119900116700000177000
061999061350119900116800000024000
061999061350119900116900000008000
061999061350119900117000000017000
061999061350119900117100000025000
061999061350129900000100001969000
061999061350129900000200000554000
061999061350129900000600002569000
061999061350129900003200000006000
061999061350129900003800000006000
061999061350129900116300000051000
061999061350129900116500000172000
061999061350129900116600000013000
061999061350129900116700000053000
061999061350129900116800000004000
061999061350129900116900000005000
061999061350129900117000000002000
061999061350129900117100000238000
061999061350139900000100003208000
061999061350139900000200000607000
061999061350139900000600000855000
061999061350139900003200000003000
061999061350139900003800000004000
061999061350139900116300000215000
061999061350139900116500000380000
061999061350139900116600000004000
061999061350139900116700000025000
061999061350139900116800000005000
061999061350139900116900000005000
061999061350139900117000000005000
061999061350139900117100000008000
061999061350149900000100001921000
061999061350149900000200001113000
061999061350149900000600000836000
061999061350149900116200000062000
061999061350149900116300000055000
061999061350149900116400000368000
061999061350159900000100000269000
061999061350159900000200001517000
061999061350159900000600001995000
061999061350159900116200000025000
061999061350159900116300000038000
061999061350159900116400000581000
061999061350169900000100085085000
061999061350169900000200026277000
061999061350169900000600027619000
061999061350169900003200000396000
061999061350169900003800000739000
061999061350169900116300005591000
061999061350169900116500009718000
061999061350169900116600000375000
061999061350169900116700003101000
061999061350169900116800000380000
061999061350169900116900000276000
061999061350169900117000000452000
061999061350169900117100000939000
061999061350179900000100001575000
061999061350179900000200002261000
061999061350179900000600003469000
061999061350179900116200000271000
061999061350179900116300000156000
061999061350179900116400001611000
061999061350189900000100000627000
061999061350189900000200001174000
061999061350189900000600001136000
061999061350189900003800000029000
061999061350189900116300000232000
061999061350189900117200001312000
061999061350189900117300000317000
061999061350199900000100005178000
061999061350199900000200002615000
061999061350199900000600007871000
061999061350199900003200000023000
061999061350199900003800000056000
061999061350199900116300000132000
061999061350199900116500000164000
061999061350199900116600000039000
061999061350199900116700000116000
061999061350199900116800000010000
061999061350199900116900000011000
061999061350199900117000000011000
061999061350199900117100000121000
061999061350209900000100000826000
061999061350209900000200001678000
061999061350209900000600002824000
061999061350209900003200000001000
061999061350209900003800000000000
061999061350209900116300000062000
061999061350209900116500000056000
061999061350209900116600000001000
061999061350209900116700000021000
061999061350209900116800000000000
061999061350209900116900000001000
061999061350209900117000000002000
061999061350209900117100000002000
061999061350219900000100003974000
061999061350219900000200001250000
061999061350219900000600001961000
061999061350219900003200000008000
061999061350219900003800000014000
061999061350219900116300000187000
061999061350219900116500000348000
061999061350219900116600000340000
061999061350219900116700000141000
061999061350219900116800000721000
061999061350219900116900000005000
061999061350219900117000000014000
061999061350219900117100000061000
061999061350229900000100003851000
061999061350229900000200001210000
061999061350229900000600015609000
061999061350229900003200000014000
061999061350229900003800000219000
061999061350229900116300000188000
061999061350229900116500000272000
061999061350229900116600000037000
061999061350229900116700000160000
061999061350229900116800000019000
061999061350229900116900000036000
061999061350229900117000000024000
061999061350229900117100000034000
061999061350239900000100004043000
061999061350239900000200001728000
061999061350239900000600002526000
061999061350239900003200000002000
061999061350239900003800000007000
061999061350239900116300000130000
061999061350239900116500000294000
061999061350239900116600000021000
061999061350239900116700000068000
061999061350239900116800000011000
061999061350239900116900000000000
061999061350239900117000000007000
061999061350239900117100000026000
061999061350249900000100000366000
061999061350249900000200000919000
061999061350249900000600000774000
061999061350249900003800000017000
061999061350249900116300000095000
061999061350249900117200002655000
061999061350249900117300000023000
061999061350259900000100001115000
061999061350259900000200000142000
061999061350259900000600000362000
061999061350259900003200000002000
061999061350259900003800000002000
061999061350259900116300000016000
061999061350259900116500000180000
061999061350259900116600000002000
061999061350259900116700000016000
061999061350259900116800000001000
061999061350259900116900000000000
061999061350259900117000000002000
061999061350259900117100000004000
061999061350269900000100014801000
061999061350269900000200003763000
061999061350269900000600019377000
061999061350269900003200000054000
061999061350269900003800000090000
061999061350269900116300001065000
061999061350269900116500001168000
061999061350269900116600000497000
061999061350269900116700000544000
061999061350269900116800000081000
061999061350269900116900000065000
061999061350269900117000000042000
061999061350269900117100000339000
061999061350279900000100002847000
061999061350279900000200002722000
061999061350279900000600001451000
061999061350279900003200000002000
061999061350279900003800000007000
061999061350279900116300000108000
061999061350279900116500000187000
061999061350279900116600000011000
061999061350279900116700000054000
061999061350279900116800000013000
061999061350279900116900000004000
061999061350279900117000000006000
061999061350279900117100000009000
061999061350289900000100000695000
061999061350289900000200001880000
061999061350289900000600000582000
061999061350289900003800000030000
061999061350289900116300000080000
061999061350289900117200000696000
061999061350289900117300000033000
061999061350299900000100000185000
061999061350299900000200000653000
061999061350299900000600000722000
061999061350299900003800000002000
061999061350299900116300000019000
061999061350299900117200000664000
061999061350299900117300000026000
061999061350309900000100000257000
061999061350309900000200001291000
061999061350309900000600001965000
061999061350309900116200000188000
061999061350309900116300000049000
061999061350309900116400001173000
061999061350319900000100001548000
061999061350319900000200000389000
061999061350319900000600002552000
061999061350319900003200000003000
061999061350319900003800000005000
061999061350319900116300000098000
061999061350319900116500000126000
061999061350319900116600000009000
061999061350319900116700000055000
061999061350319900116800000004000
061999061350319900116900000008000
061999061350319900117000000020000
061999061350319900117100000020000
061999061350329900000100001198000
061999061350329900000200000940000
061999061350329900000600000511000
061999061350329900003200000003000
061999061350329900003800000003000
061999061350329900116300000043000
061999061350329900116500000022000
061999061350329900116600000008000
061999061350329900116700000023000
061999061350329900116800000002000
061999061350329900116900000006000
061999061350329900117000000003000
061999061350329900117100000010000
061999061350339900000100002051000
061999061350339900000200000501000
061999061350339900000600001971000
061999061350339900003200000010000
061999061350339900003800000006000
061999061350339900116300000064000
061999061350339900116500000071000
061999061350339900116600000016000
061999061350339900116700000034000
061999061350339900116800000018000
061999061350339900116900000007000
061999061350339900117000000004000
061999061350339900117100000018000
061999061350349900000100000219000
061999061350349900000200000293000
061999061350349900000600001102000
061999061350349900003800000002000
061999061350349900116300000024000
061999061350349900117200000397000
061999061350349900117300000004000
061999061380019900000100000575000
061999061380019900000200003901000
061999061380019900000600001236000
061999061380019900003200000010000
061999061380019900003800000025000
061999061380019900116300000106000
061999061380019900116700000055000
061999061380019900117100000066000
061999061380019900130100000009000
061999061380029900000100000035000
061999061380029900000200000539000
061999061380029900000600000233000
061999061380029900116300000007000
061999061380029900129900000000000
061999061380039900000100000058000
061999061380039900000200000516000
061999061380039900000600000223000
061999061380039900116300000142000
061999061380039900129900000005000
061999061380049900000100001901000
061999061380049900000200000759000
061999061380049900000600000430000
061999061380049900003200000004000
061999061380049900003800000007000
061999061380049900116300000154000
061999061380049900116700000023000
061999061380049900117100000027000
061999061380049900130100000003000
061999061380059900000100000121000
061999061380059900000200001092000
061999061380059900000600001916000
061999061380059900003200000004000
061999061380059900003800000005000
061999061380059900116300000051000
061999061380059900116700000014000
061999061380059900117100000028000
061999061380059900130100000007000
061999061380069900000100002782000
061999061380069900000200003652000
061999061380069900000600004365000
061999061380069900003200000025000
061999061380069900003800000874000
061999061380069900116300000315000
061999061380069900116700000187000
061999061380069900117100000320000
061999061380069900130100000036000
061999061380079900000100000247000
061999061380079900000200000671000
061999061380079900000600000520000
061999061380079900116300000020000
061999061380079900116700000004000
061999061380089900000100000428000
061999061380089900000200001246000
061999061380089900000600001473000
061999061380089900116300000084000
061999061380089900116700000040000
061999061380099900000100000355000
061999061380099900000200000492000
061999061380099900000600001192000
061999061380099900116300000030000
061999061380099900116700000027000
061999061380109900000100000365000
061999061380109900000200001740000
061999061380109900000600000741000
061999061380109900003200000004000
061999061380109900003800000001000
061999061380109900116300000158000
061999061380109900116700000021000
061999061380109900117100000014000
061999061380109900130100000003000
061999061380119900000100001299000
061999061380119900000200002675000
061999061380119900000600003078000
061999061380119900003200000003000
061999061380119900003800000007000
061999061380119900116300000214000
061999061380119900116700000048000
061999061380119900117100000149000
061999061380119900130100000004000
061999061380129900000100000127000
061999061380129900000200000543000
061999061380129900000600001118000
061999061380129900003200000003000
061999061380129900003800000000000
061999061380129900116300000034000
061999061380129900116700000010000
061999061380129900117100000027000
061999061380129900130100000002000
061999061380139900000100000254000
061999061380139900000200000347000
061999061380139900003800000004000
061999061380139900116300000012000
061999061380139900130000001090000
061999061380149900000100000187000
061999061380149900000200000489000
061999061380149900000600000488000
061999061380149900116300000033000
061999061380149900116700000037000
061999061380159900000100000211000
061999061380159900000200000933000
061999061380159900000600002253000
061999061380159900003200000001000
061999061380159900003800000006000
061999061380159900116300000037000
061999061380159900116700000025000
061999061380159900117100000024000
061999061380159900130100000001000
061999061380169900000100000222000
061999061380169900000200000505000
061999061380169900000600000320000
061999061380169900116300000013000
061999061380169900116700000061000
061999061380179900000100001605000
061999061380179900000200003953000
061999061380179900000600003101000
061999061380179900003200000018000
061999061380179900003800000022000
061999061380179900116300000184000
061999061380179900116700000194000
061999061380179900117100000106000
061999061380179900130100000028000
061999061380189900000100000118000
061999061380189900000200001236000
061999061380189900000600002158000
061999061380189900003200000000000
061999061380189900003800000006000
061999061380189900116300000072000
061999061380189900116700000015000
061999061380189900117100000042000
061999061380189900130100000003000
061999061380199900000100000589000
061999061380199900000200004149000
061999061380199900000600002283000
061999061380199900003200000005000
061999061380199900003800000013000
061999061380199900116300000277000
061999061380199900116700000019000
061999061380199900117100000022000
061999061380199900130100000010000
061999061380209900000100001729000
061999061380209900000200002859000
061999061380209900000600002830000
061999061380209900003200000009000
061999061380209900003800000151000
061999061380209900116300000180000
061999061380209900116700000102000
061999061380209900117100000409000
061999061380209900130100000013000
061999061380219900000100000081000
061999061380219900000200000886000
061999061380219900000600000428000
061999061380219900116300000023000
061999061380219900129900000013000
061999061380229900000100001622000
061999061380229900000200005980000
061999061380229900000600004585000
061999061380229900003200000011000
061999061380229900003800000024000
061999061380229900116300000243000
061999061380229900116700000067000
061999061380229900117100000083000
061999061380229900130100000020000
061999061380239900000100010264000
061999061380239900000200016065000
061999061380239900000600021774000
061999061380239900003200000165000
061999061380239900003800000446000
061999061380239900116300002877000
061999061380239900116700001428000
061999061380239900117100002681000
061999061380239900130100000191000
061999061380249900000100001468000
061999061380249900000200001653000
061999061380249900000600005436000
061999061380249900116300000101000
061999061380249900116700000249000
061999061380259900000100000277000
061999061380259900000200002380000
061999061380259900000600001306000
061999061380259900003200000004000
061999061380259900003800000005000
061999061380259900116300000042000
061999061380259900116700000024000
061999061380259900117100000035000
061999061380259900130100000007000
061999061380269900000100002084000
061999061380269900000200002654000
061999061380269900000600014465000
061999061380269900003200000030000
061999061380269900003800000042000
061999061380269900116300000790000
061999061380269900116700001546000
061999061380269900117100000409000
061999061380269900130100000046000
061999061380279900000100000889000
061999061380279900000200001177000
061999061380279900000600001583000
061999061380279900116300000025000
061999061380279900116700000052000
061999061380289900000100002303000
061999061380289900000200006102000
061999061380289900000600004701000
061999061380289900003200000007000
061999061380289900003800000068000
061999061380289900116300000459000
061999061380289900116700000145000
061999061380289900117100000381000
061999061380289900130100000016000
061999061380299900000100000148000
061999061380299900000200000233000
061999061380299900000600000317000
061999061380299900116300000073000
061999061380299900116700000008000
061999061380309900000100000099000
061999061380309900000200000503000
061999061380309900000600000887000
061999061380309900116300000013000
061999061380309900116700000025000
061999061380319900000100003001000
061999061380319900000200007259000
061999061380319900000600007473000
061999061380319900003200000027000
061999061380319900003800000064000
061999061380319900116300000781000
061999061380319900116700000152000
061999061380319900117100000729000
061999061380319900130100000032000
061999061380329900000100000926000
061999061380329900000200002952000
061999061380329900000600001296000
061999061380329900003200000005000
061999061380329900003800000014000
061999061380329900116300000190000
061999061380329900116700000113000
061999061380329900117100000117000
061999061380329900130100000016000
061999061380339900000100000297000
061999061380339900000200001256000
061999061380339900000600001618000
061999061380339900116300000025000
061999061380339900116700000018000
061999061380349900000100000387000
061999061380349900000200000717000
061999061380349900000600001871000
061999061380349900003200000006000
061999061380349900003800000002000
061999061380349900116300000054000
061999061380349900116700000022000
061999061380349900117100000027000
061999061380349900130100000001000
061999061380359900000100000424000
061999061380359900000200000882000
061999061380359900000600001518000
061999061380359900003200000001000
061999061380359900003800000155000
061999061380359900116300000050000
061999061380359900116700000026000
061999061380359900117100000040000
061999061380359900130100000004000
061999061380369900000100000416000
061999061380369900000200002270000
061999061380369900000600000402000
061999061380369900116300000329000
061999061380369900129900000045000
061999061380379900000100002342000
061999061380379900000200003489000
061999061380379900000600003364000
061999061380379900116300000280000
061999061380379900116700000167000
061999061380389900000100015865000
061999061380389900000200013125000
061999061380389900000600041762000
061999061380389900003200000180000
061999061380389900003800000477000
061999061380389900116300004050000
061999061380389900116700001551000
061999061380389900117100003632000
061999061380389900130100000239000
061999061380399900000100000580000
061999061380399900000200000754000
061999061380399900000600004129000
061999061380399900003200000008000
061999061380399900003800000006000
061999061380399900116300000112000
061999061380399900116700000085000
061999061380399900117100000083000
061999061380399900130100000017000
061999061380409900000100000329000
061999061380409900000200000377000
061999061380409900000600002348000
061999061380409900003200000002000
061999061380409900003800000006000
061999061380409900116300000032000
061999061380409900116700000016000
061999061380409900117100000010000
061999061380409900130100000004000
061999061380419900000100000213000
061999061380419900000200000583000
061999061380419900000600002860000
061999061380419900003200000003000
061999061380419900003800000005000
061999061380419900116300000122000
061999061380419900116700000020000
061999061380419900117100000048000
061999061380419900130100000003000
061999061380429900000100000123000
061999061380429900000200001228000
061999061380429900000600001833000
061999061380429900003200000002000
061999061380429900003800000004000
061999061380429900116300000056000
061999061380429900116700000009000
061999061380429900117100000040000
061999061380429900130100000007000
061999061380439900000100000747000
061999061380439900000200001820000
061999061380439900000600006761000
061999061380439900003200000011000
061999061380439900003800000270000
061999061380439900116300000356000
061999061380439900116700000140000
061999061380439900117100000666000
061999061380439900130100000023000
061999061380449900000100000200000
061999061380449900000200000697000
061999061380449900000600000932000
061999061380449900003200000001000
061999061380449900003800000001000
061999061380449900116300000008000
061999061380449900116700000003000
061999061380449900117100000008000
061999061380449900130100000004000
061999061380459900000100000264000
061999061380459900000200000902000
061999061380459900000600001245000
061999061380459900116300000154000
061999061380459900116700000031000
061999061380469900000100000722000
061999061380469900000200000830000
061999061380469900000600002961000
061999061380469900003200000010000
061999061380469900003800000009000
061999061380469900116300000236000
061999061380469900116700000083000
061999061380469900117100000113000
061999061380469900130100000015000
061999061380479900000100000160000
061999061380479900000200000221000
061999061380479900000600000950000
061999061380479900116300000010000
061999061380479900116700000041000
061999061380489900000100000512000
061999061380489900000200000599000
061999061380489900003800000015000
061999061380489900116300000033000
061999061380489900130000001472000
061999061380499900000100000071000
061999061380499900000200000795000
061999061380499900000600000864000
061999061380499900116300000032000
061999061380499900129900000006000
061999061380509900000100000085000
061999061380509900000200001299000
061999061380509900000600000609000
061999061380509900116300000012000
061999061380509900129900000019000
061999061380519900000100000993000
061999061380519900000200002312000
061999061380519900000600001849000
061999061380519900003200000002000
061999061380519900003800000006000
061999061380519900116300000029000
061999061380519900116700000026000
061999061380519900117100000036000
061999061380519900130100000007000
061999061380529900000100000119000
061999061380529900000200000451000
061999061380529900000600000363000
061999061380529900003200000001000
061999061380529900003800000014000
061999061380529900116300000007000
061999061380529900116700000005000
061999061380529900117100000007000
061999061380529900130100000005000
061999061380539900000100000345000
061999061380539900000200001044000
061999061380539900000600000905000
061999061380539900116300000061000
061999061380539900116700000027000
