071994061010490000120000012800000
071994061010490000150000003900000
071994061010490000250000034600000
071994061010490000260000009700000
071994061011190000070000017300000
071994061011490000060000011800000
071994061011490000100000115800000
071994061011490000160000015700000
071994061011490000300000017900000
071994061011890000180000012500000
071994061011890000450006476900000
071994061012190000170000004700000
071994061012190000310000004700000
071994061012190000340000073400000
071994061012390000090000007900000
071994061012990000370000035900000
071994061014190000080000013200000
071994061014190000090000020100000
071994061022290000130000002900000
071994061022290000140000046900000
071994061022290000390000001900000
071994061024490000100000025500000
071994061025090000170000014600000
071994061029990000150000010300000
071994061029990000190000038700000
071994061029990000300000030100000
071994061029990000370000018300000
071994061033390000040010572300000
071994061039990000080000016200000
071994061039990000310000014300000
071994061040790000140000168500000
071994061040790000160000175700000
071994061049990000100000256400000
071994061049990000530001740400000
071994061049990000590000767300000
071994061053890000240000000000000
071994061053890000550006152700000
071994061059990000130000031500000
071994061059990000220000000000000
071994061059990000310000024800000
071994061069990000260000008500000
071994061070290000040002247900000
071994061071990000010000003100000
071994061071990000040000982100000
071994061071990000180000003800000
071994061071990000250000009200000
071994061071990000290004269300000
071994061074590000190000018100000
071994061079990000230000028700000
071994061079990000290041740900000
071994061079990000310000014500000
071994061080590000100000055400000
071994061080590000310000001700000
071994061010490000190000018900000
071994061011190000120000032000000
071994061011190000130000025500000
071994061011190000190000050300000
071994061011490000290013473500000
071994061011490000450009470700000
071994061011890000050000009400000
071994061011890000060000011100000
071994061011890000360001190600000
071994061012190000020000005200000
071994061012190000160000011000000
071994061012190000190000017200000
071994061012190000270000067900000
071994061012190000330009797000000
071994061014190000070000011700000
071994061014190000200000030900000
071994061019990000070000069600000
071994061019990000080000083800000
071994061019990000140001424900000
071994061019990000370000168000000
071994061019990000390000081800000
071994061024490000040000503600000
071994061025090000230000013000000
071994061025090000330010550800000
071994061033390000160000026000000
071994061040790000200000006900000
071994061040790000260000009700000
071994061040790000290014737600000
071994061040790000310000009900000
071994061040790000530001740400000
071994061049990000140000168500000
071994061049990000170000007500000
071994061049990000380000006500000
071994061053590000060000016600000
071994061053590000070000010900000
071994061053590000200000013100000
071994061053590000240000000000000
071994061053590000270000174800000
071994061053590000300000014100000
071994061053590000360000017100000
071994061053890000310000013700000
071994061053890000380000011100000
071994061059990000060000034200000
071994061059990000170000016900000
071994061063990000120000046500000
071994061063990000350000004500000
071994061063990000720000010000000
071994061069990000040003239200000
071994061069990000060000011700000
071994061069990000270000414300000
071994061070290000140000044400000
071994061071390000040002473400000
071994061071390000190000015200000
071994061011490000050000009400000
071994061011490000150000006800000
071994061011490000230000016500000
071994061011490000330016885500000
071994061011490000370000024900000
071994061011890000190000031500000
071994061011890000380000003800000
071994061012190000100000071200000
071994061012190000370000010100000
071994061012990000090000014700000
071994061012990000100000299700000
071994061012990000130000018400000
071994061012990000180000024600000
071994061012990000380000009600000
071994061014190000050000025000000
071994061014190000100000281800000
071994061014190000140000263400000
071994061014190000170000016600000
071994061019990000190000312400000
071994061019990000260000088500000
071994061019990000300000240300000
071994061022290000080000003700000
071994061022290000290004179600000
071994061024490000250000006200000
071994061024490000340000035300000
071994061029990000140000282400000
071994061029990000250000057500000
071994061033390000120000063900000
071994061033390000180000014400000
071994061039990000270000816700000
071994061040790000040002878200000
071994061040790000330007243000000
071994061053590000010000021200000
071994061053590000120000038100000
071994061053890000050000017500000
071994061059990000240000000000000
071994061059990000250000138300000
071994061063990000100000179800000
071994061069990000020000021100000
071994061070290000060000005900000
071994061070290000170000003100000
071994061070290000310000003400000
071994061070290000360000004900000
071994061071690000020000003800000
071994061071690000150000001500000
071994061071690000310000000600000
071994061071690000360000001900000
071994061071990000370000001800000
071994061074590000090000006900000
071994061074590000120000005900000
071994061080590000140000032000000
071994061080590000390000001500000
071994061080990000020000017000000
071994061010490000390000004500000
071994061011190000010000026000000
071994061011190000090000028500000
071994061011190000330018215500000
071994061011490000020000012700000
071994061011490000360001543400000
071994061012190000050000006900000
071994061012190000120000011600000
071994061012190000140000040400000
071994061012190000250000028000000
071994061012390000350000004400000
071994061012990000050000032300000
071994061012990000080000014900000
071994061012990000120000033000000
071994061014190000190000056500000
071994061014190000250000139800000
071994061014190000290026492700000
071994061014190000310000012300000
071994061014190000380000010700000
071994061014190000450014794800000
071994061019990000020000140700000
071994061022290000300000004700000
071994061022290000310000002700000
071994061024490000080000001400000
071994061024490000260000002400000
071994061024490000330002461600000
071994061025090000140000218400000
071994061025090000150000006700000
071994061025090000180000027000000
071994061025090000390000005000000
071994061029990000050000019700000
071994061029990000350000008700000
071994061033390000010000009400000
071994061033390000140000113400000
071994061039990000060000015700000
071994061039990000150000007600000
071994061049990000120000031500000
071994061049990000360000012000000
071994061053590000160000028000000
071994061053590000220000000000000
071994061053590000230000022500000
071994061053890000070000013500000
071994061053890000230000016000000
071994061053890000270000252600000
071994061053890000370000022800000
071994061053890000460002121600000
071994061059990000090000024400000
071994061059990000150000020500000
071994061059990000160000054400000
071994061059990000180000048100000
071994061059990000270000427400000
071994061063990000190000019700000
071994061069990000100000179800000
071994061011190000170000014200000
071994061011490000120000017800000
071994061011890000340000084000000
071994061012390000010000006300000
071994061012390000020000008100000
071994061012390000380000003800000
071994061014190000120000038800000
071994061014190000300000039900000
071994061019990000130000108400000
071994061022290000170000001600000
071994061022290000350000002600000
071994061024490000200000002500000
071994061024490000270000060100000
071994061024490000350000001400000
071994061024490000730000002100000
071994061025090000040006351500000
071994061025090000130000007900000
071994061025090000260000007400000
071994061025090000370000011900000
071994061029990000010000020300000
071994061029990000100000315500000
071994061029990000160000033600000
071994061029990000200000013100000
071994061033390000230000014000000
071994061033390000380000006900000
071994061039990000300000031900000
071994061040790000130000010800000
071994061040790000250000048800000
071994061040790000380000006500000
071994061049990000130000010800000
071994061049990000310000009900000
071994061053590000390000017000000
071994061053890000170000009500000
071994061053890000340000030200000
071994061053890000350000008700000
071994061059990000350000016500000
071994061063990000060000011700000
071994061063990000150000005300000
071994061063990000160000022000000
071994061063990000250000048500000
071994061063990000270000414300000
071994061069990000150000005300000
071994061069990000230000010600000
071994061070290000150000002500000
071994061071390000130000007900000
071994061071390000160000013500000
071994061071390000200000002100000
071994061071390000330009820800000
071994061071390000360000004500000
071994061071390000720000005600000
071994061071690000290005820000000
071994061071690000350000010700000
071994061071990000130000002200000
071994061010490000140000067600000
071994061010490000320000000000000
071994061011890000130000010600000
071994061011890000170000004100000
071994061011890000250000066000000
071994061011890000330017528000000
071994061011890000350000006500000
071994061012190000060000006300000
071994061012390000060000005300000
071994061012990000150000008300000
071994061012990000230000034600000
071994061012990000390000009800000
071994061014190000270000332100000
071994061014190000390000021900000
071994061019990000270001633400000
071994061022290000730000007100000
071994061024490000130000001500000
071994061024490000290003251700000
071994061024490000570000527600000
071994061033390000190000042800000
071994061033390000340000029800000
071994061033390000350000008900000
071994061033390000390000005800000
071994061039990000160000026000000
071994061039990000290023115100000
071994061040790000080000012600000
071994061049990000050000010600000
071994061049990000200000006900000
071994061049990000230000011800000
071994061053590000080000014800000
071994061053590000180000023700000
071994061053590000190000027700000
071994061053590000340000036300000
071994061053890000010000024400000
071994061053890000120000029000000
071994061053890000130000020300000
071994061053890000190000029500000
071994061053890000390000017600000
071994061059990000340000066500000
071994061063990000200000006700000
071994061063990000230000010600000
071994061063990000320000000000000
071994061069990000090000009200000
071994061069990000290013087200000
071994061069990000300000034900000
071994061069990000370000009600000
071994061070290000720000007000000
071994061071390000050000004400000
071994061071390000380000003000000
071994061071690000040000813700000
071994061071690000090000002000000
071994061071690000170000000500000
071994061071690000190000005300000
071994061010490000230000009600000
071994061010490000350000005100000
071994061011190000060000022000000
071994061011190000310000018100000
071994061011190000340000221600000
071994061011190000350000016300000
071994061011190000450008129100000
071994061011490000170000008200000
071994061011490000260000008400000
071994061011490000270000187800000
071994061011890000200000007400000
071994061012190000130000008100000
071994061012190000180000008200000
071994061012390000130000009300000
071994061012390000180000007300000
071994061012390000360000982800000
071994061012990000020000044200000
071994061012990000350000010200000
071994061014190000230000032000000
071994061014190000330038459900000
071994061019990000010000120800000
071994061019990000330147928000000
071994061022290000330003460800000
071994061024490000150000001300000
071994061024490000160000003000000
071994061025090000010000012300000
071994061025090000060000017900000
071994061025090000320000000000000
071994061025090000350000004700000
071994061029990000080000011700000
071994061029990000570004413200000
071994061033390000020000011100000
071994061033390000090000010700000
071994061033390000130000013000000
071994061033390000320000000000000
071994061039990000070000010100000
071994061039990000380000006900000
071994061040790000060000018700000
071994061053590000090000011400000
071994061053590000260000010800000
071994061053890000100000177500000
071994061059990000230000038500000
071994061059990000330014962600000
071994061063990000180000013300000
071994061063990000370000009600000
071994061069990000130000011300000
071994061070290000080000004500000
071994061070290000380000002400000
071994061071390000120000007100000
071994061071990000080000002600000
071994061071990000300000010400000
071994061074590000040002602900000
071994061074590000080000004000000
071994061010490000060000008300000
071994061010490000330009676200000
071994061010490000360000493700000
071994061010490000380000003800000
071994061010490000450003175100000
071994061011190000160000039100000
071994061011190000200000014900000
071994061011190000300000031000000
071994061011190000320000000000000
071994061011490000010000011300000
071994061011490000180000009700000
071994061011490000200000007200000
071994061011890000160000035600000
071994061011890000310000007400000
071994061012190000080000005500000
071994061012190000290007180700000
071994061012190000390000006100000
071994061012390000160000015700000
071994061012390000170000004900000
071994061012390000310000006100000
071994061012990000200000009700000
071994061012990000310000012700000
071994061019990000160000233400000
071994061019990000180000116500000
071994061022290000230000004000000
071994061022290000340000026900000
071994061024490000190000003500000
071994061024490000360000001900000
071994061024490000370000002800000
071994061025090000050000007600000
071994061025090000300000021700000
071994061025090000380000003500000
071994061033390000260000009800000
071994061039990000100000257200000
071994061039990000120000063900000
071994061039990000170000006700000
071994061039990000190000042800000
071994061039990000230000014000000
071994061049990000270000238300000
071994061049990000290014737600000
071994061049990000390000007000000
071994061049990000740000235000000
071994061053590000140000106900000
071994061053590000550005215000000
071994061053890000250000059400000
071994061053890000290010127000000
071994061063990000360000004000000
071994061069990000050000006400000
071994061069990000180000013300000
071994061071390000080000004900000
071994061071390000140000053300000
071994061071390000270000237700000
071994061071390000310000004900000
071994061010490000080000006400000
071994061010490000160000019200000
071994061010490000200000003700000
071994061010490000340000037700000
071994061011190000020000028000000
071994061011190000080000023100000
071994061011190000140000556400000
071994061011190000360003252400000
071994061011190000370000030100000
071994061011490000250000077300000
071994061011890000120000018500000
071994061011890000290016867500000
071994061011890000370000016500000
071994061012390000120000016000000
071994061012390000150000004600000
071994061012390000190000033300000
071994061012390000200000006400000
071994061012390000270000145800000
071994061012390000300000018700000
071994061012990000070000011300000
071994061014190000340000143500000
071994061014190000370000030600000
071994061019990000060000104000000
071994061019990000230000160900000
071994061019990000340000921700000
071994061022290000090000004300000
071994061022290000360000002100000
071994061024490000170000001400000
071994061024490000230000002900000
071994061024490000380000000600000
071994061025090000160000021400000
071994061029990000180000055900000
071994061029990000310000015200000
071994061029990000340000203300000
071994061029990000730000023400000
071994061033390000060000015700000
071994061033390000310000014300000
071994061039990000370000015200000
071994061040790000090000014300000
071994061040790000320000000000000
071994061040790000360000012000000
071994061053590000250000078900000
071994061053590000310000011100000
071994061053590000460002901600000
071994061053890000090000013000000
071994061053890000200000013500000
071994061053890000260000013100000
071994061053890000300000016100000
071994061059990000120000067100000
071994061059990000140000184400000
071994061059990000260000023900000
071994061063990000020000021100000
071994061063990000090000009200000
071994061010490000130000007300000
071994061011490000310000009100000
071994061011890000230000012300000
071994061011890000270000244500000
071994061011890000320000000000000
071994061012190000260000007200000
071994061012190000360000792000000
071994061012390000050000004900000
071994061012390000250000084600000
071994061012390000370000009100000
071994061012990000010000025200000
071994061012990000060000019700000
071994061012990000340000243300000
071994061019990000120000180500000
071994061019990000250000595200000
071994061019990000290125493200000
071994061022290000120000009900000
071994061022290000180000023300000
071994061022290000320000000000000
071994061024490000050000001600000
071994061024490000090000001300000
071994061025090000120000046700000
071994061025090000340000141100000
071994061029990000040007865300000
071994061029990000090000016700000
071994061029990000120000059200000
071994061029990000320000000000000
071994061029990000390000008100000
071994061033390000070000010100000
071994061033390000200000008400000
071994061033390000290023115100000
071994061039990000010000009400000
071994061039990000020000011100000
071994061039990000130000013000000
071994061039990000140000113400000
071994061040790000610000035300000
071994061049990000040002878200000
071994061049990000080000012600000
071994061049990000160000175700000
071994061049990000320000000000000
071994061053590000350000007800000
071994061053590000370000018800000
071994061059990000190000057200000
071994061059990000380000019200000
071994061059990000550011367700000
071994061063990000010000010000000
071994061063990000330008505200000
071994061063990000380000004200000
071994061069990000120000046500000
071994061070290000010000002100000
071994061070290000120000007000000
071994061071390000180000004200000
071994061071390000300000014300000
071994061010490000020000006500000
071994061011190000390000018900000
071994061011490000090000010300000
071994061011890000260000008200000
071994061012190000350000005800000
071994061012190000450002900000000
071994061012390000080000006300000
071994061012390000100000080600000
071994061012990000160000055100000
071994061014190000010000030400000
071994061014190000150000011600000
071994061014190000360003642000000
071994061019990000310000077700000
071994061022290000040001010200000
071994061022290000250000012900000
071994061024490000010000001700000
071994061024490000300000003700000
071994061024490000310000001400000
071994061024490000320000000000000
071994061025090000190000027600000
071994061025090000310000011100000
071994061025090000360000006900000
071994061029990000170000017600000
071994061039990000050000967900000
071994061039990000390000005800000
071994061040790000050000010600000
071994061040790000370000017400000
071994061049990000370000017400000
071994061049990000610000035300000
071994061053590000050000012300000
071994061053590000130000011200000
071994061053590000150000008900000
071994061053890000360000011300000
071994061059990000290026484000000
071994061059990000320000000000000
071994061059990000460005023200000
071994061063990000140000114800000
071994061069990000360000004000000
071994061069990000380000004200000
071994061070290000020000004200000
071994061070290000090000005300000
071994061070290000260000005300000
071994061071390000100000100700000
071994061071690000080000001800000
071994061071690000250000009700000
071994061071990000170000001300000
071994061071990000190000004300000
071994061071990000270000119200000
071994061074590000130000008600000
071994061074590000170000004000000
071994061074590000270000271800000
071994061074590000340000020500000
071994061079990000010000018400000
071994061010490000010000007600000
071994061010490000290010190900000
071994061011190000250000085600000
071994061011190000290016752300000
071994061011490000140000077700000
071994061011490000190000052500000
071994061011490000320000000000000
071994061011890000080000005800000
071994061012190000010000005700000
071994061012190000090000005800000
071994061012190000150000002700000
071994061012190000200000006000000
071994061012190000380000005500000
071994061012390000070000004300000
071994061012390000140000061700000
071994061012390000290013517100000
071994061012390000320000000000000
071994061012390000330016496200000
071994061012390000340000027800000
071994061012390000390000004300000
071994061012990000140000200900000
071994061014190000020000024500000
071994061014190000060000019500000
071994061014190000260000013800000
071994061019990000380000057000000
071994061022290000150000002300000
071994061022290000270000143400000
071994061025090000730000014200000
071994061029990000060000026800000
071994061029990000230000019900000
071994061029990000260000012400000
071994061029990000270000620000000
071994061029990000380000005500000
071994061033390000050000967900000
071994061033390000170000006700000
071994061033390000250000098000000
071994061033390000270000816700000
071994061033390000330017398600000
071994061033390000360000006400000
071994061039990000180000014400000
071994061039990000200000008400000
071994061039990000260000009800000
071994061040790000150000007200000
071994061040790000350000006200000
071994061040790000590000767300000
071994061049990000250000048800000
071994061049990000330007243000000
071994061049990000350000006200000
071994061053890000140000077500000
071994061059990000050000029800000
071994061059990000370000041600000
071994061059990000390000034600000
071994061063990000260000008500000
071994061010490000090000007100000
071994061011190000150000014600000
071994061011490000350000039700000
071994061012190000230000010700000
071994061012190000300000009200000
071994061012390000230000011100000
071994061012990000170000010500000
071994061012990000190000052200000
071994061012990000250000079300000
071994061014190000160000042000000
071994061014190000180000020400000
071994061019990000100001315300000
071994061019990000200000086200000
071994061022290000010000006300000
071994061022290000100000055700000
071994061022290000190000007600000
071994061022290000370000003600000
071994061024490000180000005600000
071994061025090000270000416500000
071994061025090000290018332400000
071994061025090000570003039200000
071994061029990000360000010900000
071994061033390000300000031900000
071994061033390000370000015200000
071994061039990000040010572300000
071994061039990000090000010700000
071994061040790000120000031500000
071994061040790000740000235000000
071994061049990000010000017900000
071994061053590000100000209400000
071994061053590000290016357000000
071994061053890000150000011600000
071994061053890000180000024400000
071994061053890000220000000000000
071994061053890000330008397800000
071994061069990000200000006700000
071994061069990000250000048500000
071994061069990000340000057300000
071994061069990000720000010000000
071994061070290000180000007200000
071994061070290000200000002400000
071994061070290000290008210400000
071994061070290000330006998500000
071994061070290000340000015100000
071994061071390000170000003500000
071994061071390000260000004400000
071994061071690000380000000900000
071994061071990000150000001900000
071994061074590000230000008500000
071994061074590000380000003200000
071994061079990000040009120000000
071994061079990000130000028400000
071994061079990000170000012400000
071994061010490000180000010300000
071994061011190000180000023500000
071994061011890000010000008300000
071994061011890000140000156800000
071994061012390000450005305900000
071994061012990000290021018500000
071994061012990000330020869700000
071994061019990000090000104300000
071994061019990000170000067200000
071994061019990000350000101600000
071994061019990000450061399900000
071994061022290000200000001900000
071994061022290000260000002600000
071994061022290000570000846400000
071994061024490000060000003200000
071994061024490000120000002600000
071994061024490000140000017100000
071994061025090000080000006600000
071994061025090000090000011100000
071994061025090000100000234300000
071994061025090000250000038400000
071994061029990000290025763700000
071994061033390000150000007600000
071994061039990000330017398600000
071994061040790000100000256400000
071994061040790000390000007000000
071994061049990000260000009700000
071994061053590000380000008100000
071994061053890000320000000000000
071994061059990000070000024400000
071994061059990000360000028400000
071994061063990000080000007100000
071994061063990000170000008600000
071994061063990000300000034900000
071994061069990000310000006600000
071994061069990000320000000000000
071994061070290000230000008200000
071994061071390000010000003800000
071994061071690000060000003000000
071994061071690000200000001800000
071994061071690000230000002900000
071994061071690000270000094100000
071994061071690000300000008000000
071994061071990000230000002200000
071994061071990000330002308700000
071994061074590000050000004100000
071994061074590000180000005000000
071994061074590000350000003400000
071994061079990000100000431800000
071994061080590000010000001500000
071994061080590000090000002700000
071994061080590000290005458700000
071994061080590000320000000000000
071994061010490000070000004400000
071994061010490000170000004000000
071994061010490000300000035800000
071994061011190000050000022600000
071994061011190000100000238300000
071994061011190000260000020100000
071994061011190000270000226200000
071994061011190000380000013700000
071994061011490000070000009500000
071994061011490000340000090400000
071994061011890000020000011500000
071994061011890000070000006700000
071994061011890000300000019100000
071994061011890000390000007600000
071994061012990000300000068700000
071994061012990000320000000000000
071994061012990000450011147400000
071994061014190000320000000000000
071994061014190000350000013600000
071994061019990000150000056500000
071994061019990000360013604600000
071994061022290000060000005700000
071994061022290000160000009200000
071994061024490000390000001200000
071994061025090000200000008700000
071994061029990000330016473200000
071994061039990000320000000000000
071994061040790000270000238300000
071994061040790000300000021200000
071994061049990000300000021200000
071994061053590000330006564800000
071994061053890000060000017600000
071994061053890000080000021300000
071994061053890000160000026400000
071994061059990000010000045600000
071994061059990000080000036100000
071994061059990000200000026600000
071994061059990000300000030200000
071994061069990000140000114800000
071994061069990000170000008600000
071994061070290000160000012100000
071994061070290000320000000000000
071994061070290000350000002700000
071994061071390000230000006900000
071994061071390000390000003600000
071994061071690000050000000800000
071994061071690000330004261100000
071994061071990000200000001500000
071994061079990000020000018700000
071994061080990000290009917200000
071994061083490000020000004300000
071994061083490000180000003600000
071994061083790000140000074200000
071994061010490000050000006000000
071994061010490000100000076900000
071994061010490000270000126400000
071994061010490000310000007300000
071994061010490000370000010800000
071994061011190000230000034100000
071994061011490000080000008600000
071994061011490000130000011300000
071994061011490000380000006100000
071994061011490000390000008700000
071994061011890000090000009900000
071994061011890000100000151000000
071994061011890000150000004000000
071994061012190000070000004400000
071994061012190000320000000000000
071994061012390000260000004800000
071994061012990000260000016300000
071994061012990000270000302700000
071994061012990000360001707700000
071994061014190000130000017900000
071994061019990000050000116500000
071994061019990000320000000000000
071994061022290000050000010500000
071994061022290000380000001400000
071994061029990000130000012300000
071994061033390000080000016200000
071994061033390000100000257200000
071994061039990000250000098000000
071994061039990000340000029800000
071994061039990000350000008900000
071994061039990000360000006400000
071994061040790000010000017900000
071994061040790000170000007500000
071994061040790000230000011800000
071994061040790000340000021900000
071994061049990000060000018700000
071994061049990000090000014300000
071994061049990000150000007200000
071994061049990000340000021900000
071994061053590000170000007400000
071994061053590000320000000000000
071994061059990000100000386900000
071994061063990000040003239200000
071994061063990000050000006400000
071994061069990000010000010000000
071994061069990000390000004900000
071994061070290000130000006600000
071994061070290000190000019600000
071994061070290000390000002200000
071994061071390000150000003200000
071994061071690000100000037200000
071994061071690000180000002200000
071994061071690000370000001500000
071994061080590000340000010500000
071994061080990000050000004900000
071994061080990000260000012300000
071994061080990000330004332500000
071994061082490000300000014500000
071994061083490000230000004400000
071994061083790000230000007700000
071994061083790000320000000000000
071994061084090000170000001400000
071994061084090000340000018700000
071994061084290000360000001000000
071994061084790000010000007500000
071994061084790000090000010600000
071994061084790000190000024600000
071994061084790000310000008800000
071994061084990000310000003500000
071994061089990000180000055600000
071994061089990000250000189800000
071994061089990000290069736900000
071994061090890000320000000000000
071994061090890000340000228200000
071994061090890000510056861300000
071994061092590000150000002600000
071994061092590000260000004300000
071994061094390000230000011100000
071994061094390000270000138900000
071994061099990000130000081300000
071994061101090000040001906200000
071994061101090000330009422000000
071994061101090000340000021100000
071994061109990000320000000000000
071994061112790000180000006300000
071994061113290000170000003100000
071994061113690000060000012800000
071994061113690000170000010500000
071994061122890000100002273000000
071994061122890000320000000000000
071994061129990000300000167200000
071994061129990000310000056200000
071994061133190000100000201400000
071994061133190000230000009200000
071994061133190000340000163200000
071994061139990000290009400500000
071994061139990000360000005400000
071994061139990000390000003800000
071994061140190000260000005800000
071994061140190000370000006000000
071994061140190000710000663200000
071994061142090000080000017600000
071994061144890000010000034300000
071994061144890000170000015000000
071994061144890000200000023500000
071994061149990000010000058000000
071994061149990000150000019200000
071994061071390000250000025300000
071994061071390000350000003100000
071994061071390000370000005500000
071994061071690000130000003100000
071994061071990000120000004300000
071994061074590000320000000000000
071994061074590000330009608800000
071994061074590000390000003400000
071994061079990000260000017900000
071994061080590000150000002500000
071994061080990000040002279000000
071994061082490000290012724400000
071994061083490000060000005000000
071994061083490000170000001900000
071994061083490000190000006100000
071994061083790000120000012400000
071994061083790000330005821800000
071994061083790000340000024000000
071994061083790000370000009500000
071994061084090000060000005000000
071994061084090000120000005500000
071994061084090000190000007000000
071994061084290000130000006800000
071994061084790000050000008600000
071994061084790000060000012100000
071994061084790000200000007900000
071994061084790000340000028000000
071994061084790000380000004500000
071994061084990000150000001500000
071994061084990000180000003200000
071994061084990000230000003200000
071994061084990000320000000000000
071994061089990000010000039400000
071994061089990000310000039500000
071994061089990000330037432700000
071994061089990000360000028100000
071994061091790000050000006500000
071994061091790000150000008100000
071994061091790000250000050300000
071994061092590000060000009000000
071994061094390000140000090800000
071994061094390000350000025800000
071994061099990000060000122100000
071994061099990000080000172100000
071994061099990000230000101800000
071994061099990000320000000000000
071994061099990000380000043100000
071994061100690000060000010100000
071994061101090000070000003100000
071994061101090000140000048800000
071994061101090000270000167900000
071994061109990000080000009100000
071994061109990000340000040900000
071994061111590000330011739700000
071994061082490000350000114700000
071994061083790000060000008500000
071994061084090000050000003000000
071994061084090000090000003400000
071994061084090000140000033000000
071994061084290000060000001700000
071994061084290000150000001600000
071994061084790000250000040200000
071994061084990000080000005100000
071994061084990000140000039600000
071994061084990000170000002800000
071994061084990000250000013000000
071994061084990000270000186700000
071994061089990000170000028800000
071994061089990000380000025700000
071994061090890000020000100100000
071994061090890000060000088900000
071994061090890000130000056400000
071994061090890000160002096600000
071994061090890000230000073800000
071994061090890000310000062300000
071994061090890000360000097200000
071994061090890000380000032600000
071994061092590000010000004700000
071994061092590000120000026400000
071994061092590000360000004800000
071994061092590000380000002800000
071994061094390000010000014000000
071994061094390000050000009300000
071994061094390000300000012500000
071994061094390000370000010600000
071994061094390000610000024400000
071994061099990000120000448100000
071994061099990000300000141900000
071994061099990000370000105700000
071994061099990000390000071900000
071994061099990000510072137400000
071994061100690000250000060300000
071994061101090000150000088800000
071994061101090000310000004500000
071994061109990000100000202400000
071994061109990000160000024600000
071994061109990000230000011600000
071994061111590000200000011800000
071994061111590000360000015900000
071994061111590000390000014200000
071994061112790000100000049200000
071994061113290000350000003300000
071994061113290000580000127000000
071994061113690000080004516600000
071994061113690000270000240400000
071994061113690000380000044000000
071994061119990000050000038800000
071994061119990000200000030900000
071994061069990000330008505200000
071994061069990000350000004500000
071994061070290000100000097900000
071994061070290000250000024700000
071994061071390000060000007600000
071994061071390000090000006600000
071994061071390000320000000000000
071994061071690000160000005700000
071994061071990000090000003300000
071994061071990000160000005600000
071994061071990000260000001500000
071994061071990000310000001900000
071994061074590000720000010800000
071994061079990000050000015300000
071994061079990000090000024100000
071994061079990000140000224900000
071994061080990000130000080100000
071994061080990000370000012900000
071994061082490000160000017800000
071994061082490000170000005700000
071994061082490000190000018900000
071994061083790000170000003800000
071994061083790000260000008100000
071994061083790000290010340200000
071994061083790000300000012300000
071994061084090000040000807600000
071994061084090000150000002100000
071994061084090000160000006200000
071994061084090000260000003300000
071994061084090000290004314500000
071994061084090000390000000700000
071994061084290000120000004400000
071994061084290000250000008100000
071994061084790000140000116700000
071994061084790000330006946000000
071994061084990000160000006000000
071994061084990000350000051500000
071994061084990000380000002200000
071994061089990000720000301100000
071994061090890000270001407700000
071994061091790000100000102900000
071994061091790000130000008400000
071994061092590000250000027600000
071994061099990000310000087500000
071994061099990000350000072700000
071994061100690000170000005000000
071994061100690000200000005500000
071994061101090000060000006600000
071994061101090000250000028800000
071994061101090000290008921600000
071994061109990000040005905400000
071994061109990000050000010100000
071994061109990000060000016700000
071994061112790000130000005100000
071994061071990000140000033600000
071994061071990000350000001200000
071994061074590000060000008700000
071994061074590000370000004600000
071994061079990000080000017800000
071994061079990000200000011100000
071994061079990000390000012000000
071994061080590000270000342000000
071994061080990000140000104600000
071994061080990000230000008100000
071994061082490000080000017800000
071994061082490000230000009000000
071994061082490000340000024300000
071994061083490000090000003600000
071994061083490000370000004100000
071994061083790000160000016000000
071994061083790000190000013400000
071994061084090000230000004200000
071994061084290000090000000700000
071994061084290000390000000800000
071994061084790000150000005900000
071994061084990000100000048800000
071994061089990000140000608300000
071994061090890000120000339100000
071994061091790000300000010700000
071994061091790000610000027200000
071994061092590000200000003500000
071994061099990000090000072800000
071994061100690000040003999200000
071994061101090000230000004700000
071994061101090000390000003300000
071994061109990000180000014200000
071994061109990000390000008400000
071994061111590000260000015600000
071994061111590000340000073400000
071994061112790000290010491000000
071994061113290000270000052500000
071994061113690000310000011100000
071994061113690000360000010800000
071994061119990000140000505100000
071994061122890000340000232500000
071994061122890000720000070000000
071994061129990000340000232500000
071994061133190000140000132600000
071994061133190000290009400500000
071994061133190000310000004600000
071994061133190000390000003800000
071994061139990000090000003200000
071994061139990000140000132600000
071994061139990000160000037500000
071994061140190000100000125500000
071994061140190000150000005400000
071994061140190000320000000000000
071994061140190000390000002900000
071994061071990000100000059900000
071994061074590000310000003700000
071994061074590000360000003400000
071994061079990000150000011600000
071994061079990000190000062500000
071994061079990000370000018400000
071994061080590000130000021600000
071994061080590000260000002700000
071994061080590000300000006700000
071994061080590000380000002100000
071994061082490000010000006000000
071994061082490000020000006700000
071994061082490000270000284300000
071994061083490000250000018300000
071994061083490000340000010700000
071994061084090000720000011900000
071994061084290000190000004100000
071994061084290000720000004100000
071994061084790000300000024400000
071994061089990000050000038600000
071994061089990000080000050400000
071994061089990000150000030000000
071994061089990000230000054500000
071994061091790000080000011300000
071994061091790000310000012300000
071994061094390000060000009800000
071994061094390000410001768400000
071994061094390000730001492100000
071994061099990000180080661000000
071994061099990000730014128500000
071994061100690000010000175900000
071994061100690000260000005400000
071994061100690000380000004000000
071994061101090000100000087500000
071994061101090000350000002900000
071994061109990000150000127000000
071994061111590000130000020900000
071994061111590000150000009400000
071994061111590000290023702600000
071994061111590000370000038700000
071994061111590000630000035000000
071994061112790000050000005500000
071994061112790000080001565800000
071994061112790000250000016800000
071994061113290000100000035500000
071994061113290000130000006900000
071994061113290000160000007500000
071994061113690000010000020800000
071994061113690000140000167300000
071994061113690000230000016700000
071994061113690000340000023500000
071994061119990000180000042000000
071994061119990000340000114200000
071994061122890000050000068900000
071994061074590000200000003300000
071994061074590000290012699400000
071994061079990000300000062300000
071994061079990000330032997900000
071994061080590000120000004400000
071994061080590000170000001900000
071994061080990000080000007000000
071994061080990000160000016000000
071994061082490000250000035600000
071994061083790000040001824200000
071994061083790000090000005700000
071994061084090000320000000000000
071994061084090000350000002400000
071994061084090000380000001000000
071994061084290000010000001700000
071994061084290000200000000900000
071994061084290000270000071100000
071994061084290000300000002400000
071994061084990000010000003300000
071994061084990000370000005600000
071994061089990000350000225000000
071994061090890000200000051500000
071994061090890000730009779300000
071994061091790000230000008400000
071994061091790000360000011300000
071994061092590000160000098100000
071994061094390000340000050300000
071994061099990000140001042100000
071994061099990000150000057000000
071994061099990000340000334300000
071994061100690000020000014000000
071994061100690000230000006900000
071994061109990000140000109100000
071994061109990000190000051300000
071994061109990000310000008400000
071994061111590000140000227800000
071994061111590000350000012300000
071994061111590000430002699800000
071994061111590000580000142200000
071994061112790000160000010000000
071994061112790000260000006300000
071994061112790000370000007700000
071994061112790000380000015600000
071994061113290000070000004700000
071994061113290000150000004300000
071994061113290000180000004600000
071994061113290000250000021100000
071994061113290000260000005000000
071994061113290000630000008900000
071994061113690000180000015000000
071994061113690000430002160200000
071994061113690000580000109400000
071994061119990000380000174100000
071994061122890000160000160500000
071994061071690000260000002300000
071994061071690000340000011100000
071994061071990000340000010300000
071994061074590000150000002500000
071994061074590000250000028300000
071994061079990000060000029200000
071994061079990000160000053600000
071994061080590000020000001600000
071994061080590000160000006000000
071994061080590000360000001800000
071994061080590000720000007200000
071994061080990000120000033900000
071994061080990000360000004300000
071994061080990000380000002800000
071994061082490000150000004700000
071994061083490000010000001700000
071994061083490000120000005500000
071994061083490000160000004900000
071994061083490000260000002000000
071994061083490000300000009500000
071994061083490000360000002900000
071994061084090000270000238100000
071994061084790000290013108900000
071994061084790000360000004300000
071994061084790000370000007600000
071994061084990000050000003200000
071994061089990000190000105900000
071994061089990000270002352600000
071994061090890000180058147000000
071994061090890000260000045600000
071994061090890000300000111500000
071994061091790000370000013800000
071994061092590000140000048300000
071994061092590000180005790500000
071994061092590000370000007700000
071994061092590000410000766200000
071994061094390000090000008200000
071994061094390000120000038800000
071994061094390000290004820800000
071994061099990000160002542000000
071994061101090000160000009900000
071994061101090000360000004900000
071994061109990000200000007500000
071994061109990000260000010200000
071994061109990000370000022900000
071994061109990000380000007000000
071994061111590000100000167200000
071994061112790000320000000000000
071994061113290000380000020800000
071994061113690000330008641800000
071994061113690000630000028700000
071994061119990000270000684100000
071994061119990000320000000000000
071994061122890000310000056200000
071994061063990000130000011300000
071994061063990000290013087200000
071994061063990000340000057300000
071994061063990000390000004900000
071994061069990000080000007100000
071994061069990000160000022000000
071994061070290000270000170800000
071994061070290000300000011400000
071994061070290000370000005000000
071994061071390000290010741800000
071994061071390000340000019300000
071994061071690000720000021900000
071994061071990000060000004000000
071994061071990000380000000800000
071994061071990000720000005500000
071994061079990000180000022400000
071994061080590000370000002900000
071994061080990000060000014300000
071994061080990000170000004300000
071994061080990000180000007900000
071994061082490000120000014400000
071994061082490000140000092700000
071994061082490000200000006000000
071994061082490000360000005000000
071994061082490000370000009000000
071994061082490000390000004500000
071994061083490000380000002300000
071994061083790000080000004800000
071994061083790000390000004300000
071994061084090000200000002400000
071994061084090000300000008500000
071994061084090000310000003100000
071994061084090000330001965600000
071994061084290000040000421000000
071994061084290000100000021300000
071994061084290000160000001700000
071994061084290000260000001500000
071994061084290000320000000000000
071994061084790000170000005200000
071994061084790000230000012000000
071994061084990000720000005700000
071994061089990000200000034000000
071994061090890000170000049500000
071994061090890000250000532500000
071994061091790000090000006600000
071994061091790000160000190900000
071994061091790000200000013800000
071994061091790000270000101300000
071994061091790000390000010200000
071994061092590000510003524700000
071994061094390000390000007000000
071994061099990000050000069800000
071994061100690000090000009200000
071994061100690000190000034500000
071994061071690000120000003600000
071994061071690000140000024500000
071994061071990000050000002000000
071994061071990000320000000000000
071994061074590000160000016700000
071994061074590000300000018200000
071994061080990000100000149900000
071994061080990000190000016400000
071994061080990000200000005000000
071994061080990000390000004500000
071994061082490000310000006000000
071994061083790000150000005500000
071994061083790000270000292400000
071994061084090000080000001900000
071994061084090000250000012000000
071994061084090000370000003000000
071994061084290000330001295500000
071994061084790000180000011600000
071994061084990000340000011400000
071994061090890000050000049600000
071994061090890000150000040700000
071994061090890000290036897600000
071994061090890000370000073600000
071994061091790000170000006300000
071994061091790000410001175400000
071994061092590000090000003700000
071994061092590000320000000000000
071994061094390000510006394200000
071994061099990000170000066100000
071994061099990000260000065800000
071994061100690000150000038200000
071994061101090000200000002000000
071994061111590000010000016000000
071994061111590000170000013300000
071994061112790000580000059800000
071994061112790000630000009900000
071994061113290000300000006300000
071994061113690000160000031900000
071994061113690000260000013000000
071994061113690000320000000000000
071994061113690000390000010800000
071994061119990000090000042800000
071994061119990000130000051600000
071994061119990000150000026800000
071994061119990000250000161700000
071994061122890000370000068600000
071994061129990000130000079300000
071994061129990000260000054800000
071994061133190000170000058300000
071994061133190000320000000000000
071994061139990000230000009200000
071994061140190000130000005600000
071994061140190000180000005500000
071994061142090000050000006300000
071994061079990000120000027900000
071994061080590000040000779500000
071994061080590000180000002800000
071994061080590000230000003700000
071994061080590000350000002600000
071994061080990000150000004400000
071994061080990000270000269600000
071994061080990000320000000000000
071994061080990000340000028400000
071994061082490000100000144500000
071994061082490000180000011400000
071994061082490000330008181700000
071994061082490000380000006100000
071994061083490000150000001800000
071994061083490000200000002100000
071994061083790000200000005200000
071994061083790000360000003300000
071994061084090000100000075800000
071994061084290000170000001800000
071994061084290000180000001700000
071994061084790000080000007700000
071994061084990000190000007200000
071994061084990000360000003100000
071994061089990000130000444600000
071994061089990000260000053600000
071994061090890000010000112400000
071994061090890000080000141400000
071994061090890000090000054300000
071994061090890000140000811400000
071994061090890000390000050400000
071994061091790000010000012300000
071994061091790000260000007600000
071994061091790000320000000000000
071994061091790000350000005900000
071994061092590000290002947300000
071994061092590000730001111300000
071994061094390000180007387900000
071994061094390000200000007100000
071994061094390000260000008300000
071994061094390000320000000000000
071994061099990000010000143400000
071994061099990000200000075900000
071994061100690000080000004500000
071994061100690000130000010400000
071994061100690000270000209900000
071994061100690000290013267300000
071994061100690000310000003900000
071994061100690000360000006600000
071994061101090000190000016800000
071994061109990000250000089100000
071994061111590000160000032200000
071994061111590000270000321700000
071994061111590000380000093700000
071994061112790000150000003700000
071994061063990000310000006600000
071994061069990000190000019700000
071994061070290000050000004000000
071994061071390000020000004500000
071994061071690000010000000900000
071994061071690000320000000000000
071994061071690000390000001000000
071994061071990000020000002400000
071994061071990000360000001700000
071994061071990000390000001800000
071994061074590000020000003800000
071994061079990000250000097200000
071994061079990000270000893600000
071994061079990000350000021100000
071994061079990000360000016400000
071994061079990000720000050800000
071994061080590000050000002700000
071994061080590000190000008200000
071994061080590000250000013900000
071994061080590000330002478800000
071994061080990000350000008000000
071994061082490000040002597300000
071994061082490000090000005600000
071994061082490000260000008300000
071994061082490000720000007600000
071994061083490000100000054000000
071994061083490000270000164500000
071994061083490000330002966600000
071994061083490000720000034100000
071994061083790000350000029900000
071994061084090000010000003500000
071994061084090000180000003800000
071994061084090000360000002400000
071994061084290000020000001500000
071994061084790000320000000000000
071994061084990000090000003300000
071994061089990000020000051900000
071994061090890000350000037000000
071994061092590000130000004500000
071994061092590000170000004200000
071994061099990000250000667100000
071994061099990000270001728600000
071994061100690000300000015400000
071994061100690000350000003000000
071994061101090000050000003800000
071994061111590000060000017300000
071994061111590000070000013500000
071994061111590000250000071000000
071994061112790000010000006900000
071994061112790000330003928700000
071994061112790000340000010200000
071994061113290000010000006600000
071994061113290000090000005000000
071994061113290000330004523900000
071994061079990000320000000000000
071994061079990000380000010300000
071994061080590000060000004800000
071994061080590000080000002000000
071994061080590000200000001600000
071994061080990000090000008100000
071994061082490000060000009300000
071994061082490000320000000000000
071994061083490000050000003300000
071994061083490000310000003000000
071994061083790000020000005800000
071994061083790000050000003600000
071994061083790000100000125700000
071994061083790000250000021000000
071994061084290000080000000900000
071994061084790000020000009600000
071994061084790000130000094000000
071994061084790000270000503900000
071994061084790000720000051200000
071994061084990000040000748300000
071994061084990000120000005500000
071994061084990000200000002900000
071994061084990000260000005400000
071994061089990000040014254800000
071994061089990000090000043700000
071994061089990000100000848800000
071994061089990000120000110700000
071994061089990000300000110300000
071994061089990000340000167600000
071994061089990000370000057100000
071994061089990000390000025900000
071994061090890000410024667900000
071994061091790000290002705900000
071994061091790000380000004800000
071994061092590000050000004400000
071994061092590000610000010000000
071994061094390000150000005600000
071994061094390000160000156400000
071994061094390000250000056700000
071994061099990000100001466500000
071994061099990000290047371600000
071994061100690000340000019800000
071994061101090000130000006600000
071994061101090000300000011700000
071994061109990000330024837500000
071994061109990000350000005900000
071994061111590000300000025000000
071994061112790000060000006100000
071994061113690000050000013400000
071994061119990000010000050300000
071994061119990000230000041100000
071994061122890000040047061300000
071994061129990000170000029600000
071994061129990000380000029100000
071994061080990000010000006500000
071994061080990000250000027700000
071994061082490000050000007900000
071994061083490000140000100500000
071994061083490000290005224400000
071994061083490000320000000000000
071994061083490000350000004500000
071994061083790000130000079800000
071994061083790000180000009600000
071994061083790000380000003900000
071994061083790000720000011000000
071994061084090000130000018600000
071994061084290000230000002200000
071994061084790000260000010000000
071994061084790000350000010000000
071994061084990000060000003700000
071994061084990000130000027800000
071994061084990000290005974400000
071994061090890000610000257900000
071994061091790000060000014400000
071994061091790000510005357200000
071994061092590000230000008500000
071994061092590000270000080700000
071994061092590000310000004900000
071994061092590000350000004000000
071994061094390000100000116800000
071994061094390000130000012000000
071994061094390000380000002900000
071994061099990000410028377900000
071994061100690000050000006300000
071994061100690000160000014700000
071994061100690000320000000000000
071994061100690000390000005100000
071994061101090000260000004800000
071994061109990000010000545700000
071994061109990000070000006900000
071994061109990000130000017000000
071994061109990000270000377800000
071994061109990000360000011500000
071994061111590000320000000000000
071994061112790000140000046900000
071994061112790000170000003200000
071994061112790000300000004900000
071994061113290000120000011200000
071994061113290000200000002900000
071994061113290000230000004400000
071994061113690000120000046900000
071994061119990000290063436400000
071994061119990000630000082500000
071994061122890000080000114900000
071994061122890000140001835400000
071994061122890000260000054800000
071994061122890000330057750900000
071994061129990000360000072700000
071994061083790000310000005300000
071994061084090000020000002500000
071994061084290000140000015000000
071994061084290000290002674200000
071994061084290000310000000800000
071994061084290000340000011600000
071994061084290000350000001400000
071994061084790000100000173400000
071994061084790000160000021900000
071994061084990000020000002900000
071994061084990000330003444200000
071994061089990000060000064400000
071994061089990000160000096500000
071994061091790000120000043800000
071994061091790000140000091600000
071994061091790000730001745800000
071994061092590000080000006900000
071994061094390000080000012500000
071994061094390000170000006100000
071994061094390000360000011400000
071994061099990000020000135700000
071994061099990000360000124700000
071994061100690000140000060300000
071994061101090000010000369800000
071994061109990000020000023800000
071994061109990000170000008100000
071994061109990000290022188900000
071994061111590000230000015000000
071994061111590000310000016400000
071994061112790000120000012900000
071994061113290000290009376100000
071994061113690000100000113000000
071994061119990000060000039800000
071994061119990000350000027600000
071994061119990000580000438400000
071994061122890000090000079800000
071994061122890000360000072700000
071994061133190000160000037500000
071994061139990000370000006100000
071994061140190000170000005200000
071994061140190000200000004000000
071994061142090000090000004400000
071994061142090000100000187200000
071994061144890000260000017200000
071994061149990000620000051600000
071994061159990000130000018700000
071994061162690000050000002200000
071994061162690000230000005500000
071994061162690000260000003200000
071994061169990000020000015900000
071994061169990000190000006700000
071994061169990000260000003200000
071994061170390000260000016700000
071994061170390000340000075500000
071994061074590000010000008500000
071994061074590000100000136100000
071994061074590000140000069100000
071994061074590000260000004400000
071994061079990000340000076300000
071994061080990000300000017400000
071994061080990000310000007300000
071994061080990000720000168300000
071994061082490000130000046700000
071994061083490000040000938600000
071994061083490000080000003200000
071994061083490000130000069200000
071994061083490000390000002000000
071994061083790000010000007700000
071994061084290000050000001400000
071994061084290000370000002500000
071994061084290000380000000800000
071994061084790000040003859300000
071994061084790000120000024700000
071994061084790000390000005200000
071994061084990000300000014600000
071994061084990000390000002400000
071994061089990000320000000000000
071994061090890000100001189700000
071994061091790000020000011800000
071994061091790000180009335600000
071994061091790000340000038400000
071994061092590000020000005700000
071994061092590000100000057100000
071994061092590000300000007200000
071994061092590000340000017400000
071994061092590000390000004300000
071994061094390000020000018100000
071994061094390000310000008000000
071994061099990000610000319500000
071994061100690000070000003800000
071994061100690000100000114900000
071994061100690000180000008700000
071994061100690000330015415500000
071994061100690000370000006400000
071994061101090000020000009800000
071994061101090000090000005500000
071994061101090000180000005500000
071994061101090000370000016500000
071994061101090000380000003000000
071994061111590000090000016100000
071994061111590000180000016100000
071994061112790000270000069500000
071994061112790000360000003900000
071994061113290000050000004400000
071994061113290000370000006700000
071994061113690000290019866700000
071994061119990000390000031800000
071994061119990000430005898800000
071994061149990000370000027100000
071994061153090000010000008100000
071994061153090000200000006700000
071994061153090000310000009000000
071994061153090000380000008100000
071994061159990000010000008100000
071994061159990000090000018100000
071994061159990000160000046200000
071994061159990000230000018400000
071994061159990000390000005800000
071994061162690000180000005500000
071994061162690000190000006700000
071994061162690000320000000000000
071994061170390000250000141000000
071994061170390000320000000000000
071994061171290000200000009800000
071994061171290000300000010700000
071994061171290000330007684300000
071994061174690000290047209200000
071994061174690000360000020000000
071994061179990000440027799900000
071994061185190000070000000300000
071994061185190000100000012700000
071994061185190000150000001000000
071994061185190000160000002800000
071994061185190000330000618300000
071994061189990000070000000300000
071994061189990000080000000700000
071994061189990000160000002800000
071994061189990000230000001200000
071994061195290000230000001400000
071994061195290000250000002000000
071994061199990000390000000700000
071994061999990000070023933900000
071994061999990000140008241000000
071994061999990000150000483600000
071994061999990000260000499200000
071994061112790000070000004200000
071994061112790000090000007800000
071994061112790000200000004200000
071994061113290000140000063100000
071994061113290000310000003500000
071994061113290000320000000000000
071994061113290000430000447000000
071994061113690000070000014200000
071994061113690000250000052800000
071994061113690000350000008300000
071994061119990000160000081600000
071994061122890000020000249300000
071994061122890000250000196500000
071994061122890000390000024100000
071994061129990000020000249300000
071994061129990000090000079800000
071994061129990000290120999900000
071994061133190000060000015500000
071994061133190000470002939300000
071994061139990000150000004600000
071994061139990000270000200500000
071994061142090000010000012800000
071994061142090000260000007100000
071994061142090000290003724500000
071994061144890000350000011900000
071994061149990000350000033300000
071994061153090000080000011600000
071994061153090000190000048000000
071994061159990000180000037300000
071994061159990000330017030000000
071994061159990000370000014300000
071994061162690000350000002100000
071994061169990000080000003000000
071994061169990000180000005500000
071994061169990000270000183800000
071994061169990000330003943000000
071994061169990000720000004000000
071994061170390000060000027700000
071994061171290000100000126700000
071994061171290000160000072100000
071994061171290000320000000000000
071994061171290000560000835700000
071994061174690000050000014400000
071994061174690000200000051200000
071994061179990000120000168000000
071994061179990000390000033400000
071994061185190000350000001200000
071994061189990000270000014500000
071994061195290000040000090000000
071994061195290000340000001500000
071994061195290000350000000800000
071994061199990000060000001200000
071994061199990000080000001500000
071994061199990000290000913400000
071994061119990000300000053100000
071994061122890000060000105100000
071994061122890000230000117300000
071994061129990000160000160500000
071994061129990000320000000000000
071994061133190000270000200500000
071994061133190000330005710200000
071994061140190000160000026100000
071994061140190000350000004900000
071994061140190000360000003300000
071994061142090000390000002700000
071994061142090000420002160900000
071994061142090000620000013700000
071994061144890000120006564700000
071994061144890000230000023200000
071994061144890000360000010000000
071994061144890000380000006400000
071994061149990000180000029500000
071994061153090000340000071700000
071994061153090000360000010700000
071994061159990000260000013700000
071994061162690000100000092600000
071994061162690000140000055300000
071994061162690000150000002000000
071994061162690000300000010100000
071994061162690000370000004600000
071994061162690000390000001800000
071994061169990000130000005700000
071994061170390000290029977100000
071994061170390000520000663800000
071994061170390000560000879900000
071994061171290000360000006000000
071994061171290000370000007400000
071994061174690000060000039800000
071994061174690000100000734700000
071994061179990000250000348200000
071994061179990000260000045300000
071994061179990000290088244800000
071994061179990000300000124700000
071994061179990000310000045200000
071994061185190000050000001000000
071994061185190000360000004200000
071994061189990000380000000700000
071994061195290000200000000400000
071994061195290000360000004000000
071994061195290000390000000700000
071994061199990000090000001200000
071994061112790000350000003700000
071994061112790000390000003100000
071994061113290000080001726100000
071994061113290000340000007100000
071994061113290000360000004100000
071994061113690000130000018700000
071994061113690000200000012000000
071994061113690000300000016900000
071994061119990000070000036600000
071994061119990000360000034700000
071994061122890000200000040700000
071994061129990000050000068900000
071994061129990000180000148400000
071994061129990000370000068600000
071994061133190000150000004600000
071994061133190000300000029900000
071994061139990000380000003000000
071994061140190000080000009700000
071994061142090000160000049100000
071994061144890000250000066700000
071994061144890000620000029200000
071994061144890000710003051000000
071994061149990000250000114600000
071994061153090000060000026600000
071994061153090000260000013700000
071994061153090000390000005800000
071994061169990000060000008000000
071994061169990000390000001800000
071994061170390000050000012500000
071994061170390000140000409500000
071994061170390000160000166700000
071994061170390000300000066400000
071994061174690000370000029000000
071994061179990000060000077700000
071994061185190000010000000500000
071994061185190000170000000700000
071994061189990000060000000900000
071994061189990000150000001000000
071994061189990000320000000000000
071994061189990000340000005000000
071994061195290000080000001500000
071994061199990000070000000600000
071994061199990000150000000500000
071994061199990000190000001500000
071994061199990000260000001600000
071994061999990000220000000000000
071994061999990000300001173300000
071994061999990000340002902500000
071994061142090000130000005800000
071994061142090000170000024000000
071994061142090000360000004500000
071994061142090000380000002800000
071994061144890000080000048800000
071994061144890000180000014900000
071994061149990000270000390100000
071994061153090000040007193100000
071994061162690000130000005700000
071994061169990000120000024600000
071994061169990000380000002200000
071994061170390000230000022800000
071994061174690000340000124700000
071994061179990000100001328400000
071994061179990000270001852200000
071994061185190000200000000800000
071994061185190000260000001100000
071994061185190000340000005000000
071994061185190000380000000700000
071994061195290000100000009600000
071994061199990000040000090000000
071994061199990000130000000600000
071994061199990000200000000400000
071994061199990000310000001200000
071994061199990000360000004000000
071994061199990000380000000500000
071994061122890000150000059700000
071994061122890000270004856200000
071994061122890000300000167200000
071994061129990000100002273000000
071994061133190000260000009200000
071994061139990000260000009200000
071994061139990000310000004600000
071994061140190000270000096300000
071994061140190000290003097200000
071994061140190000300000005100000
071994061140190000310000003700000
071994061142090000180000009100000
071994061142090000250000027200000
071994061144890000050000028500000
071994061144890000270000209500000
071994061149990000080000076100000
071994061149990000130000030100000
071994061149990000140000235800000
071994061149990000260000030100000
071994061149990000390000014100000
071994061153090000140000145800000
071994061153090000230000018400000
071994061153090000290028713500000
071994061159990000050000009600000
071994061159990000190000048000000
071994061159990000250000070400000
071994061162690000020000015900000
071994061162690000120000024600000
071994061162690000380000002200000
071994061169990000100000092600000
071994061169990000150000002000000
071994061170390000150000010200000
071994061170390000270000671600000
071994061171290000340000040000000
071994061174690000090000027800000
071994061179990000520003570300000
071994061185190000230000001200000
071994061185190000270000014500000
071994061189990000020000000600000
071994061189990000140000005900000
071994061189990000300000002400000
071994061189990000370000001800000
071994061195290000060000001200000
071994061195290000170000000600000
071994061195290000370000000800000
071994061199990000010000001600000
071994061199990000250000002000000
071994061199990000320000000000000
071994061122890000170000029600000
071994061122890000190000170600000
071994061129990000200000040700000
071994061129990000350000045500000
071994061133190000620000010200000
071994061139990000120002401600000
071994061140190000250000020700000
071994061142090000150000005300000
071994061142090000710004127600000
071994061144890000320000000000000
071994061149990000050000039400000
071994061149990000230000043100000
071994061149990000340000106900000
071994061153090000050000009600000
071994061153090000070000011900000
071994061153090000100000300200000
071994061153090000130000018700000
071994061153090000250000070400000
071994061153090000300000030600000
071994061153090000330017030000000
071994061159990000020000012100000
071994061159990000070000011900000
071994061159990000200000006700000
071994061159990000320000000000000
071994061162690000290006952000000
071994061169990000170000008000000
071994061169990000290006952000000
071994061169990000350000002100000
071994061170390000100000467000000
071994061170390000360000019100000
071994061171290000080000005600000
071994061171290000090000006700000
071994061171290000170000012700000
071994061171290000250000036800000
071994061171290000270000286700000
071994061171290000350000004500000
071994061174690000010000032800000
071994061174690000250000170400000
071994061174690000320000000000000
071994061179990000010000079900000
071994061179990000080000038800000
071994061179990000340000240200000
071994061179990000560010538900000
071994061179990000610000196500000
071994061185190000040000085700000
071994061185190000140000005900000
071994061189990000090000001200000
071994061189990000100000012700000
071994061189990000250000002100000
071994061189990000360000004200000
071994061195290000050000000900000
071994061195290000160000001400000
071994061199990000330000772100000
071994061199990000340000001500000
071994061133190000250000029200000
071994061139990000080000007900000
071994061139990000540000283500000
071994061140190000340000017000000
071994061142090000300000004700000
071994061142090000540005449900000
071994061149990000540023362600000
071994061153090000020000012100000
071994061159990000140000145800000
071994061162690000200000005100000
071994061162690000720000004000000
071994061169990000310000002600000
071994061170390000130000023000000
071994061170390000330020418800000
071994061171290000230000007200000
071994061171290000440002133600000
071994061171290000520000619900000
071994061174690000120000106200000
071994061174690000310000022500000
071994061179990000130000051800000
071994061179990000160000472300000
071994061179990000170000043400000
071994061185190000250000002100000
071994061189990000170000000700000
071994061189990000260000001100000
071994061195290000090000001200000
071994061195290000140000006000000
071994061999990000320000000000000
071994061999990000390000376500000
071994061101090000080000004600000
071994061101090000170000003100000
071994061101090000320000000000000
071994061109990000090000014700000
071994061109990000300000027100000
071994061111590000050000015500000
071994061111590000080005442200000
071994061111590000120000042500000
071994061112790000310000005400000
071994061112790000430000591800000
071994061113290000060000003600000
071994061113290000390000003700000
071994061113690000090000013900000
071994061113690000150000009400000
071994061119990000080013250700000
071994061119990000120000113500000
071994061119990000260000039900000
071994061122890000290120999900000
071994061122890000350000045500000
071994061129990000060000105100000
071994061129990000150000059700000
071994061129990000250000196500000
071994061133190000080000007900000
071994061139990000100000201400000
071994061139990000320000000000000
071994061140190000380000003200000
071994061142090000270000084300000
071994061144890000060000032200000
071994061144890000340000049200000
071994061149990000420008643500000
071994061153090000160000046200000
071994061159990000270000639200000
071994061162690000080000003000000
071994061169990000200000005100000
071994061169990000360000002900000
071994061170390000120000041000000
071994061170390000170000010900000
071994061170390000440008641700000
071994061170390000610000075100000
071994061171290000260000006600000
071994061174690000330032786600000
071994061174690000350000011300000
071994061174690000520002286600000
071994061174690000610000100300000
071994061179990000200000073900000
071994061185190000020000000600000
071994061185190000060000000900000
071994061185190000370000001800000
071994061189990000040000085700000
071994061195290000130000000600000
071994061195290000150000000500000
071994061195290000330000772100000
071994061199990000160000001400000
071994061199990000170000000600000
071994061142090000060000021800000
071994061142090000330004919600000
071994061142090000350000016500000
071994061144890000130000018700000
071994061144890000330009359300000
071994061144890000370000014200000
071994061149990000120014085900000
071994061159990000040007193100000
071994061159990000150000006500000
071994061159990000170000009200000
071994061159990000290028713500000
071994061159990000300000030600000
071994061159990000360000010700000
071994061162690000090000004700000
071994061162690000170000008000000
071994061162690000270000183800000
071994061162690000330003943000000
071994061169990000050000002200000
071994061170390000080000014800000
071994061170390000380000012300000
071994061171290000120000020800000
071994061171290000730000046400000
071994061174690000150000016500000
071994061174690000230000030400000
071994061174690000560008823300000
071994061179990000330060889700000
071994061185190000300000002400000
071994061189990000310000000300000
071994061195290000070000000600000
071994061195290000270000018500000
071994061199990000300000001800000
071994061199990000350000000800000
071994061999990000050001484600000
071994061999990000130001001900000
071994061999990000240000000000000
071994061112790000230000005000000
071994061119990000100000364900000
071994061119990000310000036400000
071994061119990000330028834100000
071994061122890000010000176200000
071994061122890000120000182700000
071994061129990000080000114900000
071994061129990000120000182700000
071994061133190000010000009800000
071994061133190000050000007900000
071994061133190000370000006100000
071994061139990000180000014100000
071994061139990000340000163200000
071994061140190000010000010900000
071994061140190000050000004600000
071994061140190000230000007400000
071994061140190000420001397400000
071994061144890000160000074400000
071994061144890000540015771800000
071994061149990000170000044200000
071994061149990000200000040400000
071994061149990000290015801000000
071994061149990000360000017800000
071994061153090000090000018100000
071994061162690000010000002700000
071994061162690000060000008000000
071994061162690000160000010000000
071994061162690000310000002600000
071994061162690000340000047700000
071994061169990000250000015000000
071994061169990000300000010100000
071994061170390000390000011900000
071994061171290000060000010200000
071994061171290000610000021100000
071994061174690000080000018400000
071994061174690000160000233500000
071994061179990000090000059100000
071994061179990000380000027600000
071994061185190000190000001500000
071994061185190000310000000300000
071994061185190000390000000600000
071994061189990000180000001700000
071994061189990000350000001200000
071994061195290000290000913400000
071994061195290000310000001200000
071994061195290000380000000500000
071994061199990000100000009600000
071994061999990000290745390000028
071994061113690000370000020000000
071994061119990000170000030100000
071994061119990000370000073100000
071994061122890000130000079300000
071994061122890000380000029100000
071994061129990000010000176200000
071994061129990000040047061300000
071994061129990000140001835400000
071994061129990000230000117300000
071994061129990000330057750900000
071994061129990000720000070000000
071994061133190000130000005000000
071994061133190000710000860700000
071994061139990000050000007900000
071994061139990000330005710200000
071994061142090000200000012900000
071994061144890000300000013500000
071994061149990000090000015200000
071994061159990000350000007800000
071994061159990000380000008100000
071994061162690000250000015000000
071994061169990000010000002700000
071994061169990000090000004700000
071994061169990000340000047700000
071994061170390000310000017900000
071994061170390000370000027900000
071994061171290000050000004300000
071994061171290000140000096000000
071994061174690000130000020600000
071994061174690000170000019800000
071994061174690000300000047600000
071994061179990000370000064300000
071994061179990000730000248200000
071994061185190000320000000000000
071994061189990000010000000500000
071994061189990000190000001500000
071994061195290000010000001600000
071994061195290000260000001600000
071994061199990000050000000900000
071994061999990000090000560200000
071994061999990000170000464000000
071994061999990000370000734900000
071994061133190000350000002800000
071994061139990000060000015500000
071994061139990000130000005000000
071994061139990000170000058300000
071994061139990000620000010200000
071994061140190000060000012200000
071994061140190000330002227400000
071994061142090000340000040700000
071994061142090000370000006900000
071994061144890000090000008200000
071994061149990000060000066200000
071994061149990000160000149600000
071994061149990000300000023300000
071994061149990000330016506300000
071994061149990000710007841800000
071994061153090000180000037300000
071994061153090000270000639200000
071994061153090000320000000000000
071994061153090000370000014300000
071994061159990000060000026600000
071994061159990000080000011600000
071994061159990000340000071700000
071994061162690000360000002900000
071994061171290000380000003900000
071994061179990000230000060400000
071994061179990000350000027500000
071994061179990000360000045100000
071994061185190000180000001700000
071994061189990000200000000800000
071994061189990000290001209400000
071994061195290000320000000000000
071994061199990000230000001400000
071994061199990000270000018500000
071994061999990000040249767100009
071994061999990000360014044500000
071994061129990000390000024100000
071994061133190000180000014100000
071994061133190000540000283500000
071994061139990000200000047300000
071994061139990000300000029900000
071994061139990000350000002800000
071994061139990000710000860700000
071994061140190000090000002600000
071994061140190000540002140900000
071994061140190000620000008700000
071994061142090000310000004000000
071994061142090000320000000000000
071994061144890000100000400600000
071994061144890000390000008500000
071994061144890000420005085200000
071994061149990000100000713300000
071994061149990000310000015000000
071994061149990000380000012400000
071994061153090000150000006500000
071994061153090000350000007800000
071994061159990000120000020700000
071994061169990000040001419300000
071994061169990000140000055300000
071994061169990000230000005500000
071994061169990000320000000000000
071994061174690000260000022000000
071994061174690000270000893900000
071994061179990000150000030300000
071994061185190000130000000500000
071994061185190000290001209400000
071994061189990000130000000500000
071994061195290000180000000700000
071994061199990000140000006000000
071994061199990000370000000800000
071994061999990000270018341800000
071994061999990000350000619700000
071994061170390000350000011700000
071994061170390000730000078700000
071994061171290000010000014200000
071994061171290000150000003600000
071994061171290000310000004800000
071994061171290000390000003200000
071994061174690000140000540800000
071994061174690000380000011400000
071994061174690000390000018300000
071994061174690000440017024600000
071994061179990000050000031200000
071994061179990000320000000000000
071994061185190000090000001200000
071994061189990000050000001000000
071994061189990000330000618300000
071994061195290000020000000700000
071994061195290000300000001800000
071994061199990000020000000700000
071994061999990000060000784500000
071994061999990000200000522600000
071994061999990000250002969200000
071994061122890000180000148400000
071994061129990000190000170600000
071994061129990000270004856200000
071994061133190000090000003200000
071994061133190000120002401600000
071994061133190000200000047300000
071994061133190000360000005400000
071994061133190000380000003000000
071994061139990000010000009800000
071994061139990000250000029200000
071994061139990000470002939300000
071994061140190000120001089100000
071994061140190000140000050100000
071994061142090000120006432100000
071994061142090000140000062600000
071994061142090000230000012500000
071994061144890000140000123100000
071994061144890000150000008500000
071994061144890000290008979300000
071994061144890000310000007300000
071994061149990000320000000000000
071994061153090000120000020700000
071994061153090000170000009200000
071994061159990000100000300200000
071994061159990000310000009000000
071994061162690000040001419300000
071994061169990000160000010000000
071994061169990000370000004600000
071994061170390000010000032900000
071994061170390000090000024600000
071994061170390000200000012900000
071994061171290000130000008200000
071994061171290000290011058500000
071994061174690000730000123100000
071994061179990000140001046300000
071994061185190000080000000700000
071994061189990000390000000600000
071994061195290000190000001500000
071994061999990000080013922100000
071994061999990000100010956700000
071994061999990000120018032400000
071994061999990000180086591300003
071994061999990000190001614400000
071994061999990000010001358000000
071994061999990000160004223700000
071994061999990000020051853200002
071994061999990000230000749900000
071994061999990000380000443100000
071994061199990000180000000700000
071994061999990000310000468900000
071994061999990000330571970700022
