101995051010490000020010406000012
101995051010490000880002758100002
101995051010490001900009915000011
101995051011190000020014502300009
101995051011190000140002797800001
101995051011190000880007375600004
101995051011190000900006867000005
101995051011190001900013954900011
101995051011191102710001652200001
101995051011490000020012403400007
101995051011490000140002390000001
101995051011490000880011879000007
101995051011490001900013410500012
101995051011890000020017174900011
101995051011890000880006775200003
101995051011890001900016562100013
101995051012190000020007288700008
101995051012190000880003248400003
101995051012190001900010306000014
101995051012390000020013561000010
101995051012390000880005580300003
101995051012390001900015240400014
101995051012990000020020614900013
101995051012990000880013726200007
101995051012990001900016175200008
101995051012990002650003643800003
101995051014190000020020931900006
101995051014190000140013811300004
101995051014190000880016480500005
101995051014190001900031840000016
101995051022290000010004353200011
101995051022290000020004002200009
101995051022290000150002532200004
101995051022290000840000739100001
101995051024490000010002798000009
101995051024490000020003466500011
101995051024490000150001695600005
101995051025090000010012172000011
101995051025090000020020258500012
101995051025090000150007416900002
101995051025090000840005152600002
101995051070290000010008164200010
101995051070290000020009763800013
101995051070290003150002777300002
101995051071390000010011935900012
101995051071390000020012534900013
101995051071690000010005690900012
101995051071690000020006408400013
101995051071990000010003077600009
101995051071990000020004534700014
101995051071990003150001223300002
101995051074590000010012551100012
101995051074590000020014167800014
101995051074590003150002589900001
101995051080590000010002387900006
101995051080590000020005990000017
101995051080590000450000719400001
101995051080590001620001054700001
101995051080990000010004524200006
101995051080990000020010494600017
101995051080990000450002174500002
101995051082490000010010041900010
101995051082490000020013192300013
101995051082490000450001963900002
101995051082490002950003471500002
101995051083490000010003706000007
101995051083490000020005493300017
101995051083490000450000645500001
101995051083790000010007722800009
101995051083790000020011503200015
101995051083790000450001486100001
101995051084090000010002231300006
101995051084090000020004658000017
101995051084090000450000756500002
101995051084290000010001339200008
101995051084290000020002908400016
101995051084294217310000171500001
101995051084790000010009912500011
101995051084790000020014123200014
101995051084790000450003278000002
101995051084990000010004402300009
101995051084990000020006776500015
101995051084990000450000515100001
101995051090890000020031745700003
101995051090890000160065711900018
101995051090890000170013929800001
101995051090890001410034765500007
101995051090890001460086103700022
101995051091790000160011580900016
101995051091790000170002603700001
101995051091790001460007455700010
101995051092590000020002307400002
101995051092590000160007880700014
101995051092590001460005641400008
101995051092590003410000153700001
101995051094390000020003892000003
101995051094390000160012176300015
101995051094390001460007475600009
101995051100690000010016601700015
101995051100690000020014403100010
101995051100690000410005370000002
101995051101090000010010858200015
101995051101090000020010324200010
101995051111590000020026656400017
101995051111590001040020908800012
101995051111590001110007040000002
101995051112790000020013229400018
101995051112790001040004383600004
101995051112790001110003049000003
101995051113290000020011490900017
101995051113290001040005224600005
101995051113290001110003274900003
101995051113690000020024395700019
101995051113690001040011670500005
101995051113690001110007445900003
101995051170390000010026515300012
101995051170390000020032647300017
101995051170390001720007875000002
101995051171290000010009705000009
101995051171290000020012751100015
101995051171290001720001928400001
101995051174690000010041889900011
101995051174690000020052020500017
101995051174690001720016165800002
101995051174690001790011418200001
