031986061142092090050007701900000
031986061142092090090007752700000
031986061142092090110007837900001
031986061053863860060000047400000
031986061053843840030002918100000
031986061053843840420000702600000
031986061053513510110002082600000
031986061053523520160000112300000
031986061053873870110000079100000
031986061053853850370000217800000
031986061195295290090000037800000
031986061195295290110000035400000
031986061142092090010000296100000
031986061142092090020000316200000
031986061142092090280000279400000
031986061083493490090000341900000
031986061083493490120000298300000
031986061083493490180000291600000
031986061084794790010000904000000
031986061084794790180000810600000
031986061084794790220000765000000
031986061101091090020000496200000
031986061101091090070000471100000
031986061101091090230000555800000
031986061014194190060006269900000
031986061014194190090006116400000
031986061014194190320005809600000
031986061080590590150000229400000
031986061080590590160000266300000
031986061080590590190000238300000
031986061071391390060001052000000
031986061071391390080000984000000
031986061071391390110000954300000
031986061162692690010000292400000
031986061162692690020000254700000
031986061162692690200000276800000
031986061080990990020000597100000
031986061080990990040000555600000
031986061080990990140000705400000
031986061153093090020002392600000
031986061153093090130002315500000
031986061153093090190002364400000
031986061083793790130000529800000
031986061083793790160000497800000
031986061083793790200000376500000
031986061012192190030001018900000
031986061012192190110000912400000
031986061012192190270000956700000
031986061082492490100000691800000
031986061082492490140000765800000
031986061082492490190000717800000
031986061033393390040005513400000
031986061033393390050005526000000
031986061033393390080005537400000
031986061011891890230002642500000
031986061011891890270002614400000
031986061011891890310002770600000
031986061012392390170003796200000
031986061171291290050000638500000
031986061171291290120000626600000
031986061171291290130000723000000
031986061084294290020000159300000
031986061084294290200000138600000
031986061084294290230000137800000
031986061022292290090000385600000
031986061022292290220000470400000
031986061022292290240000403100000
031986061084994990110000229700000
031986061084994990120000206900000
031986061084994990170000249300000
031986061185195190040000036500000
031986061185195190070000035500000
031986061024494490210000124500000
031986061100690690140001799000000
031986061100690690150001842500000
031986061100690690200001776600000
031986061084094090020000214500000
031986061084094090030000266000000
031986061084094090170000241700000
031986061040730730070000070600000
031986061122892890170014776700000
031986061122892890220014647800000
031986061122892890370015480900000
031986061012992990130004192100000
031986061012992990160003891200000
031986061012992990190003795200000
031986061010490490030001039200000
031986061063993990070000870900000
031986061063993990170000954700000
031986061063993990260000849200000
031986061140190190070000113600000
031986061140190190150000101100000
031986061140190190170000105700000
031986061174694690040006066900000
031986061174694690200005834300000
031986061174694690270006258000000
031986061170390390070002849300000
031986061170390390150002905600000
031986061170390390180003188100000
031986061040710710190000516000000
031986061040710710210000545700000
031986061144894890010000939800000
031986061144894890040000981700000
031986061144894890160000920800000
031986061074594590070001337100000
031986061074594590140001314800000
031986061074594590160001377700000
031986061025095090080001684300000
031986061025095090130001826200000
031986061025095090190001748000000
031986061071991990050000407200000
031986061071991990150000427500000
031986061071991990220000392300000
031986061011191190180002308200000
031986061011191190260002425500000
031986061011191190290002091800000
031986061070290290140000866400000
031986061070290290180000851100000
031986061070290290190000825900000
031986061011491490020004552600000
031986061011491490210004520900000
031986061011491490260004682100000
031986061133193190020000403200000
031986061133193190140000389700000
031986061133193190280000445300000
031986061071691690140000310700000
031986061071691690170000323000000
031986061071691690190000303400000
031986061170390390220001139000000
031986061053843840080000130800000
031986061053843840250000103200000
031986061122892890070003831100000
031986061122892890150002740700000
031986061122892890310002538900000
031986061053513510240000142500000
031986061053513510260000215600000
031986061063993990190000382400000
031986061084094090040000087600000
031986061084094090100000072400000
031986061084094090190000064200000
031986061014194190050001005600000
031986061014194190280000977600000
031986061014194190330001089200000
031986061070290290100000188900000
031986061070290290170000174300000
031986061070290290200000204900000
031986061100690690010000231100000
031986061100690690070000261500000
031986061100690690160000219500000
031986061084794790030000706700000
031986061084794790040000630300000
031986061084794790060000617400000
031986061080990990070000266800000
031986061080990990100000197800000
031986061080990990160000247100000
031986061133193190220000181000000
031986061012992990010000529300000
031986061012992990240000401300000
031986061012992990250000420200000
031986061033393390060001149100000
031986061033393390090000971300000
031986061033393390160000996200000
031986061022292290030000082100000
031986061022292290190000106500000
031986061022292290210000088700000
031986061091791790010000082900000
031986061091791790030000086400000
031986061091791790200000094400000
031986061171291290070000398400000
031986061171291290220000349400000
031986061171291290230000362700000
031986061011891890170000917900000
031986061011891890210000892000000
031986061011891890260000861900000
031986061012192190040000160500000
031986061012192190080000181000000
031986061012192190210000149300000
031986061122892890040004969500000
031986061122892890270005847000000
031986061122892890480004765700000
031986061071391390090000154500000
031986061071391390170000119300000
031986061063993990240000316700000
031986061083793790090000299000000
031986061083793790110000481500000
031986061083793790190000495800000
031986061082492490020000405300000
031986061082492490160000392000000
031986061082492490200000332300000
031986061080990990050000349700000
031986061080990990090000364600000
031986061080990990180000519900000
031986061084794790050000334300000
031986061084794790100000290000000
031986061084794790130000372200000
031986061012392390040000214400000
031986061012392390070000230300000
031986061012392390140000183900000
031986061022292290120000167500000
031986061022292290150000206300000
031986061022292290180000191500000
031986061011891890180000214100000
031986061011891890240000226300000
031986061011891890290000275500000
031986061100690690060000178900000
031986061100690690080000267500000
031986061100690690210000158000000
031986061084994990040000073600000
031986061084994990080000108400000
031986061084994990100000130400000
031986061083793790060000087800000
031986061083793790230000076600000
031986061083793790270000103100000
031986061082492490030000312100000
031986061082492490180000236300000
031986061082492490210000216900000
031986061153093090140000316900000
031986061122892890100000068000000
031986061122892890230000119200000
031986061122892890280000062700000
031986061144894890230000115100000
031986061094394390040009858900001
031986061094394390120009746100001
031986061094394390130010137900001
031986061092592590020005377200000
031986061092592590130005383400000
031986061092592590180005543500001
031986061091791790050007589300000
031986061091791790080008037300001
031986061091791790190007413500000
031986061090890890090095914100001
031986061090890890170098942000001
031986061090890890190100150100001
031986061090890890040000285400000
031986061092592590050000027900000
031986061091791790290000048500000
031986061094394390150000066800000
031986061113293290050004965900000
031986061113293290100005312900001
031986061113293290160004867800000
031986061113693690130012491400000
031986061113693690190012796300000
031986061113693690230013234600001
031986061111591590050018112100001
031986061111591590100018455400001
031986061111591590150018996900001
031986061112792790120005075900001
031986061112792790200004818700000
031986061112792790250005036100000
031986061140190190010004291500001
031986061140190190030004218100001
031986061140190190220004202600001
031986061144894890080015611700000
031986061144894890220015966100001
031986061144894890270015845200000
031986061142092090070007728700000
031986061142092090150007583000000
031986061142092090210007606700000
031986061113293290140000345100000
031986061113293290190000233700000
031986061113293290220000220700000
031986061113693690060001815200000
031986061113693690160002254000000
031986061113693690240001960100000
031986061112792790110000279200000
031986061112792790170000342200000
031986061112792790220000280400000
031986061111591590060001792200000
031986061111591590130002144600000
031986061111591590160001684200000
031986061040710710140000748200000
031986061040710710340000718700000
031986061084294290060001786900000
031986061084294290090001856000000
031986061084294290210002053800001
031986061082492490050011957300001
031986061082492490070012049500001
031986061082492490240012329200001
031986061162692690110006274400001
031986061162692690130006184000001
031986061162692690160006127200001
031986061053853850160000986300000
031986061012192190060012678100001
031986061012192190190012479000001
031986061012192190260012310900001
031986061080590590110002569800000
031986061080590590170002648800000
031986061080590590180002520700000
031986061040710710040010348200001
031986061040710710170010777700001
031986061011891890160020202600001
031986061011891890220020526600001
031986061011891890300020244000001
031986061010490490050010621500001
031986061010490490080010970700001
031986061010490490130010702900001
031986061053873870220000109700001
031986061025095090040018403000001
031986061025095090140019021100001
031986061025095090210018120700001
031986061012392390100019828400001
031986061012392390110019490200001
031986061012392390180019296000001
031986061074594590020012764000001
031986061074594590030012621600001
031986061074594590180012597600001
031986061040720720090001126800001
031986061101091090010011472000001
031986061101091090090011940800001
031986061101091090160011674500001
031986061195295290080000581200000
031986061195295290100000558900000
031986061063993990010012214700001
031986061063993990150012539300001
031986061063993990200012127900001
031986061033393390150026928800001
031986061033393390210027027700001
031986061033393390230027609300001
031986061071391390050013039700001
031986061071391390070012910600001
031986061071391390210013343500001
031986061170390390010029047700001
031986061170390390030030334900001
031986061170390390040029457100001
031986061174694690020053889800001
031986061174694690080052094100001
031986061174694690110052711500001
031986061071691690060005425900001
031986061071691690090005340000001
031986061071691690120005506500001
031986061171291290110011442200001
031986061171291290160011674900001
031986061171291290190011492100001
031986061012992990040026396700001
031986061012992990200027824900001
031986061012992990270026744500001
031986061090890890230006574000000
031986061090890890310006735900000
031986061090890890320005529700000
031986061094394390190000651500000
031986061094394390230000707500000
031986061094394390320000833900000
031986061092592590080000591500000
031986061092592590260000550200000
031986061092592590270000679200000
031986061091791790070000875800000
031986061091791790220001056300000
031986061091791790250000786300000
031986061101091090030001436300000
031986061101091090050001390200000
031986061101091090200001642500000
031986061100690690040000431400000
031986061100690690100000531800000
031986061100690690170000402700000
031986061090890890130000436700000
031986061090890890250000570200000
031986061090890890370000470700000
031986061071991990010000060900000
031986061071991990090000076400000
031986061071991990100000047100000
031986061053843840230000029500000
031986061053843840260000044500000
031986061094394390090000036100000
031986061094394390330000045900000
031986061094394390340000034200000
031986061122892890060001276800000
031986061122892890300001890700000
031986061122892890380001373200000
031986061080990990010000154300000
031986061091791790210000043700000
031986061170390390140000210100000
031986061170390390230000213400000
031986061170390390300000261100000
031986061171291290250000075900000
031986061012992990170000103300000
031986061012992990180000107500000
031986061012992990230000115500000
031986061040710710060000108000000
031986061040710710100000090300000
031986061083493490030000044700000
031986061083493490190000064200000
031986061025095090010000098800000
031986061025095090240000140400000
031986061025095090280000099700000
031986061033393390070000214000000
031986061033393390110000169600000
031986061033393390130000152300000
031986061063993990110000187500000
031986061063993990210000186600000
031986061063993990230000145200000
031986061080590590020000051100000
031986061014194190040000120300000
031986061014194190110000113500000
031986061014194190140000173700000
031986061053853850270000016600000
031986061012192190150000026200000
031986061012192190220000039000000
031986061112792790080000032000000
031986061112792790140000021300000
031986061112792790150000032800000
031986061011191190080000099800000
031986061011191190190000075000000
031986061011191190200000082400000
031986061011491490190000182000000
031986061024494490180000044400000
031986061101091090150000070500000
031986061101091090180000060600000
031986061162692690120000047700000
031986061070290290160000148300000
031986061144894890020000081100000
031986061144894890050000121100000
031986061144894890170000107000000
031986061084094090080000067600000
031986061174694690050001436100000
031986061174694690120001033300000
031986061174694690230001112400000
031986061113293290090000031500000
031986061113293290110000020400000
031986061113293290130000023300000
031986061113693690090000084100000
031986061113693690140000139000000
031986061113693690220000100300000
031986061084294290130000048300000
031986061083793790010000065200000
031986061083793790040000062500000
031986061011891890020000081200000
031986061011891890050000110900000
031986061011891890250000098200000
031986061142092090130000026200000
031986061142092090160000024600000
031986061142092090270000031800000
031986061082492490080000076600000
031986061082492490120000088800000
031986061071391390010000215100000
031986061071391390020000176100000
031986061071391390220000194800000
031986061010490490120000040300000
031986061010490490140000050500000
031986061010490490270000079300000
031986061111591590190000137400000
031986061111591590220000086700000
031986061111591590300000095600000
031986061153093090180000256700000
031986061084794790170000104900000
031986061084794790200000153300000
031986061084794790210000118700000
031986061133193190060003711600000
031986061133193190090003735300000
031986061133193190230003695800000
031986061144894890120009608900000
031986061144894890210009552600000
031986061144894890260009491100000
031986061140190190100001533800000
031986061140190190110001522600000
031986061140190190190001576200000
031986061091791790330000025200000
031986061090890890290000206800000
031986061090890890330000192200000
031986061090890890390000337100000
031986061084094090120000017900000
031986061014194190200000034900000
031986061142092090190000016200000
031986061142092090260000022500000
031986061022292290010000026400000
031986061022292290200000034600000
031986061070290290020000012600000
031986061153093090200000088100000
031986061092592590330000024700000
031986061074594590200000026300000
031986061091791790020000039400000
031986061071391390190000028000000
031986061080590590040000014600000
031986061011491490060000058000000
031986061071691690020000016300000
031986061090890890380000286400000
031986061140190190050000018600000
031986061171291290060000021000000
031986061174694690180000112500000
031986061122892890130000326800000
031986061040710710290000025700000
031986061033393390170000039900000
031986061101091090110000051300000
031986061083493490230000018200000
031986061094394390160000034800000
031986061025095090200000062200000
031986061170390390080000060700000
031986061053513510040000215600000
031986061063993990030000024700000
031986061063993990180000043700000
031986061053843840200000109200000
031986061010490490200000065000000
031986061071991990060000022700000
031986061084794790230000075700000
031986061082492490220000061000000
031986061083793790050000032200000
031986061011191190280000025800000
031986061133193190030000044400000
031986061144894890180000089000000
031986061111591590070000050200000
031986061012392390030000035300000
031986061090890890220000142300000
031986061033393390120000492000000
031986061033393390240000466000000
031986061033393390250000390300000
031986061070290290060000115800000
031986061070290290070000138000000
031986061070290290090000147200000
031986061053853850120000008600000
031986061071391390140000411000000
031986061071391390150000277600000
031986061071391390160000226800000
031986061084994990060000113300000
031986061084994990160000148500000
031986061084994990190000167700000
031986061053843840190000135400000
031986061053843840380000108400000
031986061170390390050000868200000
031986061170390390090001084800000
031986061170390390130000924500000
031986061011491490040000449300000
031986061011491490100000372900000
031986061011491490160000342100000
031986061071991990120000101900000
031986061071991990170000087200000
031986061071991990200000092600000
031986061010490490170000455700000
031986061010490490180000550800000
031986061010490490260000481800000
031986061024494490090000094300000
031986061024494490100000125700000
031986061024494490110000103900000
031986061084294290030000085100000
031986061084294290070000087800000
031986061084294290180000111200000
031986061014194190030000324800000
031986061014194190150000322400000
031986061014194190270000466100000
031986061133193190130000485500000
031986061133193190240000505900000
031986061133193190270000521500000
031986061122892890350004699100000
031986061122892890390003137600000
031986061122892890470002667800000
031986061074594590010000206800000
031986061074594590130000204500000
031986061074594590190000241000000
031986061053533530190000010500000
031986061162692690070000280800000
031986061162692690180000271900000
031986061162692690190000251600000
031986061171291290030000547200000
031986061171291290040000582600000
031986061171291290170000664200000
031986061012192190020000150900000
031986061012192190180000123200000
031986061012192190250000127500000
031986061153093090090000737900000
031986061153093090100000610000000
031986061153093090210000524200000
031986061071691690030000215000000
031986061071691690070000186400000
031986061071691690110000206800000
031986061083493490060000163500000
031986061083493490100000221400000
031986061083493490150000201300000
031986061012992990060000390100000
031986061012992990150000542700000
031986061012992990220000373000000
031986061011191190060000394400000
031986061011191190110000446000000
031986061011191190160000558200000
031986061185195190060000047400000
031986061185195190140000049300000
031986061101091090100000370900000
031986061101091090120000356900000
031986061101091090220000347800000
031986061084094090070000113700000
031986061084094090130000106100000
031986061084094090180000097800000
031986061053513510050000657000000
031986061053513510230000597200000
031986061040730730280000092900000
031986061053523520100000028200000
031986061040720720130000154300000
031986061080590590050000090400000
031986061080590590060000071800000
031986061080590590090000118600000
031986061053873870180000000500000
031986061025095090020000341100000
031986061025095090050000364700000
031986061025095090170000476500000
031986061053863860280000007100000
031986061174694690140000752700000
031986061174694690150000852900000
031986061174694690220001088800000
031986061040710710080001842200000
031986061040710710330001925600000
031986061063993990050000359100000
031986061063993990060000340700000
031986061024494490010003459400001
031986061024494490120003395300001
031986061024494490190003368600001
031986061011491490050021895100001
031986061011491490130021733600001
031986061011491490200021527700001
031986061053513510030009560400001
031986061053513510220009115200001
031986061083793790150007829300001
031986061083793790180007415000001
031986061083793790260007615300001
031986061011191190100027713800001
031986061011191190120027042400001
031986061011191190300026438600001
031986061053533530210000114000000
031986061100690690110019868900001
031986061100690690120019719900001
031986061100690690220020081500001
031986061071991990020003070700000
031986061071991990070003147300000
031986061071991990130003187600001
031986061153093090050024584300001
031986061153093090060025092400001
031986061153093090160024355700001
031986061084994990020004607300001
031986061084994990070004438500000
031986061084994990090004570000000
031986061133193190070009204400001
031986061133193190180009162600001
031986061133193190250009049400001
031986061083493490040004153700001
031986061083493490080004278300001
031986061083493490200004104000000
031986061185195190030001034000001
031986061185195190100001050900001
031986061040730730220001119400000
031986061122892890120095312300001
031986061122892890240093785100001
031986061122892890260100162200001
031986061022292290040005173400001
031986061022292290050005096200001
031986061022292290080004998900001
031986061084794790020010972300001
031986061084794790090010898600001
031986061084794790140011351400001
031986061053863860400000445700001
031986061014194190020045274100001
031986061014194190100046467800001
031986061014194190260045749600001
031986061084094090060002709300000
031986061084094090160002848100001
031986061084094090200002739700000
031986061070290290030008866400001
031986061070290290040008884700001
031986061070290290230009003000001
031986061053523520200001096900001
031986061080990990110007415800001
031986061080990990120007017600000
031986061080990990130006915000000
031986061053843840010010984900001
031986061053843840390010465000001
031986061011191190010000181500000
031986061011191190030000202900000
031986061011191190050000278200000
031986061012992990050000293200000
031986061012992990080000467900000
031986061010490490060000072900000
031986061010490490110000058900000
031986061010490490160000125300000
031986061012192190130000064700000
031986061012192190140000057300000
031986061012192190160000094700000
031986061011891890010000453700000
031986061011891890040000511800000
031986061011891890120000425300000
031986061012392390020000043400000
031986061012392390120000034800000
031986061012392390210000091100000
031986061014194190130000219500000
031986061014194190230000113300000
031986061014194190290000132400000
031986061011491490030000153800000
031986061011491490090000120500000
031986061011491490120000116600000
031986061111591590230000207200000
031986061063993990040000069200000
031986061113293290270000047300000
031986061122892890160002665600000
031986061122892890340001952600000
031986061122892890420001963900000
031986061113693690030000442400000
031986061033393390010000187700000
031986061033393390100000225700000
031986061033393390190000176600000
031986061082492490150000122600000
031986061083493490160000010600000
031986061083493490170000019300000
031986061092592590030000398400000
031986061092592590190000365500000
031986061092592590200000471900000
031986061090890890060009907500000
031986061090890890110010351200000
031986061090890890180010619800000
031986061094394390100000943100000
031986061094394390240000953800000
031986061094394390260001001900000
031986061091791790230000653000000
031986061091791790340000480000000
031986061091791790160000530100000
031986061022292290110000030200000
031986061010490490090000085900000
031986061133193190040000057300000
031986061011491490140000061000000
031986061174694690060000196700000
031986061174694690260000124800000
031986061053523520270000008700000
031986061074594590120000035600000
031986061053843840330000056800000
031986061162692690170000030700000
031986061142092090200000066300000
031986061024494490020000031600000
031986061053533530090000004000000
031986061040730730250000010000000
031986061122892890090000203900000
031986061122892890200000265900000
031986061053863860360000001400000
031986061091791790090000049300000
031986061185195190090000004300000
031986061094394390060000028400000
031986061094394390200003994400000
031986061094394390360004118400000
031986061195295290010000671200001
031986061195295290070000682600001
031986061063993990020009101100000
031986061063993990090009273600001
031986061063993990130009203100000
031986061074594590050009823800000
031986061074594590080009900600001
031986061074594590090009826300000
031986061053843840050004345800000
031986061053843840240004080200000
031986061100690690030009023600000
031986061100690690050009084900001
031986061100690690090008814600000
031986061025095090110009705700000
031986061025095090230009774600000
031986061025095090260010665800001
031986061084794790070008200800000
031986061084794790110008478500001
031986061084794790120008432800000
031986061092592590060002832000000
031986061092592590210002867500000
031986061092592590280002877400000
031986061083793790030006802500001
031986061083793790080006535800000
031986061083793790140006747100000
031986061091791790150002441400000
031986061091791790180002330600000
031986061091791790240002308400000
031986061153093090030017056500000
031986061153093090070017714500001
031986061153093090080017431900000
031986061142092090220002661400000
031986061142092090250002757400000
031986061142092090290002709200000
031986061012192190090004233600001
031986061012192190100004006600000
031986061012192190120004089600000
031986061053533530120000051200000
031986061053873870150000088600000
031986061040720720270000964700000
031986061011891890090009666600000
031986061011891890190009723100001
031986061011891890280008921900000
031986061144894890090006985900000
031986061144894890110006760900000
031986061144894890200006734000000
031986061080990990030007448700001
031986061080990990170007400800001
031986061080990990190007814800001
031986061033393390140016074400001
031986061033393390180015829100000
031986061033393390220015913800000
031986061171291290010008238500000
031986061171291290080008108000000
031986061171291290100008293100001
031986061112792790030008200400001
031986061112792790090008418900001
031986061112792790160008153900001
031986061111591590040018251900001
031986061111591590210017462400000
031986061111591590240017221900000
031986061113693690050015290400001
031986061113693690070015093600001
031986061113693690210015144400001
031986061133193190010007857800000
031986061133193190100007850900000
031986061133193190110007976500001
031986061090890890240002715100000
031986061091791790270000515800000
031986061083793790020000196300000
031986061083793790120000147800000
031986061083793790220000141500000
031986061014194190300000317800000
031986061014194190340000346700000
031986061014194190350000468300000
031986061122892890140000550100000
031986061122892890190000477900000
031986061122892890450000454400000
031986061094394390350000378500000
031986061092592590140000437900000
031986061112792790070000303000000
031986061112792790280000362600000
031986061112792790290000294200000
031986061113693690150000913800000
031986061113693690260000756900000
031986061113693690300000810600000
031986061113293290070000238800000
031986061113293290170000285700000
031986061113293290280000241600000
031986061112792790040000024700000
031986061140190190200000032700000
031986061071691690130000016100000
031986061012392390240000066100000
031986061144894890240000205100000
031986061090890890200000299600000
031986061153093090150000076600000
031986061011191190020000039800000
031986061014194190080000079800000
031986061053873870300000000200000
031986061011891890030000088500000
031986061092592590110000013600000
031986061053513510250000134400000
031986061071991990190000019400000
031986061084294290040000019900000
031986061195295290050000004900000
031986061063993990160000041900000
031986061113293290260000018700000
031986061012992990100000133800000
031986061100690690020000056500000
031986061012192190230000022100000
031986061111591590260000115300000
031986061101091090140000038800000
031986061025095090250000089000000
031986061170390390100000076600000
031986061070290290210000015000000
031986061171291290260000039400000
031986061053853850410000007400000
031986061071391390130000062900000
031986061195295290020000455500000
031986061195295290030000454200000
031986061170390390120000081800000
031986061170390390320000054300000
031986061090890890160000308400000
031986061092592590170000024300000
031986061142092090170000038000000
031986061070290290250000028800000
031986061094394390050000044900000
031986061162692690080000021800000
031986061091791790300000022400000
031986061174694690100003694800000
031986061174694690160003249800000
031986061174694690190003063000000
031986061171291290140000589700000
031986061171291290210000723900000
031986061171291290240000610900000
031986061170390390280000962500000
031986061170390390290000720400000
031986061174694690210007039500000
031986061174694690280007986500000
031986061174694690310006549300000
031986061171291290020000174300000
031986061171291290150000142100000
031986061171291290270000142300000
031986061170390390020000281900000
031986061170390390110000202100000
031986061170390390310000172900000
031986061011191190040000209500000
031986061011191190150000275500000
031986061011191190240000196400000
031986061025095090100000445300000
031986061025095090150000302600000
031986061070290290110000100800000
031986061070290290120000102500000
031986061070290290150000138000000
031986061053843840020000084200000
031986061053843840350000101700000
031986061122892890010001737600000
031986061122892890410002751000000
031986061122892890440001724000000
031986061113693690110000180800000
031986061113693690280000202600000
031986061040730730160000027300000
031986061053513510010002703000000
031986061053843840170001038000000
031986061053843840310001110100000
031986061053523520080000061800000
031986061084294290110000175000000
031986061084294290140000064100000
031986061084294290190000115700000
031986061113293290240000520400000
031986061185195190020000052200000
031986061185195190130000049500000
031986061040720720230000368700000
031986061053523520280000947100000
031986061053533530150000540100000
031986061053843840290005297600001
031986061053843840140005100800000
031986061053863860100000242200000
031986061053513510020000660400000
031986061053513510170000541400000
031986061053853850090000634800000
031986061053533530140000560400001
031986061101091090130006160500000
031986061101091090170006135900000
031986061101091090210006346400001
031986061140190190020002145100000
031986061140190190210002064400000
031986061140190190240002094800000
031986061053863860070000000000000
031986061122892890320078981800001
031986061122892890360076556900000
031986061122892890400077141500000
031986061011191190090008739400000
031986061011191190130008993600001
031986061011191190250008788500000
031986061084294290120002154300001
031986061084294290150002096200001
031986061084294290170002250300001
031986061083493490010004123600000
031986061083493490050004223300001
031986061083493490110004211400001
031986061012992990090010559600001
031986061012992990120010435700000
031986061012992990140009980800000
031986061070290290240005618700000
031986061070290290050005535600000
031986061070290290130005695900001
031986061162692690050005610100000
031986061162692690060005762100001
031986061162692690140005556000000
031986061084094090090003062000001
031986061084094090110003205500001
031986061084094090150002978400001
031986061170390390160017904000000
031986061170390390240017227000000
031986061170390390250017962500001
031986061053513510130008933600000
031986061053513510180009361900001
031986061174694690070031751200000
031986061174694690090031258800000
031986061174694690170032082100001
031986061082492490010009419800000
031986061082492490230009625500001
031986061082492490270009359800000
031986061071391390040008120200000
031986061071391390120008192800001
031986061071391390180008153000000
031986061024494490070002651200000
031986061024494490130002673800000
031986061024494490150002719500001
031986061010490490020005156100000
031986061010490490190005074100000
031986061010490490210005330800001
031986061080590590070003253100001
031986061080590590080003159000000
031986061080590590130003047000000
031986061113293290120006424600001
031986061113293290200006612400001
031986061113293290300006620500001
031986061014194190120016280200000
031986061014194190160017204400001
031986061014194190250016842000000
031986061040710710030009135600001
031986061040710710240009100600000
031986061012392390080008056600000
031986061012392390190009288600001
031986061012392390200008896700000
031986061053853850210001032800001
031986061071991990080003529700001
031986061071991990140003612100001
031986061071991990160003471600001
031986061084994990030005016700001
031986061084994990050005012000001
031986061084994990140005124400001
031986061090890890210022247500000
031986061090890890260021128200000
031986061090890890280020913600000
031986061071691690040004599500000
031986061071691690050004828700001
031986061071691690180004723800000
031986061185195190050000848800000
031986061185195190110000829200000
031986061022292290020002925200001
031986061022292290060002815300000
031986061022292290100002794100000
031986061040730730010001320300001
031986061011491490010008847100001
031986061011491490070008616600000
031986061011491490080008504800000
031986061094394390020004134100000
031986061071391390200000124300000
031986061074594590040000194700000
031986061074594590060000159700000
031986061074594590110000164400000
031986061112792790010000100100000
031986061112792790020000127300000
031986061112792790230000144000000
031986061024494490030000087100000
031986061024494490040000125100000
031986061024494490080000103100000
031986061113693690040000404700000
031986061113693690080000389700000
031986061113693690180000511200000
031986061084294290010000031400000
031986061084294290100000027700000
031986061084294290160000041900000
031986061101091090060000208700000
031986061101091090080000240100000
031986061101091090250000191500000
031986061083793790070000148700000
031986061083793790250000154300000
031986061083793790280000192100000
031986061111591590020000623700000
031986061111591590250000755400000
031986061111591590280000594800000
031986061040730730180000012100000
031986061025095090060000698200000
031986061025095090120000804100000
031986061025095090270000696600000
031986061082492490040000247700000
031986061082492490090000227300000
031986061082492490170000288100000
031986061083493490020000090900000
031986061083493490070000098000000
031986061083493490140000114700000
031986061080590590100000052900000
031986061080590590120000039800000
031986061080590590140000042100000
031986061084994990150000110900000
031986061084994990180000103700000
031986061084994990220000140400000
031986061071691690010000155300000
031986061071691690080000134400000
031986061071691690200000151000000
031986061090890890070001698500000
031986061090890890140001414400000
031986061090890890300001492700000
031986061071991990030000057100000
031986061071991990040000052300000
031986061071991990180000078800000
031986061010490490040000308900000
031986061010490490070000238200000
031986061010490490240000174000000
031986061113293290010000077800000
031986061113293290040000080700000
031986061113293290180000099500000
031986061011491490180000278400000
031986061011491490220000297500000
031986061011491490250000340300000
031986061094394390170000119200000
031986061094394390250000109900000
031986061094394390280000141600000
031986061162692690040000223300000
031986061162692690150000171300000
031986061162692690210000164200000
031986061012392390010000280000000
031986061012392390050000351100000
031986061012392390160000199800000
031986061153093090010000285000000
031986061153093090110000351300000
031986061040720720300000015600000
031986061011191190070000440900000
031986061011191190140000522500000
031986061011191190170000368600000
031986061170390390060000524000000
031986061170390390260000496500000
031986061170390390330000655300000
031986061174694690010001770000000
031986061174694690240001886600000
031986061174694690250002032500000
031986061092592590010000074000000
031986061092592590090000056600000
031986061092592590250000067200000
031986061063993990120000354700000
031986061063993990140000321300000
031986061063993990220000320700000
031986061040710710200000182500000
031986061040710710360000153900000
031986061012392390060000548000000
031986061012392390090000689400000
031986061012392390220000437300000
031986061011191190210001692700000
031986061011191190270002087600000
031986061011191190320001970100000
031986061010490490150000274200000
031986061010490490230000453600000
031986061010490490250000332600000
031986061012992990030001173400000
031986061012992990110001108300000
031986061012992990210001416900000
031986061012192190070000514600000
031986061012192190170000646600000
031986061012192190240000550600000
031986061011891890070000674900000
031986061011891890130000528400000
031986061011891890140000554500000
031986061014194190170003296100000
031986061014194190180003286700000
031986061014194190220003750600000
031986061011491490110001208100000
031986061011491490150001378800000
031986061011491490270001148000000
031986061084094090010000207200000
031986061084794790190000293200000
031986061024494490140000858300000
031986061024494490170000861300000
031986061024494490200000907800000
031986061022292290070001319500000
031986061022292290140001328600000
031986061022292290160001416900000
031986061025095090070006184200000
031986061025095090160006688300000
031986061025095090220005908000000
031986061090890890010004560800000
031986061090890890080004554400000
031986061090890890270004059100000
031986061091791790040000157500000
031986061091791790060000133300000
031986061091791790280000135000000
031986061094394390080000266100000
031986061094394390140000254900000
031986061094394390290000284300000
031986061092592590160000147300000
031986061092592590240000132000000
031986061092592590300000124300000
031986061142092090040000253000000
031986061142092090180000277900000
031986061142092090230000245200000
031986061144894890070000692500000
031986061144894890190000768500000
031986061144894890250000720600000
031986061140190190060000077900000
031986061140190190080000080300000
031986061140190190250000094000000
031986061090890890020002548500000
031986061090890890030001999400000
031986061090890890120001668500000
031986061170390390190000060900000
031986061170390390270000100600000
031986061113293290020000170100000
031986061113293290150000145200000
031986061113293290210000237000000
031986061111591590170000665500000
031986061111591590200000619900000
031986061111591590310000757400000
031986061112792790060000148900000
031986061112792790100000103500000
031986061112792790270000161700000
031986061113693690100000506700000
031986061113693690250000531600000
031986061113693690290000581700000
031986061133193190050000149400000
031986061133193190160000175200000
031986061133193190300000164900000
031986061092592590070000009200000
031986061092592590100000004400000
031986061092592590220000016300000
031986061092592590320000007200000
031986061094394390010000069200000
031986061094394390110000024400000
031986061094394390220000057400000
031986061094394390270000054100000
031986061040710710260000015600000
031986061040710710310000048200000
031986061040710710320000085900000
031986061122892890050000445400000
031986061122892890110000223500000
031986061122892890460000088900000
031986061122892890490000152800000
031986061091791790130000011700000
031986061091791790140000004100000
031986061091791790310000009400000
031986061113293290060000677000000
031986061113293290230000806400000
031986061113293290290000819100000
031986061112792790050001001900000
031986061112792790210001108700000
031986061112792790240001006300000
031986061084294290050000583800000
031986061084294290080000639800000
031986061084294290220000717400000
031986061063993990080003349100000
031986061063993990100003147400000
031986061063993990250002892200000
031986061022292290130001307300000
031986061022292290170001337000000
031986061022292290230001414400000
031986061101091090040001385000000
031986061101091090190001314400000
031986061101091090240001554900000
031986061171291290090002228400000
031986061171291290180002001600000
031986061171291290200002142500000
031986061082492490060003253700000
031986061082492490110002943500000
031986061082492490280002996200000
031986061084994990010001767300000
031986061084994990130001814800000
031986061084994990210001625700000
031986061142092090120001087200000
031986061080990990060002434900000
031986061080990990080002266900000
031986061080990990150002629000000
031986061071691690100000940700000
031986061071691690150001061400000
031986061071691690160000987300000
031986061140190190040000980900000
031986061140190190120001029400000
031986061153093090040003739000000
031986061153093090120003575400000
031986061153093090170004136500000
031986061074594590100002784000000
031986061074594590150002783200000
031986061074594590170002919500000
031986061092592590040000531600000
031986061092592590230000559200000
031986061092592590310000618400000
031986061053513510060005198900000
031986061053513510070005762700000
031986061011191190220002393000000
031986061011191190230002170200000
031986061011191190310002387400000
031986061011491490170002061000000
031986061011491490230002336300000
031986061011491490240002177300000
031986061053873870130000043000000
031986061083493490130001170200000
031986061083493490210001126800000
031986061083493490220001292900000
031986061011891890060002219900000
031986061011891890080002159000000
031986061011891890100002382800000
031986061071991990110000875700000
031986061071991990210000797300000
031986061071991990230000810700000
031986061113293290030002169500000
031986061113293290080002411600000
031986061113293290250002888500000
031986061111591590010001638200000
031986061111591590030001524400000
031986061111591590140001880200000
031986061113693690020001770400000
031986061113693690170001657100000
031986061113693690270002021100000
031986061112792790130001914500000
031986061112792790180002016500000
031986061112792790190001961700000
031986061091791790120011527600001
031986061091791790260011298000001
031986061091791790320011277700001
031986061090890890100069806400000
031986061090890890150070885600000
031986061090890890360071123600001
031986061092592590120007565900001
031986061092592590150007301400001
031986061092592590290007433500001
031986061094394390030008552000001
031986061094394390180008413600000
031986061094394390210008262600000
031986061083793790100000035500000
031986061082492490130000364100000
031986061082492490250000272500000
031986061082492490260000330200000
031986061084994990200000045200000
031986061122892890020000472800000
031986061122892890030000419900000
031986061122892890080000410900000
031986061111591590290000048800000
031986061122892890290000484300000
031986061122892890330000412100000
031986061122892890430000781200000
031986061011891890110000022000000
031986061011891890150000062100000
031986061011891890200000026500000
031986061014194190010000075400000
031986061014194190070000042400000
031986061014194190190000047600000
031986061040710710150000028900000
031986061040710710350000026200000
031986061112792790260000021200000
031986061133193190150000439400000
031986061133193190210000426300000
031986061133193190290000465200000
031986061144894890030018294200001
031986061144894890100018380300001
031986061144894890150018154100001
031986061142092090060009719900001
031986061142092090080009929500001
031986061142092090100009843600001
031986061140190190090002537400000
031986061140190190130002626900001
031986061140190190230002603000000
031986061144894890060005060100000
031986061144894890130005222400000
031986061144894890140005313700000
031986061142092090030003473600000
031986061142092090140003256000000
031986061142092090240003383400000
031986061140190190140001017700000
031986061140190190160001093300000
031986061140190190180001001400000
031986061133193190120000716200000
031986061133193190190000743000000
031986061133193190260000866300000
031986061174694690300000395100000
031986061111591590110001391800000
031986061111591590180001293900000
031986061111591590270001518400000
031986061185195190080000068600000
031986061185195190150000072000000
031986061053843840040002835500000
031986061053843840320002551600000
031986061084094090050001911700000
031986061084094090140001836900000
031986061084094090210001989500000
031986061012392390130001993800000
031986061012392390150001685500000
031986061012392390230001762300000
031986061094394390070000907800000
031986061094394390300001068300000
031986061094394390310000969900000
031986061033393390020007775100000
031986061033393390030006973300000
031986061033393390200006702000000
031986061040730730020000209200000
031986061024494490050000844600000
031986061024494490060000828500000
031986061024494490160000776700000
031986061162692690030001427700000
031986061162692690090001346400000
031986061162692690100001294800000
031986061025095090030004216400000
031986061025095090090003766300000
031986061025095090180003695700000
031986061053853850340000524300000
031986061113693690010002933200000
031986061113693690120003372600000
031986061113693690200003015600000
031986061091791790100000620500000
031986061091791790110000569900000
031986061091791790170000614800000
031986061100690690130002717000000
031986061100690690180002623500000
031986061100690690190002880200000
031986061185195190010000162900000
031986061185195190120000171600000
031986061014194190210002368000000
031986061014194190240002657000000
031986061014194190310002284300000
031986061010490490010001572300000
031986061010490490100001798700000
031986061010490490220001667800000
031986061040720720120000142500000
031986061012192190010001014400000
031986061012192190050001129300000
031986061012192190200000990400000
031986061174694690030009184800000
031986061174694690130008448000000
031986061174694690290007995900000
031986061122892890180033490900000
031986061122892890210028961600000
031986061122892890250030003100000
031986061195295290040000107000000
031986061195295290060000100300000
031986061170390390170005152400000
031986061170390390200005956900000
031986061170390390210005438500000
031986061083793790170003363900000
031986061083793790210003479400000
031986061083793790240003731000000
031986061040710710050003066900000
031986061040710710110002797900000
031986061080590590010004612900001
031986061080590590030004400100001
031986061080590590200004246700001
031986061070290290010001279200000
031986061070290290080001358500000
031986061070290290220001462600000
031986061090890890050008464200000
031986061090890890340008219800000
031986061090890890350009475700000
031986061111591590080004641900000
031986061111591590090004131300000
031986061111591590120003932200000
031986061084794790080003874600000
031986061084794790150004085400000
031986061084794790160004417200000
031986061071391390030002337200000
031986061071391390100002030700000
031986061071391390230002141200000
031986061012992990020002350200000
031986061012992990070002300800000
031986061012992990260002652100000
031986061133193190080002295400000
031986061133193190170002129500000
031986061133193190200002162800000
