041991051010490000030000676700018
041991051010490000240010439800565
041991051014190000030000316100007
041991051019990001180000148200000
041991051033390000010021114200461
041991051080590000030002537000384
041991051084990000020005462500883
041991051090890001270000031100000
041991051094390002060000077200009
041991051099990001790000165900011
041991051112790001390000155700000
041991051113690001180000087700000
041991051113690001520001522700028
041991051119990000680044146701155
041991051122890002800000090200001
041991051179990000210000115300002
041991051999990002270000100000000
041991051999990002430000071600000
041991051012390001100000266600010
041991051024490000010003260800516
041991051039990000030003605800075
041991051059990000480000153500000
041991051079990001180000047900000
041991051083490001120000002800000
041991051084790000020010360100759
041991051084790000030001363200079
041991051091790000620001483900055
041991051092590000530005746500314
041991051113290000640000164000005
041991051119990001390000344000000
041991051119990001540000029800000
041991051119990002270000100000000
041991051122890000110000085900000
041991051149990000830000154600002
041991051170390002330000167900000
041991051179990001530000223000003
041991051999990000400000063000000
041991051999990001170000573700001
041991051999990001310000554500010
041991051999990001430000694400028
041991051999990002050000266400002
041991051010490001590000122600000
041991051012390000030000516600008
041991051014190000060000082600001
041991051071390000040001460100037
041991051080590000010002716200355
041991051094390001830000299000028
041991051094390001970000006100000
041991051099990002220000436300045
041991051101090000040001017800039
041991051113690002620000054400002
041991051129990000020091361400594
041991051139990001360000030000001
041991051174690001260000121500002
041991051179990000070000092200000
041991051195290000190000024900000
041991051999990000910000206500002
041991051999990001910000065600000
041991051010490000230001350400035
041991051011190001690000069900000
041991051011490000240015956800484
041991051011890001690000066400002
041991051011890100000002096000141
041991051012390000250001667700028
041991051049990002560000204800006
041991051049990002890000498900017
041991051053890000410012019200222
041991051059990000030007169500107
041991051059990000400000063000000
041991051079990000040006180500197
041991051080990001050000116700000
041991051089990000480000873400002
041991051089990000500000030700001
041991051099990001800000134300039
041991051139990001380000388900007
041991051142090000740006400600166
041991051142090001750000044500003
041991051149990001330000005600002
041991051159990001850000178600000
041991051169990000020005767400464
041991051169990100000000276600033
041991051189990000120000023300000
041991051999990000110000196000000
041991051999990000410014046200281
041991051999990000940029984000993
041991051999990001530000223000003
041991051024490000030000367300034
041991051029990100000000509300078
041991051074590000010012409800802
041991051079990000490000102900001
041991051090890002250000012300000
041991051094390000610000078100000
041991051109990100000001913200139
041991051111590002650000040100001
041991051113290002080000132000002
041991051129990001870000799000009
041991051140190000100000011400000
041991051999990000290001019600016
041991051999990001490000404400026
041991051999990002180000062500008
041991051999990002830002618800030
041991051011190000240016307000348
041991051014190000220000064000002
041991051033390002390001089100006
041991051039990002400000029100000
041991051053890000130000075700000
041991051059990001170000573700001
041991051069990000030001066100030
041991051071390000030001497000051
041991051071390100000000557900029
041991051080990100000000739600100
041991051084090000010002680000336
041991051089990001480000618100026
041991051133190000750000342400001
041991051142090001350000058700000
041991051159990000070000068400000
041991051999990000020477505119298
041991051999990000920000498600036
041991051999990001970000113700019
041991051999990002300000025400000
041991051999990002890002098100054
041991051011890000230003997500137
041991051012190000240010337400538
041991051014190000240032486900712
041991051014190001180000085700000
041991051024490000290000077600001
041991051049990100000002218300112
041991051071990000490000102900001
041991051084090000480000068200001
041991051094390001820000022500001
041991051099990002250000012300000
041991051099990002380000063200001
041991051101090000630000569800027
041991051101090001650000274900011
041991051112790000670001675600044
041991051113290000690000021900000
041991051113690001540000013700000
041991051122890000060000312800000
041991051129990000010081695200710
041991051133190100000005922200953
041991051171290000860000958600022
041991051171290000880001135600013
041991051179990001600000016800000
041991051185190000900000250100002
041991051999990000580000280200000
041991051999990002610000549700065
041991051012990000230006318300195
041991051039990000040007795200137
041991051049990002550000025300000
041991051059990000060000013400000
041991051059990001210000245200000
041991051080990000920000020200001
041991051111590000690000072900002
041991051122890002140000195500003
041991051144890000750003521300040
041991051149990000820019338100288
041991051174690000860017047400306
041991051999990001270000125200000
041991051999990001580000189800000
041991051011190000060000039000000
041991051011190000230004935300087
041991051011490000250002918400067
041991051012990000020008187100142
041991051014190100000002599600101
041991051025090002430000071600000
041991051039990002410000323100003
041991051053890000030001571600051
041991051059990001130006417100066
041991051063990000010010387300349
041991051083790100000000192700025
041991051084290000010001687900190
041991051084290100000000090000015
041991051089990001840000022800000
041991051094390100000001967300188
041991051129990002140000195500003
041991051149990001350000234600000
041991051171290000010010201100532
041991051171290000480000171900000
041991051174690000100000004700000
041991051179990000020053708001592
041991051189990000030000127300001
041991051999990000210000115300002
041991051999990001480000618100026
041991051999990001950000177700000
041991051999990002090000952600009
041991051999990002580000107100001
041991051011490000230009122900156
041991051049990002540000049400001
041991051053590001170000421300000
041991051053590100000004670600120
041991051074590001440000499800004
041991051083790000040000654100017
041991051094390002030000366300065
041991051099990002010000058800000
041991051112790000030000173000000
041991051119990002080000132000002
041991051129990000480002712300001
041991051140190000740001030300037
041991051153090100000001805800026
041991051170390001530000223000003
041991051174690000060000044100000
041991051195290000030000040900000
041991051999990000310000121800000
041991051999990000640003911600046
041991051999990001470000459500013
041991051999990002060000077200009
041991051012990001700000063700000
041991051022290000300002470800276
041991051024490000020002511800374
041991051083490000270000254700011
041991051083790000030001788700228
041991051090890002220000436300045
041991051091790001800000038200009
041991051101090002180000062500008
041991051122890000010081695200710
041991051122890000030007819600063
041991051122890000040026856400159
041991051122890001910000065600000
041991051129990000260000651400000
041991051149990000940029763200979
041991051171290000030001258200047
041991051179990100000008271800261
041991051185190000910000206500002
041991051195290000010000838700011
041991051999990000550091529104360
041991051999990002520000563000013
041991051999990002780000090700004
041991051012190001680000048900000
041991051012990001100001803000048
041991051022290000030000448700026
041991051049990002240000485600000
041991051053590001200000037800000
041991051053890001130002671900040
041991051059990000410014046200281
041991051070290000010009556000471
041991051079990000020033949802682
041991051079990001440000499800004
041991051079990100000002824700222
041991051080990000070000008000000
041991051084790000920000416800035
041991051091790000990000392000009
041991051099990000570001452100004
041991051100690000020008364000364
041991051101090100000000813600059
041991051111590000020019758300555
041991051113690000020019381800477
041991051113690000680012624700245
041991051122890000260000651400000
041991051144890100000000631100063
041991051170390000480000319500001
041991051189995100110000942000011
041991051999990002380000063200001
041991051029990002820000116100004
041991051033390002770000130500000
041991051069990000020005790100227
041991051069990000480000032200000
041991051071690000030000815000068
041991051071990000040000707400025
041991051071990100000000149700023
041991051074590001030000089400003
041991051083490000030000711100052
041991051083790000920000030000000
041991051084090100000000354200076
041991051090890000570001240000004
041991051100690000010018773500941
041991051109990000040004454400172
041991051113290001390000165400000
041991051113290002100006523600422
041991051129990000130000394600000
041991051139990001330000102100018
041991051149990100000001100300173
041991051159990000040005071800055
041991051159990000480000382000000
041991051162690000020005767400464
041991051171290001280000166600000
041991051174690001300000131600001
041991051179990000060000249900002
041991051189990000020000581200006
041991051999990000120000023300000
041991051999990000670010793200241
041991051999990002210000091900000
041991051999990002530001015900021
041991051999990002620000054400002
041991051999990002700000109100015
041991051012990000240020364900580
041991051019990002760000933300053
041991051019990002780000090700004
041991051033390000030003605800075
041991051049990002510001599200037
041991051053590000020005101200041
041991051070290000030000679200015
041991051071390000160000069400002
041991051084990000920000031600000
041991051084990100000000420500034
041991051090890001780000647500014
041991051094390000570000098700000
041991051109990002180000062500008
041991051111590000960001232000013
041991051113690000690000176000004
041991051113690000960000616200003
041991051139990000740001314300081
041991051140190000820002060800043
041991051142090000810000281300000
041991051149990001610000044500000
041991051170390000010026852500677
041991051199990000930000178000002
041991051010490001580000189800000
041991051012190000250001503900052
041991051012390000240017051900643
041991051012990001690000055500000
041991051053590000010010913200167
041991051079990000060000066600002
041991051082490000030001708400100
041991051084790000150000027300000
041991051090890000130000235800000
041991051090890002050000117100000
041991051094390000620000881600030
041991051094390002240000020500001
041991051099990001820000154600008
041991051100690000630000269400005
041991051112790000020011461300464
041991051112790001520002092100063
041991051119990000660000133300003
041991051119990000970000034400000
041991051129990000080002340400000
041991051129990000100000107100000
041991051139990000040000798300012
041991051140190100000000009900001
041991051142090000940007051100214
041991051153090002090000952600009
041991051174690000210000040700001
041991051195290001240000030500000
041991051199990000010000838700011
041991051199995200110000063400000
041991051999990001870000799000009
041991051999990002740000118100008
041991051011890001180000043100000
041991051012990001590000507300000
041991051049990002530001015900021
041991051071390000010013489500563
041991051074590000040001849100068
041991051079990001460000062700000
041991051080990001430000694400028
041991051083490000040000555500011
041991051083490100000000076100015
041991051091790001560000283000015
041991051092590001970000013400004
041991051099990001770018412600256
041991051109990000060000016900000
041991051111590000030000780800011
041991051111590002900000009100000
041991051119990000640003911600046
041991051122890100000004533200295
041991051129990002290000043100013
041991051133190000780006868200245
041991051140190000260000050800000
041991051144890000820011305800143
041991051170390000030004264900103
041991051170390100000003421000085
041991051999990000140000270200000
041991051999990000150000027300000
041991051999990000170000058400000
041991051999990001520005219600137
041991051011190000030000908800013
041991051014190001690000289500007
041991051019990000250034292700540
041991051024490000300001598900312
041991051025090000130000157400000
041991051063990001930000050300000
041991051069990100000000720100043
041991051079990001400000033500000
041991051082490100000001102200080
041991051089990000010049062704392
041991051089990001120000015700001
041991051090890000990002099000002
041991051099990000580000280200000
041991051099990100000011577600889
041991051113290000960000142300000
041991051119990000670010793200241
041991051149990000740011824100312
041991051149990000750006795800104
041991051170390000060000205800002
041991051179990001310000554500010
041991051195295200110000063400000
041991051999990000160000069400002
041991051014190000250012528500118
041991051040790002240000485600000
041991051049990000100000047700000
041991051063990000030001066100030
041991051080590100000000190600022
041991051080990000480000107500001
041991051082490000010010435300751
041991051082490001840000022800000
041991051083490000070000009000000
041991051084990000040000294600013
041991051090890001830000121400005
041991051092590002610000549700065
041991051099990001960000035200001
041991051112790002270000100000000
041991051122890002900000840400000
041991051153090000040005071800055
041991051179990001250015215100258
041991051999990000900000250100002
041991051999990001400000147300000
041991051999990001700000063700000
041991051999990001930000050300000
041991051999990002650000040100001
041991051012190000030000451900014
041991051033390000040007795200137
041991051039990000480000306500000
041991051040790002570000070500004
041991051049990000020014533200375
041991051074590000030000692800039
041991051084090000020003589900600
041991051084790000010009473200477
041991051091790000580000009500000
041991051092590000550007865101042
041991051099990000590026436700276
041991051099990001830000491900046
041991051111590001390000014900000
041991051113690000030000803800009
041991051139990000310000069800000
041991051142090000020002056200010
041991051171290000210000074600001
041991051171290100000000766000025
041991051174690000480000951800000
041991051199990000190000024900000
041991051999990001510000098400000
041991051999990001900000029500000
041991051049990000030001104600017
041991051059990000130000075700000
041991051069990000070000080900000
041991051083490000020004348300660
041991051089990001180000112500000
041991051099990001560000283000015
041991051099990001970000113700019
041991051099990002190000046900004
041991051111590100000003199000092
041991051122890000020091361400594
041991051122890000080002340400000
041991051122890001870000799000009
041991051129990001400000056300000
041991051129990002800000090200001
041991051140190001350000031000000
041991051149990000770017274400563
041991051162690000060000006600000
041991051169990002490000846100082
041991051174690100000004084800151
041991051195290000930000178000002
041991051199990000020000873800012
041991051999990000300012802501115
041991051999990000850000106900000
041991051999990001780000681300016
041991051999990001830000491900046
041991051011890000020010894100437
041991051011890000030000594500013
041991051012190001590000081300000
041991051012390002780000090700004
041991051014190000130000054700000
041991051019990001580000189800000
041991051024490100000000031100015
041991051025090000030001087300030
041991051049990000060000031000000
041991051053890000020002942800051
041991051063990000070000080900000
041991051063990001920001896600069
041991051070290001030000087800002
041991051079990000160000069400002
041991051083790000010007860200850
041991051084290000040000063700003
041991051129990001880000492000001
041991051133190000770002634600138
041991051133190001330000102100018
041991051142090000830000154600002
041991051144890000100000032700000
041991051170390000070000092200000
041991051174690000030003366200046
041991051174690001120000083800000
041991051999990000620009200300228
041991051999990001160000105500000
041991051999990001460000062700000
041991051999990002190000046900004
041991051999990002290000043100013
041991051012390100000001071100036
041991051012990100000004605600076
041991051025090000010018336300932
041991051029990000130000157400000
041991051049990002420000360600011
041991051053590001160000105500000
041991051059990001160000105500000
041991051071690001400000033500000
041991051082490000060000008500000
041991051083790000480000215400000
041991051084290000030000343700027
041991051084290000500000019500000
041991051084990000510000103100010
041991051089990000070000017000000
041991051099990000610000078100000
041991051113290000660000010500000
041991051119990001520005219600137
041991051139990000770002634600138
041991051140190000750000476700005
041991051142090000030000093600000
041991051144890001330000005600002
041991051149990001550002126900039
041991051159990000060000038100000
041991051162690000010005901600376
041991051174690001270000048200000
041991051999990001260000121500002
041991051999990001360000030000001
041991051999990001560000283000015
041991051999990002800000090200001
041991051011190000130000078500000
041991051011890001590000280900000
041991051024490001080000151100007
041991051025090000020008370700282
041991051033390002410000323100003
041991051039990100000003156900055
041991051063990000040001378900016
041991051071390001450000006100000
041991051071690000040000401500014
041991051084790000480000226300000
041991051089990000060000094400003
041991051089990000270000254700011
041991051089990001040000623400035
041991051090890000620005986000102
041991051090890002210000091900000
041991051094390000090000212000000
041991051099990001270000031100000
041991051119990000020056555101798
041991051122890000100000107100000
041991051122890002290000043100013
041991051129990000730000060500000
041991051133190000030000507900013
041991051139990000030000507900013
041991051010490000250001273500033
041991051011490000030001134400022
041991051012190000020003626900132
041991051012390000230003743400103
041991051012990000060000038300002
041991051025090100000000283200030
041991051040790002520000563000013
041991051053590001150000084500000
041991051059990000450000495900021
041991051063990001650000005700002
041991051071690100000000405300044
041991051079990000070000007800000
041991051079990001030000177200005
041991051080990000050000010500005
041991051091790001780000033800002
041991051092590000990000198000011
041991051092590002700000109100015
041991051100690100000001099600080
041991051101090000010011270701005
041991051111590000640001899000026
041991051122890001900000029500000
041991051140190000020001056600037
041991051149990000030000542500000
041991051149990000100000044100000
041991051153090000030002829800032
041991051169990000010005901600376
041991051171290000020008809400417
041991051999990000010722424225260
041991051999990000260000826400000
041991051999990001610000044500000
041991051999990002970000023900000
041991051011190000020006171400088
041991051012390000220000110500004
041991051012390001280000248000002
041991051019990000030005796400134
041991051019990000240140326204732
041991051019990001100002195100061
041991051019990001280000565100003
041991051033390000070000010400000
041991051040790002580000107100001
041991051049990000350000049900001
041991051071390000060000066600002
041991051089990000020057422507122
041991051089990001050000162400000
041991051091790000530007146500318
041991051099990000990002854800025
041991051101090000020006631100530
041991051111590002660000041000000
041991051119990000690000270800006
041991051129990000170000058400000
041991051129990002300000025400000
041991051133190001380000388900007
041991051144890001320000017900000
041991051174690001280000092900000
041991051189990000480000041700000
041991051999990000500000030700001
041991051999990001850000178600000
041991051014190001280000011900000
041991051022290000290000252500008
041991051022290100000000195000033
041991051025090000300008732800527
041991051033390000060000000600000
041991051039990002770000130500000
041991051069990000060000063500001
041991051070290100000000436200021
041991051074590000020011124100773
041991051074590100000001275600105
041991051089990002320000137100050
041991051090890001970000094200015
041991051091790001770000856700027
041991051094390001770002392000081
041991051113290000680005584100262
041991051113290001180000013000000
041991051119990002620000054400002
041991051129990000040026856400159
041991051144890000770008352600246
041991051153090001850000178600000
041991051179990001120000083800000
041991051179990001300000131600001
041991051189990000130000020200000
041991051999990001150000084500000
041991051012990000250003079500072
041991051033390000020014958000269
041991051040790000010009848500220
041991051053890001200000041600000
041991051063990000020005790100227
041991051069990000040001378900016
041991051079990000030003981300185
041991051080590000040000289200012
041991051080990000010006086900502
041991051089990000150000027300000
041991051090890000580000058700000
041991051112790000680005173600198
041991051149990001320000017900000
041991051169990000060000006600000
041991051170390001250004517600064
041991051189990000010000300400003
041991051999990000270000254700011
041991051999990000660000133300003
041991051999990001210000245200000
041991051012190001280000044300001
041991051019990000060000189100003
041991051039990000070000010400000
041991051040790000370000731100001
041991051053590001180000096900000
041991051053890001170000152400001
041991051059990100000006544000167
041991051084290000020002552700568
041991051084290001400000009000000
041991051099990002030000366300065
041991051099990002050000266400002
041991051113290100000000354600010
041991051133190001360000030000001
041991051133190001370007125800299
041991051153090000010023357200360
041991051179990001270000094100000
041991051185190000480000041700000
041991051999990000480007354800004
041991051999990001650000291000014
041991051999990001750000044500003
041991051999990001820000154600008
041991051999990002080000132000002
041991051999990002250000012300000
041991051012190100000001018500040
041991051019990000020062807501665
041991051025090001080002930900029
041991051071990000020003673500613
041991051074590002860000029800000
041991051083490000010003695700354
041991051084090001050000045700000
041991051090890000530080590100909
041991051099990001780000681300016
041991051099990002670000078000010
041991051171290001250001099400017
041991051999990001180001640800000
041991051999990001280000874700004
041991051999990001570000472300016
041991051012190001690000016200000
041991051012990001680000036900000
041991051022290000010004749800639
041991051029990000030001903300090
041991051049990002580000107100001
041991051059990002830002618800030
041991051084790001180000112500000
041991051090890002380000063200001
041991051091790001790000165900011
041991051094390000530008175600304
041991051100690000060000016900000
041991051113690100000001850500058
041991051122890000140000270200000
041991051139990000940000220800014
041991051139990100000005922200953
041991051144890000810001325300005
041991051149990000260000050800000
041991051159990001180000044100000
041991051162690000040000537600008
041991051185190000020000581200006
041991051999990000860018738500335
041991051999990002320000137100050
041991051012390001680000010300000
041991051014190000230010264100258
041991051019990001650000010400001
041991051029990002430000071600000
041991051029990002740000118100008
041991051039990000010021114200461
041991051040790000060000031000000
041991051040790000100000047700000
041991051070290000020005809300256
041991051083790000510000048000000
041991051084790001120000012900001
041991051089990001400000057500000
041991051094390000590000751400010
041991051099990002370000714600068
041991051112790000640000245900005
041991051112790100000000768100022
041991051119990002900000009100000
041991051122890002300000025400000
041991051129990001900000029500000
041991051129990001910000065600000
041991051129990002900000840400000
041991051170390000860000732500007
041991051170390001280000050100001
041991051179990000010084174602569
041991051179990000480001443200001
041991051999990002330000167900000
041991051999990002420000360600011
041991051999990002770000130500000
041991051012190000230002001600062
041991051033390100000003156900055
041991051040790100000002218300112
041991051059990001200000079400000
041991051069990001650000005700002
041991051069990001940007168300285
041991051090890001820000123300000
041991051092590002670000078000010
041991051094390000550011253200765
041991051099990000550091529104360
041991051122890000310000034100000
041991051144890000030000282200000
041991051169990000030000717100021
041991051174690001310000353100007
041991051179990001290000493500008
041991051189990000910000206500002
041991051189990002970000023900000
041991051999990001120000099500001
041991051999990001200000079400000
041991051999990001440000499800004
041991051999990002410000323100003
041991051999990002550000025300000
041991051022290000020002507400299
041991051024490002820000116100004
041991051029990000290001019600016
041991051053890000060000013400000
041991051053890001070000145200008
041991051059990001150000084500000
041991051069990001930000050300000
041991051071690000020005217400686
041991051089990001490000404400026
041991051099990000530101658701845
041991051100690001640000128000001
041991051113690000670003596500064
041991051122890001180000021100000
041991051133190000040000798300012
041991051179990000850000106900000
041991051999990000250034292700540
041991051999990000780006868200245
041991051999990001100002195100061
041991051039990000060000000600000
041991051040790000350000049900001
041991051053590000030005597900056
041991051063990100000000720100043
041991051074590001180000047900000
041991051090890001600000107400000
041991051092590000570000033300000
041991051111590000660000077700002
041991051122890001880000492000001
041991051140190000030000166700000
041991051144890000130000085300000
041991051199990001240000030500000
041991051999990000080002340400000
041991051999990001040000623400035
041991051999990001240000030500000
041991051999990001300000131600001
041991051999990001330000107700020
041991051999990001380000388900007
041991051999990001640000744000035
041991051999990002350000165200000
041991051012990001280000164100000
041991051025090000290000689500007
041991051029990000010026346902087
041991051070290000040001762400053
041991051079990000010044418802975
041991051080990001400000048500000
041991051082490000040001117500032
041991051082490000480000156500000
041991051090890000590024078600223
041991051090890000600000110100000
041991051099990000130000235800000
041991051099990001600000107400000
041991051112790000960000298900002
041991051113690001390000008000000
041991051119990000480000019800000
041991051122890000170000058400000
041991051129990000060000312800000
041991051139990001370007125800299
041991051142090000770007546600274
041991051153090001180000044100000
041991051179990000860018738500335
041991051185190000010000300400003
041991051999990002000000038400000
041991051999990002040000946800005
041991051999990002400000029100000
041991051011190000100000006600000
041991051011890000250001765500055
041991051011890001280000019900000
041991051012390001590000021800000
041991051049990002570000070500004
041991051053590000400000063000000
041991051063990000060000063500001
041991051089990000030012004701299
041991051089990000040006432700133
041991051090890002010000058800000
041991051090890002190000046900004
041991051091790000570000080100000
041991051091790100000001983100201
041991051092590001830000052000004
041991051100690000030002297300102
041991051113690000640001602700010
041991051119990000030008281200442
041991051119990001180000157700000
041991051129990000140000270200000
041991051140190000810000118400001
041991051140190000940003544300203
041991051170390000880001420500036
041991051999990000040157909702614
041991051999990000450000495900021
041991051999990000690000270800006
041991051014190000020012501000175
041991051033390000480000306500000
041991051033390002400000029100000
041991051039990002390001089100006
041991051053590000480000153500000
041991051053590002830002618800030
041991051059990001180000096900000
041991051071990000030000297300012
041991051080590000060000045100003
041991051080990000020007862201026
041991051084990000030001530200212
041991051089990001430000694400028
041991051090890002040000932900005
041991051091790000550011219801121
041991051091790001830000019500009
041991051094390002200000525900021
041991051099990001180000881500000
041991051109990000010030044201946
041991051109990001640000744000035
041991051119990002650000040100001
041991051142090100000000459300109
041991051149990000020007617000068
041991051169990000040000537600008
041991051170390001310000188400003
041991051174690000010047121001360
041991051174690001250009598100177
041991051999990000050000064200006
041991051999990000570001452100004
041991051999990000830000154600002
041991051999990001050000162400000
041991051010490001280000076900000
041991051019990001590001349200000
041991051033390002350000165200000
041991051049990000010009848500220
041991051049990000370000731100001
041991051063990000180000130900000
041991051082490001480000618100026
041991051084090000030000910000090
041991051092590002600000402400006
041991051101090001640000616000034
041991051133190000310000069800000
041991051140190001550002126900039
041991051159990000020016738500227
041991051185195100110000942000011
041991051189990000900000250100002
041991051199990000030000040900000
041991051999990001840000022800000
041991051999990001940007168300285
041991051999990002030000366300065
041991051999990002240000781300001
041991051999990002370000714600068
041991051999990002490000846100082
041991051999990002570000070500004
041991051999990002760000933300053
041991051011490001690000041500000
041991051069990001920001896600069
041991051071990000070000007800000
041991051080590000480000099500000
041991051083490001040000623400035
041991051089990001500000959500028
041991051090890002240000275200000
041991051092590001770001383700075
041991051094390000990000165800003
041991051099990000620009200300228
041991051113690000660000045100001
041991051133190000740001314300081
041991051139990000750000342400001
041991051159990002090000952600009
041991051159990100000001805800026
041991051162690100000000276600033
041991051171290000100000007500000
041991051999990000060001082900011
041991051999990000190000024900000
041991051999990000350000049900001
041991051999990001690000539000009
041991051999990001790000165900011
041991051999990002390001089100006
041991051011490000020006581700134
041991051014190001590000335300000
041991051019990000100000006600000
041991051022290001080000774000031
041991051029990001080003856000067
041991051040790000020014533200375
041991051053890001210000132500000
041991051079990001450000006100000
041991051080990000030001112400127
041991051082490001470000459500013
041991051084290000050000053700001
041991051084790100000000525500057
041991051092590000620000848800041
041991051099990000600000110100000
041991051100690000070000182700010
041991051109990000030003891000209
041991051111590001520001604800046
041991051119990002660000041000000
041991051139990000780006868200245
041991051140190000770001375200043
041991051144890000940019167800562
041991051144890001350000144900000
041991051999990000070000648800017
041991051999990000100000276500000
041991051999990000740013138400393
041991051999990001540000029800000
041991051999990001680000096100000
041991051010490000020005913700259
041991051011890000060000014400000
041991051011890002760000933300053
041991051040790002560000204800006
041991051069990000180000130900000
041991051080990000040001084500014
041991051084090000040000368700010
041991051091790002050000084100001
041991051111590000680020764300450
041991051111590001540000016100000
041991051119990100000006172200182
041991051140190001610000044500000
041991051159990000010023357200360
041991051170390001600000016800000
041991051179990000880005495100092
041991051999990000630000839200032
041991051999990000750007138200105
041991051999990001800000134300039
041991051011190000250009555700115
041991051011490100000001151100039
041991051019990001690000539000009
041991051039990000020014958000269
041991051040790002540000049400001
041991051053590000410002027000059
041991051084990000010004427300577
041991051090890000550061191001432
041991051090890001960000035200001
041991051094390002040000013900000
041991051099990002610000549700065
041991051111590000670004406300100
041991051113290000480000019800000
041991051129990000310000034100000
041991051133190000940000220800014
041991051153090000060000038100000
041991051162690000030000717100021
041991051195290000020000873800012
041991051999990000030073133102939
041991051999990000510000151100010
041991051999990000730000060500000
041991051999990000770019909000701
041991051999990001290000493500008
041991051999990002670000078000010
041991051999990002820000116100004
041991051011890000220000014900001
041991051019990000220000189400007
041991051019990001680000096100000
041991051053590001130003745200026
041991051063990001940007168300285
041991051119990000960002289400018
041991051122890000730000060500000
041991051142090000820005971500102
041991051170390000020019486800518
041991051179990001260000121500002
041991051185190000120000023300000
041991051999990000490000102900001
041991051999990001450000006100000
041991051999990001960000035200001
041991051999990002900000849500000
041991051019990000230041733501033
041991051029990000020013389900955
041991051029990000300012802501115
041991051040790002420000360600011
041991051040790002550000025300000
041991051040790002890000498900017
041991051059990000020008044000092
041991051063990000480000032200000
041991051084990000500000011200001
041991051089990000050000064200006
041991051089990000920000498600036
041991051089990001470000459500013
041991051090890001180000881500000
041991051090890001770013780200073
041991051099990002040000946800005
041991051099990002060000077200009
041991051113290000020005953700302
041991051122890000130000394600000
041991051129990100000004533200295
041991051144890000020004504200021
041991051144890000740004393200109
041991051162690002490000846100082
041991051170390000850000106900000
041991051185190000030000127300001
041991051999990000930000178000002
041991051999990001550002126900039
041991051999990002220000436300045
041991051010490001570000472300016
041991051010490100000000706500051
041991051011890000240017381500862
041991051011890001650000010400001
041991051012390000020008931600298
041991051012390000060000014800000
041991051019990000130000133200000
041991051039990002350000165200000
041991051040790002510001599200037
041991051040790002530001015900021
041991051053890100000001873400047
041991051059990000010022338400482
041991051059990001070000145200008
041991051063990001950000177700000
041991051071390000020008125500354
041991051079990002860000029800000
041991051080590002320000137100050
041991051082490001500000959500028
041991051083790000020008853801187
041991051091790000590000678400016
041991051092590001800000096100030
041991051099990002240000295700001
041991051100690000040003436600133
041991051101090000030001593700107
041991051109990000070000182700010
041991051111590001180000057000000
041991051113290000670001114800033
041991051129990001180000021100000
041991051149990000810001725000006
041991051153090000070000068400000
041991051159990000030002829800032
041991051174690001290000493500008
041991051179990001280000309600001
041991051179990002330000167900000
041991051185190002970000023900000
041991051999990002540000049400001
041991051010490001180000019400000
041991051025090002740000118100008
041991051040790000030001104600017
041991051049990002520000563000013
041991051069990001950000177700000
041991051071690000010005806400682
041991051080590000020004260200689
041991051084790000060000040800000
041991051090890002370000714600068
041991051090890100000006861400419
041991051091790001820000008800007
041991051099990002700000109100015
041991051109990000020014995100894
041991051119990001510000098400000
041991051122890001400000056300000
041991051129990000030007819600063
041991051149990000130000085300000
041991051153090000020016738500227
041991051179990000100000012200000
041991051999990000880005495100092
041991051999990001070000145200008
041991051999990001350000234600000
041991051999990001390000344000000
041991051999990001500000959500028
041991051011190100000002257400040
041991051012990000030001197400039
041991051019990001700000063700000
041991051053890000010011425200315
041991051071390001460000062700000
041991051071990000010003157100457
041991051094390002050000065200001
041991051109990000630000839200032
041991051109990001650000274900011
041991051113690001510000098400000
041991051122890000480002712300001
041991051153090000480000382000000
041991051185190000130000020200000
041991051999990000130001136600000
041991051999990001030000177200005
041991051999990002860000029800000
041991051999990100000077748804586
041991051011490001100000125500003
041991051019990001570000472300016
041991051019990100000015505800524
041991051053590000450000495900021
041991051053590001210000112700000
041991051069990000010010387300349
041991051082490000020010132800750
041991051082490001490000404400026
041991051084790000040002004900021
041991051089990000510000151100010
041991051089990100000003691400424
041991051090890002000000038400000
041991051092590100000000765800081
041991051099990002000000038400000
041991051099990002210000091900000
041991051111590000970000034400000
041991051129990000110000085900000
041991051142090000750002797800059
041991051149990001750000044500003
041991051170390001270000045900000
041991051171290001310000013000000
041991051174690000020025411800657
041991051174690000880002939000043
041991051179990000030008889300196
041991051999990000610000078100000
041991051999990001880000492000001
041991051999990001920001896600069
041991051999990002140000195500003
041991051999990002560000204800006
