021982101010490000380000000000000
021982101011490000440000000000000
021982101011490000560000017500000
021982101012990000150000763700000
021982101014190000300000034100000
021982101014190000330000222700000
021982101014190000810003000400000
021982101019990000190000249000000
021982101019990000710007706800000
021982101019990000800000431300000
021982101022290000390000000000000
021982101022290000520000331400000
021982101022290000780000062400000
021982101024490000700000062600000
021982101024490000810001557000000
021982101029990000190000066500000
021982101029990000390000000000000
021982101029990000700000686100000
021982101049990000780000171600000
021982101049990000820000051800000
021982101053590000330000075800000
021982101053590000620000000000000
021982101053890000330000131500000
021982101063990000330000171600000
021982101069990000370000026200000
021982101069990000820000042100000
021982101071990000370000009900000
021982101074590000330000648800000
021982101074590000380000000000000
021982101079990000190000035000000
021982101079990000370000024800000
021982101079990000420000000000000
021982101079990000770048655300013
021982101080590000330000041400000
021982101080990000780000172400000
021982101082490000190000061600000
021982101083490000050004496500001
021982101083790000190000019200000
021982101083790000380000000000000
021982101084090000150000696700000
021982101084090000550000134800000
021982101084290000150000288100000
021982101084290000770002163900001
021982101084990000050004750400001
021982101089990000370000043500000
021982101089990000430000007500000
021982101089990000690000000000000
021982101091790000050003517800001
021982101094390000260001136100000
021982101094390000560000018300000
021982101094390000800000031100000
021982101099990000180077272600012
021982101101090000150000452800000
021982101010490000150000366600000
021982101011190000800000090200000
021982101011490000780000188600000
021982101011490000800000048900000
021982101011890000820000024900000
021982101012190000820000026600000
021982101012390000150000336300000
021982101012390000530002682900000
021982101012990000710001177000000
021982101012990000720031509200006
021982101014190000150000577500000
021982101014190000380000000000000
021982101024490000390000000000000
021982101024490000820000014800000
021982101033390000290000053200000
021982101033390000550005301700001
021982101040790000550000596200000
021982101053590000820000060200000
021982101053890000380000000000000
021982101063990000190000040400000
021982101063990000840000082700000
021982101069990000780000176000000
021982101070290000690000000000000
021982101071390000310000080900000
021982101071390000820000014000000
021982101080990000560000036600000
021982101080990000690000000000000
021982101083790000810002995100000
021982101084990000380000014400000
021982101089990000770064549100018
021982101091790000140000599400000
021982101091790000540000156900000
021982101092590000330000074300000
021982101092590000560000022700000
021982101094390000710000071900000
021982101094390000730012088000003
021982101099990000260013811800001
021982101101090000310000000400000
021982101101090000470000021200000
021982101101090000780000159500000
021982101112790000150000387600000
021982101113290000310000016900000
021982101113290000820000033900000
021982101113690000050015555600004
021982101119990000310000091000000
021982101119990000750042646900009
021982101122890000610000521000000
021982101129990000330002260200000
021982101129990000770143913700018
021982101144890000200022180100004
021982101144890000340008710000001
021982101159990000050018964200003
021982101159990000560000046300000
021982101011190000810002272800000
021982101011490000330000155600000
021982101011890000380000000000000
021982101011890000720023415400005
021982101012190000190000023800000
021982101012990000380000002000000
021982101014190000440000000000000
021982101019990000300000034100000
021982101019990000380000002000000
021982101029990000560000083600000
021982101033390000490000249300000
021982101039990000290000053200000
021982101040790000380000000000000
021982101049990000770014423200003
021982101063990000770013598700003
021982101069990000810001626500000
021982101070290000370000000000000
021982101071390000770015116800003
021982101071690000800000032500000
021982101071990000780000097100000
021982101074590000190000015700000
021982101074590000560000020400000
021982101074590000800000028300000
021982101074590000810002843300000
021982101083490000150000451600000
021982101083490000430000000000000
021982101084290000810001145300001
021982101084790000560000036000000
021982101084790000810002070400000
021982101084990000780000073100000
021982101084990000820000035400000
021982101089990000050052646900013
021982101089990000560000174000000
021982101090890000560000201100000
021982101091790000150000532800000
021982101091790000180009630600002
021982101092590000140001148400000
021982101094390000140001253500000
021982101099990000370000016100000
021982101099990000600000314300000
021982101100690000770020914400005
021982101101090000810002983200000
021982101111590000750019635900004
021982101112790000800000050000000
021982101113690000390000042500000
021982101113690000810007657500001
021982101119990000150003358800000
021982101119990000610000165300000
021982101122890000770143913700018
021982101122890000810009250800001
021982101133190000190000023500000
021982101133190000200001636300000
021982101133190000560000031100000
021982101010490000560000032800000
021982101010490000820000032300000
021982101011890000190000036900000
021982101012190000800000025900000
021982101012990000560000032300000
021982101019990000470000201600000
021982101022290000700000211600000
021982101022290000770006310300002
021982101022290000810001923400000
021982101029990000520002093000000
021982101033390000690000000000000
021982101033390000800000089700000
021982101039990000820000071200000
021982101053890000560000079900000
021982101059990000380000044300000
021982101059990000560000142400000
021982101069990000550000926500000
021982101069990000800000064200000
021982101070290000470000014100000
021982101071390000610000040200000
021982101071390000780000118200000
021982101071390000810002944300000
021982101071690000420000000000000
021982101071990000810001204900000
021982101074590000470000033200000
021982101079990000560000040900000
021982101080590000810001121800000
021982101080990000370000000000000
021982101082490000550000585600000
021982101082490000680000191200000
021982101083790000770010053400003
021982101084790000430000000000000
021982101089990000030000874800000
021982101089990000150008382400001
021982101092590000150000628600000
021982101092590000790000549500000
021982101094390000120000022900000
021982101109990000820000048800000
021982101113290000150000346700000
021982101113290000750005061900001
021982101119990000100003843700000
021982101122890000150011338400001
021982101129990000020000171000000
021982101129990000190000318800000
021982101129990000470000218700000
021982101133190000210000839900000
021982101133190000240000000000000
021982101133190000340003474400000
021982101133190000810003124500000
021982101142090000400000001100000
021982101159990000470000052200000
021982101159990000690000000000000
021982101162690000150000577400000
021982101011190000560000049800000
021982101011190000780000347400000
021982101012390000370000000000000
021982101012390000500000022200000
021982101012390000800000021100000
021982101012990000530002693500000
021982101014190000050017605400003
021982101014190000780000256800000
021982101019990000720206486500043
021982101024490000470000009900000
021982101025090000060015680000003
021982101029990000820000094500000
021982101033390000050018196500003
021982101040790000820000051800000
021982101053590000050009770100002
021982101053590000770010936600003
021982101059990000150003229200000
021982101063990000050011756700002
021982101070290000050005566600001
021982101070290000810001675500000
021982101071690000050004227400002
021982101074590000550001284900000
021982101079990000780000406700000
021982101082490000820000056500000
021982101083490000330000070700000
021982101083790000550000261600000
021982101083790000560000026900000
021982101084990000800000026600000
021982101089990000630000145400000
021982101090890000480002438200000
021982101090890000690000000000000
021982101091790000790000843100000
021982101092590000540000196000000
021982101094390000050005109800001
021982101094390000470000017100000
021982101099990000050050407500008
021982101100690000270001416000000
021982101109990000800000068300000
021982101111590000220000835000000
021982101111590000330000121600000
021982101111590000810006668900001
021982101119990000040000551200000
021982101119990000560000184100000
021982101119990000810023011300005
021982101122890000050089137200011
021982101122890000820000390000000
021982101129990000370000063400000
021982101129990000560000753200000
021982101129990000800001001700000
021982101133190000570000214400000
021982101139990000330000045900000
021982101140190000070002797400001
021982101140190000150000560400000
021982101010490000530000550400000
021982101010490000810002329400000
021982101011490000150000535800000
021982101011490000470000000000000
021982101011490000610000095600000
021982101012190000780000081200000
021982101012390000440000000000000
021982101012990000050011836900002
021982101014190000820000033500000
021982101019990000530021145600001
021982101025090000330000265400000
021982101029990000330000403600000
021982101033390000190000122300000
021982101033390000780000357000000
021982101039990000370000044800000
021982101039990000770033957500006
021982101049990000550000596200000
021982101053590000800000057400000
021982101053890000820000008500000
021982101063990000800000064200000
021982101070290000330000138800000
021982101074590000610000055900000
021982101079990000550003699900000
021982101080590000770003414200001
021982101082490000050009450600002
021982101083790000310000000000000
021982101084090000190000011200000
021982101084990000330000100100000
021982101089990000800000120200000
021982101089990000810018684000003
021982101089990000820000306100000
021982101090890000050038596700005
021982101090890000260009985200001
021982101091790000480000258900000
021982101091790000730009122800002
021982101092590000260001174800000
021982101099990000710000740600000
021982101099990000730157560100025
021982101100690000380000000000000
021982101100690000820000022500000
021982101109990000310000004400000
021982101109990000450000000200000
021982101111590000580000911300000
021982101113290000050006380100002
021982101119990000580002010800000
021982101119990000820000240200000
021982101122890000410000169400000
021982101122890000800001001700000
021982101129990000050089137200011
021982101133190000820000027800000
021982101139990000340003474400000
021982101142090000150000640700000
021982101142090000200012538900003
021982101011190000530002074900000
021982101011190000610000175300000
021982101011490000190000047300000
021982101011890000310000000000000
021982101012190000150000300300000
021982101012190000440000000000000
021982101012190000690000000000000
021982101012390000720020775400005
021982101012990000690000000000000
021982101019990000610000605900000
021982101019990000820000253400000
021982101022290000060003394500001
021982101024490000330000097500000
021982101024490000780000039900000
021982101025090000310000000000000
021982101025090000390000000000000
021982101025090000780000295200000
021982101025090000810003404400000
021982101033390000150002804800000
021982101053590000150001970500000
021982101053590000780000174600000
021982101053890000370000063200000
021982101053890000810006143600001
021982101059990000780000521500000
021982101070290000420000000000000
021982101071390000370000014900000
021982101071390000550000762700000
021982101071690000770005967600002
021982101071690000820000014300000
021982101071990000470000006600000
021982101071990000560000005600000
021982101079990000330001477100000
021982101079990000610000096100000
021982101079990000690000000000000
021982101080590000370000000000000
021982101082490000380000002600000
021982101083790000050006497200001
021982101083790000470000025300000
021982101083790000800000030600000
021982101084790000150001178600000
021982101090890000120000188900000
021982101090890000140004022200000
021982101090890000330000872400000
021982101090890000600000269900000
021982101091790000370000016100000
021982101092590000050003183200001
021982101092590000730007082100002
021982101094390000180005967700001
021982101094390000480000204200000
021982101100690000310000004000000
021982101100690000810003064700000
021982101109990000270002614800000
021982101109990000810006047900000
021982101010490000720011990300004
021982101011190000380000000000000
021982101011490000810002841400000
021982101011890000050009755400002
021982101011890000810002789700000
021982101012390000820000021400000
021982101012990000610000133300000
021982101012990000810001943500000
021982101019990000310000002200000
021982101024490000520000112400000
021982101024490000560000012500000
021982101029990000470000009900000
021982101033390000370000044800000
021982101040790000770014423200003
021982101049990000800000050900000
021982101053590000130002579200000
021982101053590000560000062500000
021982101053890000640000220600000
021982101059990000690000000000000
021982101063990000780000176000000
021982101069990000770013598700003
021982101069990000840000082700000
021982101070290000190000019300000
021982101071990000150000291900000
021982101071990000770003421200002
021982101071990000800000013600000
021982101074590000770013816900003
021982101080590000190000015300000
021982101080590000820000012700000
021982101080990000430000002800000
021982101082490000150000805200000
021982101082490000330000110600000
021982101082490000430000003600000
021982101082490000630000145400000
021982101083490000550000267900000
021982101083790000030000874800000
021982101084090000380000000000000
021982101084090000430000000000000
021982101089990000190000143300000
021982101089990000680000323400000
021982101090890000150004977200000
021982101090890000160000393700000
021982101090890000540004137100000
021982101090890000820000168900000
021982101091790000120000047800000
021982101091790000310000000000000
021982101091790000560000033000000
021982101099990000140007023500000
021982101099990000150006839500000
021982101100690000800000068300000
021982101101090000450000000200000
021982101109990000780000290500000
021982101112790000220000094800000
021982101011190000330000120900000
021982101011490000530003755500000
021982101011890000370000000000000
021982101011890000440000000000000
021982101011890000800000045400000
021982101012190000530000797600000
021982101012390000710000475000000
021982101012990000470000031500000
021982101012990000800000092900000
021982101012990000820000033100000
021982101014190000310000000000000
021982101014190000720049654300008
021982101019990000810020140200000
021982101024490000060003177900001
021982101024490000770003883400002
021982101025090000820000049700000
021982101029990000150003076500000
021982101039990000550005301700001
021982101039990000800000089700000
021982101040790000050013444400003
021982101040790000230000000000000
021982101040790000610000117800000
021982101040790000800000050900000
021982101053590000010001262500000
021982101053890000090000113100000
021982101063990000690000000000000
021982101069990000690000000000000
021982101070290000770010332800003
021982101071390000150000554300000
021982101071390000380000015400000
021982101071690000150000239900000
021982101071990000050003374800001
021982101074590000050009824400002
021982101074590000420000000000000
021982101074590000820000019700000
021982101079990000380000015400000
021982101080590000380000000000000
021982101080990000050009096900002
021982101082490000770013320600003
021982101082490000810004617000001
021982101083490000770004975600002
021982101084090000050003548300002
021982101084090000820000014200000
021982101084790000330000222900000
021982101089990000380000023900000
021982101090890000710000668700000
021982101091790000260001515700000
021982101092590000160000025500000
021982101092590000820000021600000
021982101094390000540000234900000
021982101099990000790015855300001
021982101100690000050008529600002
021982101100690000550001536800000
021982101010490000330000125100000
021982101010490000690000000000000
021982101011490000710000927000000
021982101011890000710000493900000
021982101012390000810003245600000
021982101022290000560000024200000
021982101025090000800000066700000
021982101029990000770035733900009
021982101039990000050018196500003
021982101039990000490000249300000
021982101039990000560000056700000
021982101040790000150001872200000
021982101040790000760000863300000
021982101049990000050013444400003
021982101049990000330000087900000
021982101049990000610000117800000
021982101053590000640000105100000
021982101053590000690000000000000
021982101053890000780000346900000
021982101059990000370000104900000
021982101059990000620000000000000
021982101059990000800000057400000
021982101063990000550000926500000
021982101069990000310000000000000
021982101071690000330000286800000
021982101071690000550000425700000
021982101079990000050030896900008
021982101080990000380000006900000
021982101084790000550000962200000
021982101089990000310000004600000
021982101089990000470000065000000
021982101090890000180056055500008
021982101099990000310000000000000
021982101100690000150000528800000
021982101109990000050014303200003
021982101109990000380000000000000
021982101113290000330000039900000
021982101113290000390000000000000
021982101113690000780000448700000
021982101113690000800000086700000
021982101129990000550013745900001
021982101129990000610000521000000
021982101139990000570000214400000
021982101140190000330000031400000
021982101144890000210004359100000
021982101144890000780000381500000
021982101149990000560000089700000
021982101159990000460000000000000
021982101159990000820000070800000
021982101162690000170000000000000
021982101171290000310000000000000
021982101179990000300000096600000
021982101179990000560000175300000
021982101012190000470000013700000
021982101012990000440000006600000
021982101014190000530005727200001
021982101014190000610000201700000
021982101014190000690000000000000
021982101014190000710002337500000
021982101019990000780001214600000
021982101024490000150000447200000
021982101025090000700000411900000
021982101025090000770025540200005
021982101029990000810006884800000
021982101033390000610000171300000
021982101039990000330000205600000
021982101040790000810003714800000
021982101049990000380000000000000
021982101053890000010000613200000
021982101059990000010001875700000
021982101059990000050017587500004
021982101059990000810010734100002
021982101063990000370000026200000
021982101069990000150001528100000
021982101069990000330000171600000
021982101070290000550000887400000
021982101070290000560000014900000
021982101071390000800000023600000
021982101071990000330000080500000
021982101080590000150002500000001
021982101080990000770007962600002
021982101080990000800000063000000
021982101084290000470000010200000
021982101084790000770014440900003
021982101084790000780000155500000
021982101084990000150000588000000
021982101090890000310000000000000
021982101092590000780000127300000
021982101101090000190000025800000
021982101109990000150000981600000
021982101109990000190000086900000
021982101109990000330000168000000
021982101111590000150001414600000
021982101112790000750005326300001
021982101113290000810005228200002
021982101122890000690000637500000
021982101133190000860007625500002
021982101139990000190000023500000
021982101139990000210000839900000
021982101140190000780000085400000
021982101140190000800000013200000
021982101149990000690000000000000
021982101159990000300000055500000
021982101162690000560000011600000
021982101170390000560000044400000
021982101171290000080007382600002
021982101010490000440000000000000
021982101010490000710000255800000
021982101011190000050009731400002
021982101011190000150000847300000
021982101011190000720030857100006
021982101011890000470000031600000
021982101012190000710000375200000
021982101014190000370000059900000
021982101014190000800000071800000
021982101019990000050075718200015
021982101019990000370000091900000
021982101019990000560000209600000
021982101029990000780000397500000
021982101033390000330000205600000
021982101039990000150002804800000
021982101040790000560000045000000
021982101059990000850003501300000
021982101063990000380000000000000
021982101069990000380000000000000
021982101070290000780000085500000
021982101070290000820000012900000
021982101071390000330000322200000
021982101074590000690000000000000
021982101079990000150002003800000
021982101079990000470000053900000
021982101080590000780000058100000
021982101080990000330000091900000
021982101083490000820000025000000
021982101083790000150000833800000
021982101084090000370000012200000
021982101084090000770003437500001
021982101084290000330000040500000
021982101084790000310000000000000
021982101084790000370000000000000
021982101090890000790013131400001
021982101094390000310000000000000
021982101099990000470000017100000
021982101099990000480003064300000
021982101099990000540004724900000
021982101099990000690000000000000
021982101099990000780002011000000
021982101109990000660000016800000
021982101112790000780000102600000
021982101113290000580000153400000
021982101113290000780000105600000
021982101119990000050048843800013
021982101119990000330000254500000
021982101122890000330002260200000
021982101129990000820000390000000
021982101133190000370000014100000
021982101140190000340001454000000
021982101142090000070003130800000
021982101149990000800000013200000
021982101010490000190000047600000
021982101011190000440000000000000
021982101011190000690000000000000
021982101012190000050004575500001
021982101012190000330000069600000
021982101012390000050008383300002
021982101012390000190000042500000
021982101012990000190000050900000
021982101012990000310000002200000
021982101014190000470000037600000
021982101022290000820000030000000
021982101033390000110000000000000
021982101033390000310000000000000
021982101033390000820000071200000
021982101039990000110000000000000
021982101039990000190000122300000
021982101039990000810003176300000
021982101040790000780000171600000
021982101053590000380000044300000
021982101053590000810004590500001
021982101059990000130002579200000
021982101059990000330000207300000
021982101059990000820000068700000
021982101063990000150001528100000
021982101070290000150000384600000
021982101070290000310000024000000
021982101070290000800000045700000
021982101080590000050003719300001
021982101080590000550000194700000
021982101080990000190000036000000
021982101080990000810002060900000
021982101082490000780000127600000
021982101083790000820000034200000
021982101084090000810000968000000
021982101084290000050002282000001
021982101084290000380000000000000
021982101084790000050008805700002
021982101084790000820000045300000
021982101084990000430000001100000
021982101084990000690000000000000
021982101084990000770004780400002
021982101091790000160000022400000
021982101091790000330000137700000
021982101091790000820000020400000
021982101092590000480000163000000
021982101094390000150000700900000
021982101094390000160000048400000
021982101094390000330000128100000
021982101094390000370000000000000
021982101094390000600000044400000
021982101099990000120000259600000
021982101099990000560000275100000
021982101100690000690000000000000
021982101010490000050004828000001
021982101010490000470000023500000
021982101010490000800000035100000
021982101011490000370000026500000
021982101011490000380000000000000
021982101011890000690000000000000
021982101012190000380000000000000
021982101019990000330001205500000
021982101019990000440000006600000
021982101022290000330000040700000
021982101025090000520001649200000
021982101029990000370000004700000
021982101029990000800000066700000
021982101033390000560000056700000
021982101039990000690000000000000
021982101049990000150001872200000
021982101049990000230000000000000
021982101049990000810003714800000
021982101053590000850001624100000
021982101059990000640000325700000
021982101063990000810001626500000
021982101071690000810002011900000
021982101071990000310000036500000
021982101071990000550000339200000
021982101071990000820000009900000
021982101079990000310000141400000
021982101079990000820000070800000
021982101080590000560000030000000
021982101080990000310000004600000
021982101080990000550000373700000
021982101080990000820000066000000
021982101084090000330000041300000
021982101084290000780000027800000
021982101084290000820000016800000
021982101084990000810002472500001
021982101089990000330000755600000
021982101089990000550002988800000
021982101089990000670000198400000
021982101090890000370000000000000
021982101090890000800000239100000
021982101091790000780000159600000
021982101092590000180005618800001
021982101094390000790001331300000
021982101099990000820000231800000
021982101100690000190000061100000
021982101100690000330000089500000
021982101101090000270001198800000
021982101101090000770012390200004
021982101109990000550001919900000
021982101112790000050008846200003
021982101113690000310000074100000
021982101122890000550013745900001
021982101122890000560000753200000
021982101011190000710001665400000
021982101011490000720024342800005
021982101011490000820000028500000
021982101011890000150000727600000
021982101011890000530002863600000
021982101012190000810001717400000
021982101012390000310000000000000
021982101012390000330000178900000
021982101012390000470000028500000
021982101012390000780000098600000
021982101012990000370000005500000
021982101012990000780000242000000
021982101014190000560000052000000
021982101019990000150004455100000
021982101029990000310000000000000
021982101039990000310000000000000
021982101039990000610000171300000
021982101040790000330000087900000
021982101049990000760000863300000
021982101053590000370000041700000
021982101053890000050007817400002
021982101053890000150001258700000
021982101053890000770013024900004
021982101053890000850001877200000
021982101059990000090000113100000
021982101063990000310000000000000
021982101063990000820000042100000
021982101069990000050011756700002
021982101074590000150000533100000
021982101074590000310000000000000
021982101074590000780000105900000
021982101082490000560000044500000
021982101083490000380000000000000
021982101083790000330000036200000
021982101084090000670000198400000
021982101084290000430000000000000
021982101084790000380000000000000
021982101084990000680000132200000
021982101089990000780000721900000
021982101090890000730129267200018
021982101094390000820000020900000
021982101099990000330001212500000
021982101101090000550000383100000
021982101101090000820000026300000
021982101111590000350000223600000
021982101111590000560000074000000
021982101111590000610000165300000
021982101112790000810003456700001
021982101113690000100001200200000
021982101122890000190000318800000
021982101122890000370000063400000
021982101122890000470000218700000
021982101133190000150001227800000
021982101011190000470000035200000
021982101011190000820000053100000
021982101011490000050009002300002
021982101011490000690000000000000
021982101011890000330000202900000
021982101011890000560000025200000
021982101012190000720013942000004
021982101012990000330000129800000
021982101019990000500000022200000
021982101019990000690000000000000
021982101022290000150000637500000
021982101025090000150001991800000
021982101025090000190000066500000
021982101025090000370000004700000
021982101025090000560000046900000
021982101029990000060022252400005
021982101033390000770033957500006
021982101033390000810003176300000
021982101039990000780000357000000
021982101040790000310000000000000
021982101049990000310000000000000
021982101049990000560000045000000
021982101059990000770023961500007
021982101069990000190000040400000
021982101071390000050007903700002
021982101079990000800000143700000
021982101079990000810010679900000
021982101080590000430000000000000
021982101080990000150001040400000
021982101082490000370000031300000
021982101082490000470000029500000
021982101083490000810001233000000
021982101084090000780000107400000
021982101084290000550000071500000
021982101084790000690000000000000
021982101084990000550000136800000
021982101090890000780001546200000
021982101094390000780000177900000
021982101099990000160000490000000
021982101099990000800000270200000
021982101109990000690000000000000
021982101111590000050018061900004
021982101111590000780000591200000
021982101119990000350000223600000
021982101122890000780000806400000
021982101129990000690000637500000
021982101133190000770011218600003
021982101139990000150001227800000
021982101139990000560000031100000
021982101139990000820000027800000
021982101142090000820000020600000
021982101144890000240000000000000
021982101149990000240000006300000
021982101109990000470000021200000
021982101109990000770033304600009
021982101111590000820000098000000
021982101112790000560000021300000
021982101113690000190000070400000
021982101113690000580000807000000
021982101113690000750012622800003
021982101122890000310000009200000
021982101122890000320000377200000
021982101129990000150011338400001
021982101139990000780000108800000
021982101142090000210003815600001
021982101142090000740009997200002
021982101153090000050018964200003
021982101153090000150001021100000
021982101159990000810003435400000
021982101162690000330000066900000
021982101170390000150001668000000
021982101170390000330000346100000
021982101179990000080061314700010
021982101189990000780000013700000
021982101195290000420000000000000
021982101195290000780000000000000
021982101999990000210010032600001
021982101999990000630000145400000
021982101999990000690000637500000
021982101162690000810001154500000
021982101169990000510000022400000
021982101174690000470000091600000
021982101185190000810000187000000
021982101999990000100003843700000
021982101999990000120000259600000
021982101999990000250000673800000
021982101139990000770011218600003
021982101140190000240000000000000
021982101142090000340007421700001
021982101144890000150000981500000
021982101144890000820000122500000
021982101149990000340017585700002
021982101149990000370000018300000
021982101149990000780000581100000
021982101162690000820000044500000
021982101169990000330000066900000
021982101169990000810001154500000
021982101169990000820000044500000
021982101170390000280000122600000
021982101171290000690000000000000
021982101171290000780000091500000
021982101179990000150005189100000
021982101179990000800000216800000
021982101179990000820000221200000
021982101185190000050000767400000
021982101185190000650000178500000
021982101189990000420000001700000
021982101195290000800000010500000
021982101999990000040000551200000
021982101999990000190001563200000
021982101999990000280000930200000
021982101999990000320000377200000
021982101999990000620000000000000
021982101169990000780000090200000
021982101170390000690000000000000
021982101179990000310000000000000
021982101185190000780000013700000
021982101189990000770001169800001
021982101195290000820000006600000
021982101999990000090000113100000
021982101999990000540004724900000
021982101999990000610002583000000
021982101999990000700000686100000
021982101999990000710008447400000
021982101999990000771012739200202
021982101140190000190000014000000
021982101140190000370000000000000
021982101144890000070007986600001
021982101144890000190000076100000
021982101149990000330000203800000
021982101153090000190000052700000
021982101153090000460000000000000
021982101169990000550000249100000
021982101170390000080018904000003
021982101170390000370000063600000
021982101171290000300000017700000
021982101171290000560000025200000
021982101174690000370000000000000
021982101174690000690000000000000
021982101174690000780000739600000
021982101185190000770001169800001
021982101199990000800000010500000
021982101999990000030000874800000
021982101999990000150060430900002
021982101999990000260013811800001
021982101999990000350000223600000
021982101999990000470000897600000
021982101999990000550084651500004
021982101999990000670000198400000
021982101149990000200037929300008
021982101149990000210009192700001
021982101149990000570002095400000
021982101153090000610000100700000
021982101153090000820000070800000
021982101159990000150001021100000
021982101162690000780000090200000
021982101170390000360000061000000
021982101171290000330000277700000
021982101171290000870000158900000
021982101174690000190000146800000
021982101174690000770063552200010
021982101195290000330000014300000
021982101999990000200039565600008
021982101999990000330010874600000
021982101999990000480003064300000
021982101999990000490000249300000
021982101999990000680000323400000
021982101999990000850003501300000
021982101111590000040000551200000
021982101112790000100000588500000
021982101119990000800000240300000
021982101139990000240000000000000
021982101139990000810003124500000
021982101144890000690000000000000
021982101149990000070013914800002
021982101162690000050006477800002
021982101162690000510000022400000
021982101169990000560000011600000
021982101171290000280000196700000
021982101179990000780001196700000
021982101185190000550000018800000
021982101195290000050000555100000
021982101199990000780000000000000
021982101199990000820000006600000
021982101999990000300000186200000
021982101999990000650000178500000
021982101999990000800002845100000
021982101999990000810142509300011
021982101999990000820002404400000
021982101112790000820000025600000
021982101113690000220001226200000
021982101113690000330000093000000
021982101113690000820000082700000
021982101129990000810009250800001
021982101133190000330000045900000
021982101140190000210001018000000
021982101140190000560000013800000
021982101140190000570000157300000
021982101142090000370000018300000
021982101149990000150002182600000
021982101162690000770006778100002
021982101170390000780000365600000
021982101170390000870000241400000
021982101174690000330001243100000
021982101179990000470000175300000
021982101189990000050000767400000
021982101199990000150000161500000
021982101999990000050554810700107
021982101101090000660000016800000
021982101111590000100001646900000
021982101111590000390000000000000
021982101113690000560000069800000
021982101119990000190000070400000
021982101119990000390000042500000
021982101119990000780001248100000
021982101129990000780000806400000
021982101133190000400000000000000
021982101133190000780000108800000
021982101139990000370000014100000
021982101140190000200003210300001
021982101140190000400000000000000
021982101140190000740005167400002
021982101142090000240000006300000
021982101142090000330000043500000
021982101142090000560000028100000
021982101142090000780000114200000
021982101153090000470000052200000
021982101159990000330000250100000
021982101159990000550002006500000
021982101159990000610000100700000
021982101171290000590000828000000
021982101174690000820000128400000
021982101179990000190000207000000
021982101195290000150000161500000
021982101999990000180077272600012
021982101999990000220002219200000
021982101999990000560002318600000
021982101999990000640000325700000
021982101185190000150000201000000
021982101185190000420000001700000
021982101999990000230000000000000
021982101999990000310000252800000
021982101999990000390000151500000
021982101999990000510000022400000
021982101171290000770013020000003
021982101174690000300000078900000
021982101174690000310000000000000
021982101179990000330001866900000
021982101179990000370000093500000
021982101179990000870001851600000
021982101189990000550000018800000
021982101189990000650000178500000
021982101199990000050000555100000
021982101199990000420000000000000
021982101199990000810000308300000
021982101999990000130002579200000
021982101999990000870001851600000
021982101153090000300000055500000
021982101153090000550002006500000
021982101153090000560000046300000
021982101159990000190000052700000
021982101162690000190000018400000
021982101169990000150000577400000
021982101169990000190000018400000
021982101169990000770006778100002
021982101174690000250000673800000
021982101179990000280000930200000
021982101179990000360000061000000
021982101179990000690000000000000
021982101179990000770111835400019
021982101189990000820000001900000
021982101195290000810000308300000
021982101999990000290000053200000
021982101999990000500000022200000
021982101999990000660000016800000
021982101100690000780000131000000
021982101101090000050005773600001
021982101101090000330000078500000
021982101111590000800000103600000
021982101112790000580000139100000
021982101113290000100000408100000
021982101113290000220000063200000
021982101113290000560000019000000
021982101113690000150001209900000
021982101119990000220002219200000
021982101122890000020000171000000
021982101129990000320000377200000
021982101129990000410000169400000
021982101144890000570001453700000
021982101144890000740019697400004
021982101169990000170000000000000
021982101170390000590002653100000
021982101170390000800000086300000
021982101171290000810003354700000
021982101174690000150002811100000
021982101174690000800000130500000
021982101179990000810013325500000
021982101185190000330000017300000
021982101189990000810000187000000
021982101199990000330000014300000
021982101999990000020000171000000
021982101999990000370000546200000
021982101129990000310000009200000
021982101139990000400000000000000
021982101139990000860007625500002
021982101140190000690000000000000
021982101144890000370000000000000
021982101144890000400000000000000
021982101149990000190000129000000
021982101149990000400000001100000
021982101149990000740034862000008
021982101153090000330000250100000
021982101153090000770027055200005
021982101153090000810003435400000
021982101170390000190000060200000
021982101170390000310000000000000
021982101170390000610000132700000
021982101170390000810004694000000
021982101171290000370000029900000
021982101171290000470000012400000
021982101174690000080035028100005
021982101999990000110000000000000
021982101999990000160000490000000
021982101999990000270002614800000
021982101999990000340021060100002
021982101999990000780010313300000
021982101139990000200001636300000
021982101140190000820000019100000
021982101142090000190000038900000
021982101142090000570000484400000
021982101144890000330000128900000
021982101144890000560000047800000
021982101149990000820000162200000
021982101162690000550000249100000
021982101169990000050006477800002
021982101170390000470000071300000
021982101170390000770035263200006
021982101170390000820000068800000
021982101171290000820000024000000
021982101174690000280000610900000
021982101174690000590006302600000
021982101179990000250000673800000
021982101179990000590009783700000
021982101179990000610000490600000
021982101185190000820000001900000
021982101195290000770001029100001
021982101999990000010001875700000
021982101999990000410000169400000
021982101999990000760000863300000
021982101153090000690000000000000
021982101159990000770027055200005
021982101171290000150000710000000
021982101174690000560000105700000
021982101174690000610000357900000
021982101174690000810005276800000
021982101174690000870001451300000
021982101189990000150000201000000
021982101189990000330000017300000
021982101199990000770001029100001
021982101999990000170000000000000
021982101999990000360000061000000
