062015051053510043180005701500005
062015051053520040360000303200001
062015051053520046860000095600000
062015051053590040430000056400000
062015051053840012500001037500000
062015051053870045430000040500001
062015051059990049430000400700000
062015051053530042760000290900002
062015051053590010790000166900000
062015051053840014560002100500001
062015051053840049430000400700000
062015051053850051630000045200000
062015051053860051630000003400000
062015051053870040350000039900001
062015051053890040360001089800002
062015051053890051630000417700000
062015051053510009250000080600000
062015051053510014280000267400000
062015051053510051630000329800000
062015051053530040390000203900001
062015051053590045430006198400010
062015051053590053730000101500000
062015051053840015090010897200010
062015051053890015090012476400024
062015051059990014020000399600000
062015051053510014560001697100000
062015051053510040360010375900009
062015051053530010790000166900000
062015051053590014280000267400000
062015051053840009250000431100000
062015051053840043180007825500007
062015051053840045720000829200000
062015051053850040360000113600000
062015051053850045430000211500001
062015051053870015050000270800006
062015051053870031110000012000000
062015051059990012510001880300000
062015051053520014560000245200001
062015051053520043180000880500005
062015051053590042520007840600012
062015051053840042520007395200006
062015051053850042520000961700005
062015051053890042520008549000014
062015051059990009250000589300000
062015051059990015090016848200041
062015051059990042760000290900002
062015051053510053730000101500000
062015051053590042760000290900002
062015051053590051630000379600000
062015051053840014020000399600000
062015051053840042420000071000000
062015051059990042520016389600026
062015051059990046860000095600000
062015051053510038930000307400000
062015051053530045430000373900003
062015051053590009250000158200000
062015051053590014560002045500001
062015051053590046860000095600000
062015051053850012530000122300000
062015051059990010790000166900000
062015051053520051630000018900000
062015051053890012510001171800000
062015051053890014280000240500000
062015051053890043180009475500021
062015051059990038930000307400000
062015051059990043180016675800036
062015051059990053730000101500000
062015051053510012510000574200000
062015051053530040430000056400000
062015051053530042520000418300003
062015051053590038930000307400000
062015051053840051630000369100000
062015051053890049430000400700000
062015051053510043600000476800000
062015051053520042520000550900003
062015051053530009250000077600000
062015051053590043180007200300015
062015051053860040330000107100001
062015051053890041530000094800000
062015051059990040360011972800013
062015051059990041600000307500001
062015051059990048720000315700002
062015051059990050460004436900004
062015051059990051630000797300000
062015051053530051630000030900000
062015051053840014280000240500000
062015051053850015090001234000007
062015051053860015090000074400001
062015051053870043180000149800003
062015051053890014560002224100001
062015051053890042420000071000000
062015051059990007320000597200010
062015051059990045430011739000017
062015051059990047380000109300001
062015051053510042520006871400006
062015051053520041600000307500001
062015051053520048720000315700002
062015051053530043180000618300005
062015051053590043600000476800000
062015051053590050460004436900004
062015051053840041530000094800000
062015051053860042520000110100001
062015051053860043180000181600003
062015051059990014280000507900000
062015051059990041530000094800000
062015051053520012510000090000000
062015051053520015090001114800007
062015051053590048720000315700002
062015051053840045430005288600005
062015051053850043180001318600008
062015051053890047380000109300001
062015051053510045430005249600004
062015051053530014560000103200000
062015051053530015090001076300009
062015051053590015090004371800017
062015051053590040360010883000011
062015051053870042520000082000002
062015051053510050460004436900004
062015051053520045430000574900003
062015051053530012510000044300000
062015051053590041600000307500001
062015051053860007320000597200010
062015051053890007320000597200010
062015051053890009250000431100000
062015051053890014020000399600000
062015051053510015090002180700001
062015051053590012510000708500000
062015051053850014560000123600000
062015051053860047380000109300001
062015051053890045430005540600007
062015051059990014560004269600002
062015051059990040430000056400000
062015051059990042420000071000000
062015051059990043600000476800000
