021979031010490000600000087200000
021979031010490000670000309700000
021979031011190000260000104000000
021979031011490000670000742700000
021979031011890000300000059200000
021979031012190000360000037500000
021979031012190000620006875600003
021979031012190000670000301000000
021979031012390000670000929400000
021979031014190000240000077400000
021979031014190000400000113400000
021979031014190000480000098600000
021979031019990000670004831000000
021979031024490000240000012800000
021979031025090000560011360000003
021979031025090000570000402200000
021979031025090000600001988300000
021979031029990000180000115500000
021979031053590000360000077400000
021979031053890000360000085200000
021979031063990000320000326700000
021979031063990000380001714000000
021979031063990000620010855200003
021979031071690000600000026500000
021979031079990000180000170300000
021979031079990000260000030300000
021979031080990000570000225000000
021979031083790000670000194600000
021979031084090000500000291200000
021979031084790000240000062700000
021979031084990000670000211100000
021979031090890000670002074300000
021979031091790000300000145500000
021979031091790000670000237200000
021979031092590000530004293700001
021979031094390000030000211700000
021979031099990000240000693700000
021979031099990000300001111400000
021979031101090000670000565600000
021979031111590000420002813600000
021979031113290000380000382900000
021979031113690000600000263700000
021979031119990000600000682800000
021979031122890000490000151000000
021979031129990000180000526400000
021979031129990000230000270500000
021979031129990000550000384500000
021979031133190000360001952200000
021979031133190000620008330200003
021979031142090000320000276500000
021979031144890000570000413100000
021979031144890000650002348400000
021979031149990000210000172700000
021979031011190000240000076700000
021979031011190000360000066100000
021979031011190000600001325400000
021979031011890000240000043000000
021979031011890000360000017400000
021979031011890000620013110700003
021979031011890000660000018700000
021979031012190000320000433000000
021979031012390000320000039800000
021979031012390000620011120900003
021979031012990000320000060500000
021979031012990000620012020100003
021979031014190000380011073100002
021979031014190000510010160100002
021979031014190000620019109900004
021979031014190000670000922500000
021979031019990000200000422900000
021979031019990000360000182000000
021979031019990000480000140400000
021979031033390000560020034600004
021979031033390000600000148900000
021979031049990000380001475700000
021979031049990000620014692700004
021979031049990000660000080400000
021979031053890000560005360400002
021979031063990000180000138700000
021979031069990000200000064300000
021979031069990000300000077200000
021979031069990000380001714000000
021979031070290000670000375300000
021979031071390000560009599600002
021979031071690000320000031900000
021979031079990000320000383300000
021979031080590000260000042900000
021979031080990000320000228800000
021979031083490000380000451700000
021979031083490000560002588800001
021979031083790000620010432800003
021979031084290000260000030100000
021979031084290000670000066400000
021979031084790000340001338000000
021979031084990000450000245800000
021979031089990000670002987400000
021979031090890000140000576700000
021979031090890000440000326700000
021979031092590000200000106600000
021979031094390000070000999800000
021979031099990000140000632800000
021979031109990000670001187600000
021979031111590000280000225400000
021979031111590000560007687300002
021979031111590000600000304300000
021979031111590000670000428500000
021979031010490000260000073100000
021979031011190000560012469300003
021979031011490000620011073400003
021979031012390000260000052800000
021979031012990000360000046600000
021979031012990000510004955200001
021979031022290000570000101700000
021979031024490000260000024700000
021979031029990000240000109300000
021979031029990000320000284600000
021979031033390000200000174000000
021979031039990000320000251800000
021979031039990000640000118800000
021979031040790000260000117900000
021979031040790000380001475700000
021979031053590000410001009900000
021979031059990000370001980500000
021979031070290000620006588300002
021979031071390000380001917100000
021979031071990000670000513100000
021979031074590000070001493300000
021979031079990000070005062000000
021979031079990000300000163700000
021979031080590000670000159900000
021979031082490000070002931300000
021979031082490000670000302900000
021979031083790000260000048700000
021979031084290000620003175600002
021979031084990000320000046300000
021979031084990000500000107600000
021979031090890000030004143000000
021979031090890000430000240900000
021979031090890000580043690800007
021979031092590000070000550900000
021979031092590000670000187500000
021979031099990000320001302800000
021979031099990000430000240900000
021979031109990000600000327900000
021979031111590000200000149000000
021979031111590000620020012000006
021979031112790000380000244100000
021979031113290000040000789900000
021979031119990000200000311800000
021979031119990000280000483300000
021979031122890000240000469100000
021979031129990000070019834500003
021979031129990000320004835400000
021979031140190000470002672200001
021979031149990000540019023500005
021979031159990000240000052200000
021979031159990000330000629000000
021979031159990000360000184700000
021979031169990000260000098200000
021979031011490000400000063400000
021979031011490000570000316800000
021979031011890000570000212300000
021979031012190000070000608000000
021979031012190000400000053900000
021979031014190000070003242800000
021979031014190000320000108600000
021979031014190000600002733700000
021979031019990000560098684200023
021979031024490000620004677500002
021979031029990000360000123500000
021979031040790000240000089300000
021979031040790000660000080400000
021979031040790000670000316500000
021979031049990000320000107000000
021979031053890000670000348200000
021979031063990000010002670700000
021979031071390000360000038800000
021979031071990000320000051300000
021979031071990000570000066600000
021979031079990000240000016500000
021979031082490000600000140500000
021979031083490000480000049300000
021979031083790000560005186600001
021979031084790000500000352800000
021979031084790000670000893100000
021979031084990000560002714300001
021979031089990000360000109600000
021979031089990000480000049300000
021979031089990000500001032400000
021979031090890000070008419500001
021979031092590000660000017100000
021979031094390000660000029100000
021979031099990000060057094800012
021979031111590000380002021300000
021979031113690000670000273300000
021979031119990000160000021600000
021979031119990000230000024900000
021979031119990000320000320700000
021979031119990000670000783400000
021979031133190000240000104000000
021979031133190000490000020500000
021979031133190000680001097000000
021979031139990000240000104000000
021979031139990000470002130500000
021979031139990000490000020500000
021979031142090000260000475400000
021979031142090000390001003400000
021979031142090000470008709000002
021979031144890000260000729200000
021979031144890000360000138000000
021979031144890000620008843100002
021979031149990000240000564000000
021979031149990000600000077700000
021979031153090000180000146900000
021979031153090000260000115700000
021979031153090000560017862100004
021979031162690000260000098200000
021979031170390000180000153100000
021979031171290000200000088700000
021979031174690000070004701700000
021979031174690000200000635000000
021979031174690000400000665700000
021979031179990000300000096200000
021979031179990000380022452000003
021979031179990000460001382800000
021979031179990000570001988300000
021979031179990000670004323900000
021979031185190000620001102000001
021979031189990000260000009100000
021979031999990000200005538400000
021979031999990000520001922000000
021979031113290000070002690100001
021979031113290000620007527100003
021979031113690000040001790900000
021979031113690000240000109900000
021979031119990000380004259400000
021979031119990000620049312400017
021979031122890000230000270500000
021979031122890000630000668000000
021979031129990000200000795000000
021979031133190000200000051400000
021979031139990000620008330200003
021979031140190000600000077700000
021979031144890000490000050000000
021979031144890000670000752100000
021979031149990000260001329200000
021979031162690000200000046200000
021979031171290000030000106000000
021979031171290000400000048000000
021979031171290000480000041700000
021979031171290000570000291300000
021979031174690000600000507600000
021979031179990000400001067500000
021979031195290000260000018000000
021979031199990000380000079300000
021979031999990000110000304900000
021979031999990000460001382800000
021979031999990000620626859300168
021979031999990000660000712600000
021979031170390000400000353800000
021979031174690000240000211900000
021979031179990000320001071600000
021979031179990000360000452900000
021979031179990000700001569400000
021979031195290000360000019400000
021979031999990000120000497600000
021979031999990000430000240900000
021979031149990000620016860700005
021979031153090000070002590300000
021979031153090000170000000000000
021979031153090000320000471500000
021979031159990000070002590300000
021979031159990000560017862100004
021979031159990000600000184100000
021979031170390000290000253400000
021979031171290000380001736100000
021979031174690000030000599200000
021979031185190000560000750200000
021979031189990000320000011500000
021979031189990000670000073500000
021979031195290000670000042900000
021979031199990000360000019400000
021979031199990000560000375000000
021979031999990000140000632800000
021979031999990000240003666200000
021979031999990000260008485600000
021979031999990000310004793700000
021979031999990000320012751700000
021979031999990000640000118800000
021979031010490000620008085400003
021979031011190000300000113300000
021979031011490000560011123700003
021979031012190000570000200900000
021979031012390000510001133500000
021979031012390000600000138800000
021979031012990000200000095300000
021979031019990000490000044300000
021979031019990000600005813900000
021979031022290000320000026300000
021979031024490000380000273700000
021979031029990000380004446100000
021979031033390000180000162300000
021979031033390000320000251800000
021979031040790000610001002200000
021979031053590000600000131500000
021979031053590000620017184200004
021979031053590000660000073600000
021979031059990000600000295900000
021979031059990000620031175000009
021979031063990000600000401400000
021979031069990000160000066000000
021979031069990000600000401400000
021979031070290000300000019500000
021979031070290000320000028400000
021979031070290000570000220500000
021979031071990000070000841600000
021979031074590000380002896100000
021979031082490000320000126200000
021979031082490000360000033500000
021979031083490000400000057100000
021979031083790000080000611500000
021979031083790000180000043200000
021979031084790000300000104500000
021979031084990000400000048800000
021979031084990000620006102500003
021979031089990000200000132700000
021979031090890000300000812000000
021979031090890000630000651500000
021979031090890000660000183800000
021979031092590000320000035500000
021979031109990000380004165000000
021979031111590000300000144600000
021979031111590000570001236800000
021979031112790000070003073100001
021979031113290000240000046500000
021979031113290000420000334800000
021979031119990000560017729800006
021979031119990000570001236800000
021979031122890000070019834500003
021979031122890000620076483000012
021979031129990000130000302900000
021979031129990000260000909500000
021979031010490000560006778200002
021979031011190000070001346500000
021979031011190000320000097000000
021979031011890000480000041800000
021979031012190000300000039300000
021979031012990000400000117400000
021979031012990000560014849700003
021979031012990000670000733800000
021979031014190000560020346800004
021979031019990000240000268900000
021979031019990000450000148400000
021979031019990000510032584200005
021979031019990000630000304600000
021979031024490000670000200000000
021979031025090000300000075600000
021979031025090000520001724200000
021979031040790000360000125700000
021979031049990000360000125700000
021979031049990000560008823200002
021979031053890000240000104100000
021979031059990000050005895300001
021979031071390000300000084000000
021979031071390000620010089600003
021979031071690000300000018100000
021979031071990000560001815500001
021979031071990000620003636100002
021979031074590000180000063700000
021979031074590000320000142100000
021979031083790000240000069200000
021979031084790000170000064300000
021979031084790000180000116400000
021979031084790000380001822900000
021979031090890000200001501900000
021979031090890000230000000000000
021979031090890000400001002200000
021979031090890000590003600100000
021979031094390000530007141700002
021979031099990000180000431800000
021979031099990000590004034500000
021979031101090000070000849000000
021979031101090000180000074600000
021979031101090000260000097400000
021979031101090000320000150300000
021979031101090000620009759200003
021979031109990000260000134300000
021979031119990000040006088900000
021979031122890000380031049600004
021979031122890000400000467500000
021979031129990000560076932800012
021979031133190000260000296200000
021979031140190000190001159400000
021979031140190000260000124600000
021979031149990000180000108200000
021979031010490000070000806700000
021979031010490000320000030200000
021979031010490000510000507400000
021979031010490000660000018500000
021979031011190000400000145800000
021979031011490000300000106300000
021979031011890000380004538400001
021979031011890000600000316100000
021979031012990000070001630400000
021979031012990000380005303600001
021979031012990000570000462800000
021979031019990000070012596300000
021979031019990000260000738700000
021979031019990000570001845400000
021979031022290000670000090000000
021979031024490000600000047500000
021979031033390000260000600300000
021979031053590000200000101900000
021979031063990000200000064300000
021979031063990000570000373500000
021979031069990000010002670700000
021979031069990000320000326700000
021979031070290000360000024100000
021979031071390000670001000400000
021979031071690000170000069800000
021979031071690000380001004900000
021979031071990000180000015600000
021979031079990000570000462400000
021979031080590000070000699500000
021979031083490000670000374600000
021979031083790000380000783700000
021979031084090000070000545800000
021979031084090000560001921600001
021979031084790000230000000000000
021979031084990000300000037200000
021979031084990000600000059100000
021979031089990000180000474600000
021979031089990000560034279800010
021979031089990000570000769400000
021979031089990000660000011800000
021979031091790000200000137400000
021979031091790000360000051700000
021979031091790000580002226100000
021979031091790000590000122900000
021979031092590000300000061800000
021979031094390000200000109900000
021979031094390000300000092100000
021979031109990000560020135000005
021979031112790000200000065800000
021979031112790000560002792000001
021979031113290000280000062200000
021979031113690000360000087700000
021979031139990000260000296200000
021979031011190000180000061700000
021979031011890000200000039000000
021979031011890000630000082000000
021979031012190000180000031400000
021979031012190000560006530200002
021979031012190000600000109900000
021979031012190000660000000900000
021979031012390000070001175200000
021979031012390000380004246600001
021979031019990000320000846200000
021979031019990000660000064100000
021979031022290000260000062900000
021979031022290000560004088500001
021979031024490000070000697100000
021979031024490000200000024600000
021979031024490000360000019700000
021979031025090000180000090800000
021979031025090000400000141600000
021979031029990000200000364000000
021979031029990000300000115500000
021979031029990000350003804200001
021979031039990000260000600300000
021979031040790000560008823200002
021979031040790000600000179300000
021979031053590000370000824500000
021979031059990000200000101900000
021979031063990000300000077200000
021979031063990000360000101300000
021979031069990000240000075200000
021979031069990000620010855200003
021979031070290000240000016500000
021979031071690000620006427300003
021979031071990000380000669900000
021979031079990000360000080600000
021979031079990000560030355800008
021979031079990000670003827100000
021979031080590000180000023200000
021979031080590000320000027800000
021979031080590000600000026500000
021979031082490000500000137900000
021979031082490000620012908500004
021979031082490000660000011800000
021979031083490000180000036700000
021979031084290000320000032000000
021979031084790000260000175500000
021979031084790000320000157000000
021979031084790000400000103200000
021979031089990000080000611500000
021979031089990000400000377000000
021979031089990000450000320300000
021979031090890000150008877000001
021979031090890000550000593200000
021979031091790000100005873500001
021979031010490000360000014400000
021979031012390000400000057900000
021979031012390000560013786100003
021979031019990000620093576000024
021979031022290000070000528000000
021979031022290000300000024700000
021979031022290000360000016600000
021979031025090000200000208600000
021979031025090000670000784300000
021979031033390000640000118800000
021979031033390000660000080200000
021979031039990000200000174000000
021979031039990000400000310200000
021979031039990000570000310100000
021979031039990000630000114900000
021979031039990000660000080200000
021979031039990000670001117800000
021979031049990000400000154400000
021979031049990000610001002200000
021979031053590000070000860700000
021979031053590000320000116500000
021979031053590000670000221800000
021979031053890000600000164400000
021979031063990000160000066000000
021979031070290000400000033800000
021979031079990000200000031100000
021979031079990000380008582500000
021979031080590000620006700100003
021979031080990000240000083700000
021979031082490000560007153300002
021979031084090000620004937500002
021979031089990000300000190700000
021979031092590000060005454000002
021979031092590000140000056100000
021979031092590000160000000000000
021979031092590000260000056200000
021979031092590000360000046100000
021979031092590000580001834000000
021979031094390000100003479200000
021979031094390000240000037500000
021979031094390000580003528300001
021979031099990000130000255000000
021979031099990000160000000000000
021979031100690000260000036900000
021979031112790000320000028600000
021979031122890000180000526400000
021979031122890000360000168300000
021979031129990000490000151000000
021979031133190000470002130500000
021979031139990000390000561900000
021979031140190000400000000700000
021979031140190000490000019900000
021979031142090000540005986300002
021979031010490000200000041300000
021979031010490000380001353400000
021979031011490000180000052300000
021979031011490000200000058100000
021979031011490000600000408000000
021979031011890000260000106600000
021979031012390000300000039800000
021979031014190000630000222600000
021979031025090000070002296900000
021979031029990000570000503900000
021979031029990000600002102300000
021979031033390000630000114900000
021979031039990000380007374400001
021979031039990000560020034600004
021979031040790000400000154400000
021979031059990000320000296100000
021979031069990000360000101300000
021979031071390000180000091000000
021979031071390000320000129600000
021979031071690000070000738800000
021979031071690000260000019600000
021979031083490000360000015300000
021979031083490000490000011700000
021979031083490000500000046600000
021979031083490000620005106900002
021979031084290000070000556700000
021979031089990000620068212600025
021979031090890000180000390800000
021979031091790000070000792700000
021979031091790000150000996400000
021979031094390000670000231100000
021979031101090000380001077700000
021979031101090000600000142700000
021979031111590000320000142300000
021979031112790000160000021600000
021979031113690000200000097000000
021979031119990000070014526600004
021979031119990000240000278800000
021979031119990000360000171100000
021979031122890000320004835400000
021979031122890000600002583200000
021979031129990000620076483000012
021979031133190000190002242500000
021979031140190000670000106100000
021979031144890000320000293200000
021979031153090000230000000000000
021979031159990000570000778400000
021979031171290000240000034100000
021979031174690000560039481300007
021979031179990000200000967600000
021979031179990000220000411900000
021979031179990000560069867700013
021979031185190000670000073500000
021979031011190000200000072900000
021979031011490000320000046700000
021979031011490000510003682600000
021979031011890000560012800200003
021979031012390000200000042200000
021979031012390000570000108800000
021979031019990000020000070700000
021979031022290000240000017700000
021979031022290000380000772400000
021979031022290000520000136300000
021979031024490000300000015200000
021979031024490000320000015100000
021979031025090000260000278000000
021979031025090000360000087200000
021979031029990000260000365600000
021979031029990000670001074300000
021979031039990000600000148900000
021979031039990000620017745900004
021979031040790000320000107000000
021979031053590000050003830400001
021979031063990000560007851200002
021979031069990000180000138700000
021979031070290000560006546500002
021979031070290000630000028600000
021979031071690000360000017700000
021979031074590000620011070000003
021979031074590000670001938300000
021979031079990000170000137700000
021979031079990000620037811300013
021979031080590000240000012500000
021979031080990000380000718900000
021979031080990000620009542500003
021979031082490000180000122700000
021979031082490000240000051500000
021979031083790000320000083100000
021979031089990000240000279600000
021979031090890000120000497600000
021979031090890000130000255000000
021979031090890000320001112200000
021979031090890000360000255400000
021979031090890000530069484700012
021979031091790000030000193900000
021979031094390000150001138200000
021979031094390000160000000000000
021979031094390000320000103800000
021979031099990000100048335300008
021979031099990000440000326700000
021979031099990000550000593200000
021979031099990000630000651500000
021979031100690000200000047000000
021979031111590000040002324700000
021979031112790000490000019500000
021979031113690000070003704600001
021979031011190000020000070700000
021979031011190000570000173200000
021979031011190000670000453800000
021979031011490000260000107800000
021979031012190000380001291300000
021979031014190000200000074100000
021979031014190000260000103100000
021979031014190000300000204500000
021979031019990000180000248300000
021979031022290000200000130800000
021979031022290000600000066500000
021979031024490000400000032200000
021979031033390000110000304900000
021979031033390000240000131200000
021979031033390000380007374400001
021979031033390000400000310200000
021979031033390000570000310100000
021979031039990000110000304900000
021979031039990000180000162300000
021979031049990000260000117900000
021979031049990000670000316500000
021979031053590000240000082600000
021979031053590000560004161600001
021979031053890000320000179600000
021979031053890000370001156000000
021979031069990000670001010600000
021979031071990000300000042100000
021979031071990000600000030100000
021979031074590000170000043300000
021979031074590000570000175300000
021979031079990000630000028600000
021979031080590000360000010900000
021979031080590000400000027100000
021979031080990000260000113900000
021979031080990000670000690000000
021979031083490000300000024400000
021979031083790000200000058700000
021979031084090000260000053200000
021979031084090000320000029900000
021979031084290000300000024600000
021979031084790000070001970600000
021979031084790000450000074500000
021979031084790000560007123000002
021979031084790000620009306200003
021979031084990000260000056300000
021979031084990000380000350600000
021979031089990000070012574400000
021979031089990000170000064300000
021979031089990000260000613800000
021979031089990000340001601600000
021979031089990000490000011700000
021979031090890000160000000000000
021979031090890000260001071400000
021979031010490000450000148400000
021979031011190000380004382400001
021979031011490000380007055400001
021979031012990000660000026000000
021979031014190000490000044300000
021979031014190000570000370600000
021979031019990000380039244200007
021979031019990000400000551800000
021979031025090000350003804200001
021979031029990000070003522000000
021979031029990000400000173800000
021979031029990000520001922000000
021979031029990000620025668100008
021979031033390000670001117800000
021979031039990000240000131200000
021979031040790000070002755400000
021979031049990000070002755400000
021979031049990000240000089300000
021979031053890000050002064900000
021979031059990000070001981100000
021979031059990000410001009900000
021979031059990000670000570000000
021979031069990000570000373500000
021979031070290000380002094500000
021979031071390000070001165900000
021979031071990000170000024600000
021979031082490000260000063000000
021979031083790000600000113300000
021979031084090000380000345000000
021979031084090000600000030600000
021979031084290000560001418700001
021979031089990000380006509600000
021979031091790000320000051300000
021979031091790000400000144000000
021979031092590000100002739900001
021979031094390000400000174600000
021979031099990000260001302800000
021979031100690000320000477900000
021979031111590000400000227100000
021979031112790000230000024900000
021979031113290000320000041700000
021979031122890000550000384500000
021979031133190000560005539900001
021979031139990000190002242500000
021979031140190000570000068300000
021979031142090000180000028700000
021979031142090000210000049800000
021979031144890000180000079500000
021979031144890000540010548100002
021979031149990000470027529200007
021979031149990000650003410800000
021979031149990000660000000000000
021979031153090000330000629000000
021979031011190000620012180000002
021979031011490000070002090900000
021979031011890000320000030400000
021979031011890000670000438100000
021979031024490000520000061500000
021979031024490000560002288600001
021979031029990000560017737100005
021979031033390000620017745900004
021979031049990000600000179300000
021979031059990000560009522000003
021979031063990000240000075200000
021979031069990000260000087200000
021979031069990000560007851200002
021979031070290000070000822400000
021979031071690000560003865400001
021979031074590000560008528800002
021979031079990000400000033800000
021979031079990000600000495100000
021979031080990000070001475900000
021979031080990000180000072900000
021979031080990000600000221500000
021979031082490000380001515700000
021979031082490000400000140800000
021979031083490000070000935100000
021979031084090000670000094800000
021979031084790000570000280200000
021979031084790000600000311700000
021979031089990000230000000000000
021979031090890000060038754300006
021979031090890000570002986800000
021979031099990000070010762900001
021979031100690000380003087300000
021979031100690000560012268000003
021979031100690000620014669900004
021979031109990000620024429100007
021979031113690000280000169300000
021979031122890000130000302900000
021979031122890000260000909500000
021979031122890000560076932800012
021979031140190000540002489100001
021979031140190000650000720500000
021979031142090000190005781100001
021979031142090000660000000000000
021979031144890000240000303900000
021979031153090000380003609000000
021979031159990000170000000000000
021979031159990000620017822900004
021979031170390000310000092200000
021979031174690000180000232400000
021979031195290000380000079300000
021979031195290000620000903500001
021979031999990000570013386900000
021979031011190000510008159800002
021979031011890000070001695800000
021979031011890000510002213600000
021979031012990000260000140800000
021979031012990000300000093200000
021979031019990000300000655600000
021979031022290000620005644900002
021979031025090000380003400000000
021979031025090000620015345700004
021979031033390000070004636500001
021979031039990000070004636500001
021979031059990000660000073600000
021979031063990000260000087200000
021979031063990000670001010600000
021979031070290000200000031100000
021979031071990000260000010700000
021979031074590000600000169200000
021979031080990000500000096300000
021979031083490000320000032500000
021979031083490000600000103300000
021979031083790000070001499200000
021979031083790000570000264200000
021979031084090000180000019500000
021979031084290000380000155000000
021979031084290000600000034100000
021979031084790000200000074000000
021979031084990000180000040000000
021979031089990000320000763600000
021979031089990000600001040600000
021979031090890000490000162200000
021979031091790000240000041600000
021979031091790000260000045700000
021979031092590000030000147600000
021979031092590000590000191400000
021979031094390000180000041000000
021979031094390000590000120100000
021979031099990000030004696200000
021979031099990000230000000000000
021979031099990000660000230000000
021979031099990000670002730100000
021979031109990000320000628200000
021979031111590000070005058800001
021979031112790000420000291100000
021979031113690000320000108100000
021979031113690000380001611100000
021979031119990000300000144600000
021979031122890000570001332200000
021979031129990000380031049600004
021979031129990000630000668000000
021979031149990000190014968500003
021979031149990000490000069900000
021979031159990000320000471500000
021979031162690000380000481000000
021979031012190000240000071800000
021979031012190000260000050500000
021979031012190000510001772000000
021979031012990000600000694800000
021979031014190000180000102900000
021979031022290000180000024700000
021979031025090000240000078800000
021979031025090000320000243200000
021979031040790000620014692700004
021979031053890000070001120400000
021979031053890000620013990800005
021979031059990000240000186700000
021979031059990000360000162600000
021979031070290000600000045500000
021979031071390000600000223800000
021979031080590000380000366100000
021979031080590000560002034100000
021979031080990000340000263600000
021979031080990000360000049900000
021979031080990000560004139400001
021979031083490000260000030200000
021979031083790000400000000000000
021979031084990000070001960300000
021979031090890000100036242700006
021979031090890000240000577500000
021979031091790000160000000000000
021979031091790000530006632800002
021979031092590000150001333600000
021979031092590000240000037100000
021979031094390000360000162200000
021979031099990000150012345200001
021979031099990000400001320800000
021979031099990000490000162200000
021979031099990000530087552900017
021979031100690000670000622000000
021979031101090000170000071600000
021979031109990000070001968400000
021979031109990000180000074600000
021979031109990000570000318300000
021979031112790000040001183400000
021979031113290000360000060600000
021979031113290000600000074100000
021979031119990000490000019500000
021979031122890000450000487300000
021979031140190000360000097200000
021979031140190000620002962500002
021979031142090000130004229300001
021979031144890000660000000000000
021979031149990000130008009800001
021979031149990000390004585300000
021979031153090000360000184700000
021979031153090000400000105000000
021979031153090000570000778400000
021979031129990000360000168300000
021979031129990000400000467500000
021979031129990000600002583200000
021979031133190000690002824800001
021979031139990000690002824800001
021979031142090000360000412400000
021979031159990000630000168400000
021979031162690000620006473500003
021979031170390000200000243900000
021979031170390000600000162800000
021979031171290000070000838200000
021979031171290000180000042100000
021979031174690000320000663600000
021979031174690000360000232900000
021979031174690000460001382800000
021979031174690000660000000000000
021979031179990000290001235500000
021979031189990000070000166900000
021979031195290000090000182000000
021979031199990000090000182000000
021979031199990000670000042900000
021979031999990000150012345200001
021979031999990000470029659700007
021979031999990000600019279800000
021979031149990000400000000700000
021979031149990000670001097900000
021979031153090000600000184100000
021979031159990000260000115700000
021979031159990000400000105000000
021979031169990000320000154600000
021979031169990000670000156900000
021979031171290000290000092100000
021979031171290000320000095700000
021979031199990000260000018000000
021979031199990000320000004600000
021979031199990000620000903500001
021979031999990000050005895300001
021979031999990000100048335300008
021979031999990000230000361400000
021979031999990000500001032400000
021979031139990000360001952200000
021979031139990000560005539900001
021979031140190000320000121800000
021979031140190000390000387700000
021979031153090000240000052200000
021979031153090000670000692500000
021979031162690000320000154600000
021979031162690000560003924500001
021979031169990000360000058300000
021979031170390000240000101700000
021979031174690000570001177400000
021979031179990000660000000000000
021979031195290000560000375000000
021979031999990000070106033000009
021979031999990000350003804200001
021979031999990000400004789600000
021979031999990000560546981300121
021979031999990000610001002200000
021979031999990000680001097000000
021979031094390000060006992600002
021979031099990000120000497600000
021979031099990000200001855800000
021979031099990000360000515400000
021979031099990000580051279200008
021979031101090000560007867000002
021979031109990000200000047000000
021979031111590000240000122400000
021979031112790000280000026400000
021979031112790000360000022800000
021979031112790000620007996400003
021979031113690000620013776900005
021979031129990000240000469100000
021979031129990000450000487300000
021979031129990000660000171600000
021979031139990000200000051400000
021979031139990000230000066000000
021979031139990000680001097000000
021979031159990000660000000000000
021979031162690000600000105300000
021979031169990000200000046200000
021979031169990000490000014800000
021979031169990000560003924500001
021979031169990000600000105300000
021979031170390000670001075900000
021979031171290000560008572700002
021979031174690000700001569400000
021979031179990000180000427600000
021979031142090000620005055100001
021979031144890000190008028000002
021979031144890000210000122900000
021979031149990000360000647600000
021979031149990000570000481400000
021979031153090000630000168400000
021979031159990000230000000000000
021979031162690000360000058300000
021979031162690000670000156900000
021979031169990000620006473500003
021979031170390000560021813700004
021979031174690000220000411900000
021979031195290000600000035300000
021979031999990000450001577400000
021979031199990000660000000900000
021979031999990000030005658200000
021979031999990000160000087600000
021979031999990000170000273600000
021979031999990000330000629000000
021979031999990000410001009900000
021979031999990000420005555500000
021979031999990000510032584200005
021979031113690000420002116000000
021979031119990000420005555500000
021979031133190000230000066000000
021979031133190000390000561900000
021979031140190000240000060100000
021979031142090000240000200000000
021979031142090000650000341900000
021979031142090000670000239700000
021979031144890000130003236300000
021979031144890000390003194200000
021979031159990000380003609000000
021979031162690000490000014800000
021979031169990000070001868600000
021979031169990000380000481000000
021979031170390000030000256800000
021979031174690000670002744700000
021979031179990000480000041700000
021979031195290000320000004600000
021979031999990000080000611500000
021979031999990000130008567700001
021979031999990000480000231400000
021979031999990000550000977700000
021979031999990000700001569400000
021979031091790000060005893900002
021979031094390000260000129500000
021979031099990000570002986800000
021979031100690000070001119400000
021979031100690000570000318300000
021979031100690000600000185200000
021979031109990000170000071600000
021979031112790000600000040700000
021979031112790000670000081600000
021979031113290000560002329200001
021979031113690000560004921300002
021979031119990000400000227100000
021979031122890000200000795000000
021979031122890000660000171600000
021979031122890000670011073000001
021979031129990000570001332200000
021979031129990000670011073000001
021979031140190000130000544200000
021979031144890000470016148000004
021979031149990000320000691500000
021979031171290000300000096200000
021979031171290000360000127500000
021979031171290000620011135900003
021979031174690000290000890000000
021979031174690000620036417500006
021979031179990000240000347700000
021979031179990000600000771600000
021979031185190000260000009100000
021979031999990000020000482600000
021979031999990000090000182000000
021979031999990000360005055200000
021979031999990000380193848700023
021979031999990000690002824800001
021979031153090000660000000000000
021979031159990000180000146900000
021979031159990000670000692500000
021979031162690000070001868600000
021979031162690000300000027400000
021979031169990000300000027400000
021979031170390000070002891700000
021979031170390000320000312300000
021979031170390000360000092500000
021979031170390000380006201800001
021979031171290000600000101200000
021979031174690000310000183200000
021979031174690000450000294700000
021979031179990000030000962000000
021979031179990000620068310400013
021979031189990000620001102000001
021979031195290000660000000900000
021979031199990000070000084800000
021979031170390000570000519600000
021979031171290000670000503300000
021979031179990000310000275400000
021979031185190000070000166900000
021979031185190000320000011500000
021979031195290000070000084800000
021979031999990000040006088900000
021979031999990000190017211000003
021979031999990000340001601600000
021979031999990000650003410800000
021979031153090000620017822900004
021979031170390000620020757000004
021979031174690000380014514100002
021979031179990000070008431600000
021979031179990000450000294700000
021979031189990000560000750200000
021979031199990000600000035300000
021979031999990000180003025200000
021979031999990000490000493900000
021979031999990000670037896400001
