072004061010490000430008118200000
072004061010490000470000005700000
072004061010490000690000003200000
072004061011190000730000008500000
072004061011490000130000004600000
072004061011490000560000008300000
072004061011490000690000008400000
072004061011490000750000005400000
072004061012190000410000002900000
072004061012390000460000003400000
072004061012390000570000000700000
072004061012390000590000001400000
072004061012390000620000001000000
072004061012390000690000006800000
072004061012990000580000035800000
072004061012990000770000135700000
072004061019990000020000653600000
072004061022290000120000003500000
072004061025090000460000005200000
072004061025090000470000013400000
072004061029990000120000012300000
072004061029990000470000021000000
072004061029990000670000006500000
072004061033390000640000008000000
072004061039990000560000002400000
072004061049990000640000007900000
072004061053890000360000007900000
072004061053890000410000021600000
072004061053890000440000005800000
072004061053890000450000019400000
072004061063990000570000001900000
072004061063990000680000003100000
072004061069990000050000055500000
072004061069990000230000629100000
072004061069990000430012981100000
072004061069990000450000005400000
072004061069990000580000004400000
072004061070290000230000453700000
072004061070290000680000001000000
072004061070290000730000003400000
072004061071390000420009255000000
072004061071390000470000007800000
072004061071390000580000013600000
072004061071690000190000021500000
072004061071690000720000001200000
072004061074590000360000004400000
072004061074590000570000001200000
072004061074590000580000004300000
072004061074590000640000030700000
072004061074590000670000002500000
072004061079990000560000006300000
072004061080590000130000001800000
072004061080990000120000005900000
072004061010490000020000061100000
072004061010490000130000007400000
072004061011490000020000043900000
072004061011490000410000005800000
072004061011490000570000001100000
072004061011490000760000004200000
072004061012190000560000000800000
072004061012190000690000004200000
072004061012190000750000002100000
072004061012390000240001259400000
072004061012390000430009604600000
072004061012390000740000009900000
072004061012990000590000003400000
072004061012990000600000005300000
072004061019990000130000070500000
072004061019990000440000020300000
072004061019990000750000047700000
072004061024490000450000000400000
072004061025090000130000015700000
072004061025090000570000001200000
072004061029990000620000005700000
072004061029990000680000005100000
072004061033390000260002783400000
072004061033390000440000002500000
072004061033390000720000008200000
072004061039990000740000024900000
072004061040790000200000234000000
072004061040790000420010121200000
072004061049990000440000002900000
072004061049990000750000012500000
072004061049990000760000003800000
072004061053590000450000010200000
072004061053590000520002935100000
072004061053590000680000003600000
072004061053590000700000029300000
072004061059990000010000074100000
072004061059990000420020616800000
072004061069990000690000009100000
072004061070290000420006854800000
072004061070290000460000003100000
072004061070290000620000000400000
072004061070290000740000005500000
072004061071390000010000003800000
072004061071390000430009307000000
072004061071390000450000000900000
072004061071690000230000195300000
072004061071690000690000002200000
072004061071990000470000005700000
072004061071990000750000005000000
072004061074590000700000011700000
072004061074590000760000001900000
072004061079990000190000223100000
072004061079990000230001992200000
072004061010490000450000002100000
072004061010490000600000001800000
072004061011190000480000837400000
072004061011190000750000006400000
072004061011190000770000093200000
072004061011490000460000004700000
072004061011490000770000046700000
072004061011890000440000002300000
072004061011890000570000016400000
072004061011890000760000001800000
072004061012190000590000001100000
072004061012190000680000001000000
072004061012390000420015413900000
072004061012390000770000052400000
072004061014190000420033624100000
072004061019990000480006378300000
072004061019990000590000013300000
072004061019990000680000017800000
072004061019990000720000056800000
072004061022290000670000001500000
072004061024490000120000001600000
072004061025090000190000091600000
072004061029990000190000127600000
072004061029990000430019240600000
072004061029990000690000012700000
072004061029990000730000015100000
072004061033390000690000014200000
072004061039990000130000025700000
072004061039990000260002783400000
072004061049990000060000749800000
072004061049990000740000022500000
072004061053590000430012571400000
072004061053590000620000002400000
072004061053890000120000021100000
072004061053890000570000003100000
072004061053890000640000007600000
072004061053890000770000078500000
072004061059990000440000010100000
072004061063990000770000082500000
072004061069990000670000003300000
072004061069990000750000007200000
072004061070290000690000003600000
072004061071390000230000422300000
072004061071390000680000001500000
072004061071390000730000006000000
072004061071690000570000000400000
072004061071690000760000000200000
072004061074590000470000007900000
072004061074590000680000001100000
072004061079990000120000021700000
072004061079990000430037288900000
072004061079990000620000002700000
072004061079990000690000018400000
072004061010490000670000002100000
072004061011190000670000003800000
072004061011190000720000011700000
072004061011890000360000005500000
072004061012190000190000024100000
072004061012390000360000003200000
072004061012390000410000006400000
072004061012390000730000006700000
072004061012990000190000141700000
072004061012990000430015493400000
072004061012990000460000014600000
072004061012990000480000972900000
072004061012990000740000016900000
072004061014190000620000002900000
072004061014190000680000005900000
072004061019990000410000068400000
072004061022290000190000025500000
072004061022290000360000001900000
072004061022290000580000001900000
072004061022290000590000001300000
072004061024490000730000001500000
072004061024490000750000001600000
072004061025090000120000007200000
072004061029990000600000004700000
072004061039990000670000006000000
072004061040790000140000939400000
072004061040790000270000616700000
072004061049990000270000616700000
072004061049990000420010121200000
072004061049990000620000004800000
072004061049990000700000018600000
072004061049990000720000006500000
072004061049990000730000011500000
072004061053890000430008844600000
072004061059990000640000013600000
072004061059990000730000014400000
072004061063990000620000001700000
072004061063990000670000003300000
072004061070290000440000002600000
072004061070290000770000046100000
072004061071990000120000003700000
072004061071990000410000004900000
072004061071990000430004100300000
072004061074590000130000005700000
072004061074590000230000631200000
072004061074590000600000001300000
072004061079990000010000033200000
072004061079990000420034393700000
072004061079990000440000032700000
072004061080590000190000021700000
072004061080590000740000004000000
072004061080990000010000012700000
072004061080990000470000011300000
072004061010490000410000005900000
072004061010490000730000004700000
072004061010490000770000041700000
072004061011190000240001357700000
072004061011190000360000007000000
072004061011190000460000007100000
072004061011190000590000002200000
072004061011890000120000027900000
072004061012190000020000023100000
072004061012190000730000002000000
072004061012190000740000005200000
072004061012390000750000005000000
072004061012990000420020992200000
072004061014190000360000010000000
072004061014190000410000012100000
072004061019990000670000027100000
072004061019990000690000080900000
072004061019990000770000609400000
072004061022290000420004038100000
072004061022290000600000000400000
072004061022290000690000002500000
072004061022290000700000007500000
072004061025090000420015449200000
072004061025090000590000002100000
072004061025090000740000017900000
072004061033390000040000167700000
072004061033390000410000021000000
072004061033390000700000026600000
072004061039990000700000026600000
072004061039990000760000004200000
072004061040790000600000003300000
072004061049990000140000939400000
072004061049990000510000812000000
072004061049990000570000002300000
072004061053590000590000004000000
072004061053590000740000015900000
072004061053890000010000036400000
072004061053890000700000040800000
072004061059990000410000039100000
072004061059990000450000029600000
072004061063990000050000055500000
072004061063990000110000020900000
072004061063990000470000012500000
072004061069990000110000020900000
072004061069990000470000012500000
072004061070290000360000002500000
072004061070290000600000001100000
072004061071390000440000008800000
072004061071690000440000005800000
072004061071690000580000002100000
072004061071990000130000003700000
072004061071990000190000034700000
072004061071990000450000000400000
072004061011190000120000014800000
072004061011490000120000004700000
072004061011890000020000058700000
072004061012190000640000002500000
072004061012390000580000002800000
072004061012390000700000023500000
072004061012390000720000005400000
072004061012990000700000046000000
072004061012990000760000003000000
072004061014190000120000101600000
072004061014190000480001893800000
072004061014190000560000004000000
072004061014190000770000119300000
072004061019990000120000196600000
072004061019990000430089640100000
072004061019990000450000027300000
072004061019990000580000089400000
072004061022290000030000410000000
072004061022290000470000006500000
072004061022290000720000002800000
072004061024490000130000002000000
072004061024490000430002587900000
072004061024490000440000000000000
072004061024490000760000000500000
072004061025090000430013193800000
072004061025090000580000007400000
072004061025090000600000003700000
072004061029990000420022071900000
072004061029990000450000005900000
072004061029990000460000007700000
072004061029990000750000025600000
072004061029990000770000180300000
072004061033390000430019597200000
072004061033390000450000003900000
072004061033390000600000004900000
072004061033390000620000002200000
072004061033390000760000004200000
072004061039990000440000002500000
072004061039990000500000209800000
072004061039990000620000002200000
072004061039990000640000008000000
072004061039990000770000119800000
072004061040790000060000749800000
072004061040790000680000002700000
072004061049990000370000004800000
072004061049990000410000018500000
072004061053590000010000037700000
072004061053590000670000003200000
072004061053890000420010495000000
072004061053890000460000007400000
072004061053890000520006126800000
072004061053890000620000003600000
072004061059990000360000022900000
072004061011190000410000009700000
072004061011190000470000014300000
072004061011490000190000058700000
072004061011490000700000026500000
072004061011490000730000005600000
072004061011890000560000002800000
072004061011890000620000001600000
072004061011890000670000002800000
072004061012190000460000001800000
072004061012190000580000001400000
072004061012390000120000007300000
072004061012390000130000004300000
072004061012390000440000001900000
072004061012390000470000010900000
072004061012990000690000013200000
072004061014190000570000002800000
072004061019990000240012530300000
072004061019990000360000051800000
072004061019990000600000032500000
072004061022290000680000000700000
072004061022290000730000002300000
072004061024490000600000000600000
072004061024490000670000000900000
072004061033390000590000002300000
072004061033390000740000024900000
072004061049990000470000013100000
072004061053590000750000015000000
072004061053890000670000004400000
072004061053890000720000008700000
072004061059990000460000016100000
072004061059990000600000014100000
072004061063990000130000049600000
072004061063990000410000022700000
072004061063990000600000002000000
072004061069990000130000049600000
072004061069990000700000018700000
072004061070290000410000007300000
072004061071690000130000001200000
072004061071690000590000000600000
072004061071690000640000003100000
072004061071690000750000002400000
072004061071990000010000005600000
072004061071990000560000001100000
072004061071990000770000032100000
072004061074590000010000004900000
072004061074590000740000005800000
072004061079990000640000047500000
072004061080590000110000002000000
072004061080590000450000001000000
072004061080990000190000077400000
072004061080990000460000005600000
072004061080990000580000004600000
072004061080990000600000002600000
072004061010490000360000002500000
072004061011190000440000004600000
072004061011190000560000004100000
072004061011190000740000016500000
072004061011490000580000012300000
072004061011890000130000010400000
072004061011890000190000079700000
072004061011890000640000014400000
072004061012190000440000001300000
072004061012190000670000001500000
072004061012390000190000032100000
072004061014190000460000010000000
072004061014190000690000019100000
072004061014190000750000008200000
072004061019990000560000025900000
072004061019990000730000057600000
072004061019990000760000021900000
072004061022290000250000216200000
072004061022290000450000001300000
072004061022290000570000001000000
072004061022290000640000003200000
072004061024490000740000003000000
072004061025090000670000004100000
072004061025090000730000011300000
072004061029990000640000034600000
072004061029990000740000027300000
072004061033390000120000020900000
072004061033390000470000026600000
072004061033390000750000009400000
072004061039990000360000018500000
072004061040790000570000002300000
072004061040790000750000012500000
072004061049990000770000118300000
072004061053590000600000007500000
072004061053590000640000006000000
072004061053890000680000003500000
072004061059990000130000063700000
072004061059990000590000007800000
072004061059990000690000023800000
072004061059990000700000070100000
072004061063990000420010456400000
072004061069990000410000022700000
072004061069990000460000007600000
072004061069990000570000001900000
072004061070290000120000005800000
072004061070290000470000007100000
072004061071390000600000000500000
072004061071390000670000003100000
072004061071690000460000001700000
072004061071690000700000004700000
072004061071990000230000289700000
072004061079990000590000004200000
072004061080590000670000001600000
072004061010490000190000041200000
072004061010490000420008770300000
072004061010490000460000003300000
072004061010490000480000286900000
072004061010490000740000007500000
072004061011190000420015967800000
072004061011490000440000002500000
072004061011490000720000005500000
072004061011890000410000007800000
072004061011890000720000005500000
072004061012190000240000571100000
072004061012190000570000000800000
072004061012190000760000000900000
072004061012390000640000006600000
072004061012390000680000001100000
072004061012990000120000030200000
072004061012990000410000017800000
072004061012990000720000008600000
072004061014190000670000005300000
072004061022290000490000227400000
072004061024490000360000001100000
072004061025090000410000013400000
072004061025090000620000002600000
072004061029990000360000006900000
072004061033390000420020488900000
072004061039990000410000021000000
072004061039990000430019597200000
072004061039990000450000003900000
072004061040790000450000006800000
072004061049990000580000004500000
072004061049990000670000004600000
072004061053590000280000484600000
072004061053590000360000015000000
072004061053890000130000033900000
072004061053890000190000233100000
072004061053890000280000501700000
072004061053890000730000008100000
072004061053890000740000017900000
072004061059990000430021416000000
072004061063990000430012981100000
072004061063990000450000005400000
072004061063990000730000015400000
072004061063990000750000007200000
072004061069990000730000015400000
072004061071390000110000005500000
072004061071390000190000053000000
072004061071390000620000000500000
072004061071390000740000005800000
072004061071690000430004931500000
072004061071990000640000003400000
072004061074590000720000003900000
072004061074590000770000052900000
072004061079990000130000016700000
072004061010490000240000426300000
072004061010490000640000004300000
072004061010490000680000000900000
072004061010490000720000006300000
072004061011490000640000007200000
072004061011890000480000485000000
072004061011890000600000002400000
072004061011890000750000004900000
072004061011890000770000084900000
072004061012190000720000003300000
072004061012190000770000035500000
072004061012390000670000002700000
072004061012390000760000000900000
072004061012990000470000032900000
072004061014190000430018112200000
072004061014190000440000003200000
072004061014190000720000010500000
072004061014190000740000028200000
072004061022290000620000002100000
072004061024490000590000000100000
072004061024490000690000001700000
072004061025090000030002314900000
072004061025090000640000029000000
072004061025090000770000114700000
072004061029990000410000019900000
072004061029990000440000004800000
072004061029990000560000003400000
072004061029990000590000003500000
072004061029990000700000025200000
072004061039990000690000014200000
072004061040790000430012158700000
072004061040790000460000006400000
072004061040790000720000006500000
072004061040790000730000011500000
072004061049990000120000011500000
072004061049990000590000002600000
072004061049990000600000003300000
072004061053590000440000004300000
072004061053590000580000004000000
072004061053590000720000006600000
072004061053590000770000089400000
072004061059990000470000029400000
072004061059990000680000007100000
072004061059990000740000033800000
072004061059990000750000020700000
072004061063990000560000002200000
072004061069990000620000001700000
072004061069990000640000006100000
072004061070290000190000051600000
072004061071390000120000005000000
072004061071690000420004248800000
072004061071690000450000000400000
072004061071690000560000000500000
072004061010490000590000000800000
072004061010490000620000001600000
072004061010490000750000005700000
072004061010490000760000001900000
072004061011190000130000009000000
072004061011190000450000003700000
072004061011190000640000008400000
072004061011190000760000004600000
072004061011490000480000831400000
072004061011890000420016907000000
072004061012990000130000015500000
072004061012990000570000002000000
072004061012990000620000002800000
072004061012990000640000013800000
072004061012990000670000006000000
072004061012990000680000002800000
072004061014190000020000109900000
072004061014190000580000011400000
072004061014190000730000012500000
072004061019990000420134947500000
072004061022290000440000002100000
072004061022290000740000006400000
072004061024490000030000227100000
072004061024490000570000000300000
072004061024490000700000003200000
072004061025090000490000901200000
072004061025090000690000008500000
072004061025090000700000014500000
072004061025090000720000005000000
072004061029990000030002952000000
072004061029990000580000011600000
072004061029990000760000006200000
072004061033390000730000009800000
072004061039990000460000008400000
072004061039990000570000002900000
072004061039990000730000009800000
072004061040790000370000004800000
072004061040790000510000812000000
072004061040790000690000008300000
072004061049990000690000008300000
072004061053590000120000014200000
072004061053590000460000008700000
072004061053890000590000003800000
072004061053890000690000012300000
072004061053890000750000005700000
072004061053890000760000008100000
072004061059990000190000437000000
072004061063990000690000009100000
072004061063990000720000004600000
072004061063990000760000003100000
072004061063990000790000016100000
072004061070290000130000002400000
072004061070290000580000009000000
072004061011490000240002066000000
072004061011490000590000001500000
072004061011890000430012496200000
072004061011890000450000002800000
072004061011890000460000005700000
072004061011890000470000015900000
072004061011890000680000002000000
072004061011890000740000012500000
072004061012190000700000011900000
072004061012390000600000003300000
072004061012990000360000009000000
072004061012990000730000010700000
072004061014190000130000014400000
072004061014190000190000143900000
072004061014190000600000007100000
072004061022290000460000001800000
072004061022290000560000000400000
072004061024490000190000010500000
072004061024490000250000131200000
072004061024490000720000000800000
072004061025090000360000003900000
072004061025090000760000004300000
072004061029990000490001415700000
072004061033390000360000018500000
072004061033390000560000002400000
072004061033390000670000006000000
072004061039990000590000002300000
072004061039990000600000004900000
072004061040790000470000013100000
072004061040790000580000004500000
072004061040790000590000002600000
072004061049990000200000234000000
072004061049990000460000006400000
072004061049990000680000002700000
072004061053590000130000029800000
072004061053590000760000004400000
072004061053890000600000006600000
072004061059990000570000005600000
072004061059990000620000006000000
072004061059990000670000007600000
072004061063990000120000009000000
072004061069990000120000009000000
072004061069990000190000086400000
072004061069990000600000002000000
072004061070290000720000002500000
072004061070290000750000006700000
072004061071390000570000000700000
072004061071390000770000038800000
072004061071690000120000001700000
072004061071690000360000000900000
072004061071690000410000004000000
072004061071990000670000001400000
072004061071990000680000000400000
072004061010490000120000005000000
072004061010490000560000001300000
072004061010490000570000001200000
072004061011190000430011066400000
072004061011190000580000016100000
072004061011490000360000011500000
072004061011490000420015448900000
072004061011490000450000002200000
072004061011890000240001509500000
072004061012390000560000002200000
072004061012990000240002078300000
072004061012990000560000002400000
072004061014190000240003262000000
072004061019990000460000050600000
072004061019990000570000026500000
072004061019990000640000074900000
072004061022290000410000003700000
072004061022290000430003458900000
072004061022290000760000001400000
072004061024490000680000000200000
072004061025090000250001126600000
072004061025090000680000004200000
072004061033390000460000008400000
072004061040790000120000011500000
072004061040790000410000018500000
072004061049990000430012158700000
072004061053590000470000015100000
072004061053590000570000002500000
072004061053590000730000006300000
072004061053890000560000005700000
072004061053890000580000013800000
072004061063990000190000086400000
072004061063990000590000002100000
072004061069990000420010456400000
072004061069990000720000004600000
072004061070290000450000000800000
072004061070290000560000001300000
072004061070290000700000011100000
072004061071390000750000003400000
072004061071690000010000001000000
072004061071690000680000000800000
072004061071690000730000003300000
072004061071990000110000002800000
072004061074590000190000062300000
072004061074590000750000006800000
072004061079990000770000209600000
072004061080590000680000000000000
072004061080990000640000008600000
072004061080990000730000007400000
072004061082490000470000010300000
072004061082490000720000003700000
072004061083790000360000006300000
072004061083790000430008976400000
072004061010490000580000005400000
072004061010490000700000019400000
072004061011190000020000273700000
072004061011190000190000096900000
072004061011190000570000001500000
072004061011190000600000007500000
072004061011190000690000017700000
072004061011490000430010373400000
072004061011490000740000012700000
072004061011890000580000004200000
072004061011890000730000006900000
072004061012990000020000055000000
072004061012990000750000010000000
072004061014190000700000052100000
072004061019990000620000016300000
072004061019990000700000253100000
072004061019990000740000109400000
072004061024490000420002584600000
072004061024490000640000002400000
072004061025090000440000002700000
072004061039990000470000026600000
072004061039990000580000007000000
072004061040790000560000010300000
072004061040790000670000004600000
072004061040790000700000018600000
072004061040790000740000022500000
072004061040790000770000118300000
072004061049990000450000006800000
072004061059990000520009061900000
072004061059990000760000012500000
072004061063990000580000004400000
072004061063990000640000006100000
072004061069990000360000007000000
072004061070290000110000004200000
072004061070290000430007048100000
072004061070290000590000001300000
072004061070290000760000001300000
072004061071390000640000005400000
072004061071390000720000003200000
072004061071990000620000000300000
072004061071990000700000009000000
072004061079990000720000013000000
072004061080590000010000003000000
072004061080590000360000001600000
072004061080590000620000000700000
072004061080990000110000006400000
072004061080990000410000009700000
072004061080990000440000112800000
072004061082490000740000022900000
072004061083790000450000001700000
072004061083790000460000003900000
072004061083790000600000040600000
072004061083790000750000004600000
072004061011190000700000045800000
072004061011490000470000013700000
072004061011490000620000003100000
072004061011490000670000002900000
072004061011890000590000001400000
072004061011890000700000027900000
072004061012190000120000005100000
072004061012190000130000004900000
072004061012190000470000004000000
072004061012190000480000441400000
072004061012190000600000001900000
072004061012190000620000000500000
072004061012390000450000002000000
072004061012990000450000003600000
072004061014190000450000010200000
072004061014190000470000038500000
072004061014190000590000001500000
072004061014190000760000004600000
072004061019990000470000135900000
072004061022290000130000010100000
072004061022290000750000007500000
072004061022290000770000042100000
072004061024490000470000001100000
072004061024490000490000287100000
072004061024490000560000000700000
072004061024490000580000002300000
072004061024490000770000023500000
072004061029990000570000002500000
072004061029990000720000008600000
072004061033390000130000025700000
072004061033390000500000209800000
072004061033390000580000007000000
072004061033390000680000002200000
072004061033390000770000119800000
072004061039990000420020488900000
072004061039990000750000009400000
072004061040790000620000004800000
072004061049990000560000010300000
072004061053590000190000203900000
072004061053590000410000017500000
072004061053590000420010121800000
072004061053590000560000005700000
072004061053890000470000014300000
072004061059990000280000986300000
072004061059990000580000017800000
072004061063990000230000629100000
072004061069990000680000003100000
072004061069990000740000013500000
072004061071390000130000003700000
072004061071390000360000003200000
072004061071690000110000002000000
072004061071690000600000000500000
072004061071690000620000000400000
072004061010490000440000000800000
072004061011190000620000002800000
072004061011190000680000002600000
072004061011490000600000003200000
072004061011490000680000001500000
072004061011890000690000008300000
072004061012190000360000003100000
072004061012190000420007823300000
072004061012190000430004375700000
072004061012190000450000000700000
072004061012390000020000028200000
072004061012390000480000629500000
072004061012990000440000003700000
072004061014190000640000017700000
072004061019990000190000618300000
072004061024490000410000002800000
072004061024490000460000000700000
072004061024490000620000001000000
072004061025090000450000004200000
072004061025090000560000002300000
072004061025090000750000016500000
072004061029990000130000027800000
072004061029990000250001474000000
072004061033390000190000210800000
072004061033390000570000002900000
072004061039990000040000167700000
072004061039990000120000020900000
072004061039990000190000210800000
072004061039990000680000002200000
072004061039990000720000008200000
072004061040790000440000002900000
072004061040790000640000007900000
072004061040790000760000003800000
072004061053590000690000011500000
072004061059990000120000035300000
072004061059990000560000011400000
072004061059990000720000015300000
072004061063990000360000007000000
072004061063990000460000007600000
072004061063990000700000018700000
072004061069990000790000016100000
072004061070290000010000017900000
072004061070290000570000001300000
072004061071390000560000001900000
072004061071390000760000001200000
072004061071690000740000003400000
072004061071990000570000000500000
072004061071990000720000002200000
072004061071990000760000000800000
072004061074590000440000008200000
072004061074590000560000001500000
072004061079990000450000004000000
072004061079990000600000004300000
072004061083790000760000002100000
072004061084090000750000002400000
072004061084290000410000013300000
072004061084290000440000006300000
072004061084790000120000008500000
072004061084790000730000009700000
072004061084990000230000156900000
072004061084990000700000009600000
072004061089990000430060273600000
072004061089990000470000061800000
072004061089990000810000046500000
072004061092590000440000000800000
072004061094390000730000006900000
072004061099990000060024975700000
072004061099990000580000068300000
072004061099990000750000089500000
072004061101090000420009062000000
072004061101090000620000000900000
072004061101090000720000003000000
072004061109990000440000002800000
072004061109990000690000013100000
072004061111590000110000061900000
072004061111590000450000006100000
072004061112790000770000037600000
072004061113290000560000003100000
072004061113290000690000004900000
072004061113290000760000002400000
072004061113690000310000686400000
072004061113690000600000004900000
072004061113690000640000012200000
072004061119990000430054907300000
072004061122890000120000060300000
072004061122890000620000011100000
072004061122890000760000022100000
072004061129990000470000164600000
072004061129990000570000012500000
072004061129990000670000027500000
072004061129990000680000011600000
072004061133190000700000018100000
072004061139990000410000027300000
072004061139990000620000002800000
072004061139990000720000003800000
072004061140190000080000576600000
072004061140190000470000015000000
072004061142090000170006485900000
072004061142090000390000020600000
072004061142090000410000005400000
072004061144890000440000011500000
072004061144890000760000006100000
072004061149990000170024914300000
072004061149990000420019934100000
072004061149990000680000016200000
072004061153090000120000019000000
072004061153090000450000002900000
072004061080590000580000009200000
072004061080990000700000015400000
072004061082490000590000003800000
072004061083490000130000003100000
072004061083790000580000024100000
072004061083790000680000001400000
072004061083790000730000009600000
072004061084090000590000001600000
072004061084090000600000001800000
072004061084290000230000071100000
072004061084790000230000790800000
072004061084790000460000006300000
072004061084990000360000001800000
072004061084990000440000002800000
072004061089990000560000015100000
072004061089990000730000048400000
072004061090890000570000010300000
072004061091790000440000005700000
072004061091790000690000005200000
072004061092590000450000003500000
072004061092590000750000003700000
072004061092590000760000002300000
072004061094390000430003813400000
072004061094390000620000016800000
072004061094390000760000003500000
072004061094390000820000116700000
072004061099990000670000023300000
072004061099990000720000046700000
072004061100690000430011143000000
072004061100690000600000001200000
072004061100690000720000005900000
072004061100690000730000006100000
072004061100690000740000010000000
072004061101090000740000007900000
072004061101090000760000001400000
072004061109990000570000002500000
072004061109990000600000004700000
072004061109990000670000005600000
072004061111590000640000014000000
072004061113690000450000004300000
072004061119990000600000016500000
072004061122890000320011278000000
072004061122890000590000012100000
072004061122890000680000011600000
072004061133190000450000884800000
072004061133190000540000172900000
072004061133190000560000002300000
072004061140190000340000379900000
072004061142090000220000080300000
072004061142090000340000808000000
072004061142090000590000006000000
072004061142090000700000009600000
072004061144890000670000003000000
072004061149990000460000027300000
072004061079990000730000027100000
072004061079990000750000024300000
072004061080590000810000003000000
072004061080990000420006091000000
072004061080990000450000002700000
072004061080990000810000005400000
072004061082490000420010425700000
072004061083490000450000000700000
072004061083490000470000005800000
072004061083790000670000002500000
072004061084090000720000001800000
072004061084290000600000000500000
072004061084790000600000006100000
072004061084790000680000001900000
072004061084790000720000005200000
072004061084990000120000007700000
072004061084990000430005041400000
072004061084990000720000002200000
072004061089990000110000051500000
072004061090890000150025154500000
072004061090890000430029387300000
072004061090890000620000098700000
072004061091790000110000010700000
072004061091790000120000005400000
072004061091790000650000015700000
072004061092590000470000007500000
072004061092590000730000003600000
072004061099990000600000032600000
072004061100690000300000752300000
072004061100690000360000004300000
072004061100690000440000001800000
072004061100690000450000001600000
072004061100690000760000001900000
072004061101090000360000003000000
072004061109990000300001113600000
072004061109990000700000037500000
072004061112790000470000010900000
072004061112790000700000019000000
072004061113290000470000007300000
072004061113690000110000059300000
072004061113690000210000096900000
072004061113690000720000013000000
072004061119990000380000026200000
072004061119990000580000025900000
072004061122890000600000030100000
072004061133190000590000005200000
072004061139990000690000010600000
072004061140190000590000002100000
072004061142090000580000001500000
072004061144890000120000033400000
072004061144890000390000024600000
072004061144890000460000014100000
072004061144890000600000006600000
072004061144890000620000003500000
072004061082490000230000442200000
072004061082490000560000002600000
072004061082490000730000007100000
072004061083490000110000003300000
072004061083490000230000213400000
072004061083490000620000000900000
072004061083490000720000002400000
072004061083490000730000003000000
072004061083490000750000003800000
072004061083790000230000280000000
072004061084090000740000005700000
072004061084290000110000001300000
072004061084290000190000012900000
072004061084290000470000003900000
072004061084290000720000000600000
072004061084990000410000006000000
072004061084990000580000002400000
072004061089990000770000429500000
072004061090890000370000052300000
072004061090890000450000035100000
072004061090890000470000092400000
072004061090890000600000025100000
072004061090890000720000032600000
072004061091790000720000005100000
072004061092590000370000005300000
072004061092590000590000000900000
072004061092590000680000001300000
072004061092590000740000009300000
072004061092590000770000052800000
072004061094390000110000010200000
072004061094390000470000017200000
072004061094390000720000006600000
072004061099990000430037710400000
072004061099990000460000045500000
072004061100690000750000006000000
072004061101090000190000051900000
072004061101090000590000001600000
072004061101090000670000001900000
072004061109990000470000017200000
072004061109990000750000009500000
072004061111590000380000009400000
072004061112790000070000019400000
072004061112790000440000001300000
072004061112790000690000005600000
072004061112790000740000013100000
072004061113290000120000003000000
072004061113290000450000001700000
072004061113290000750000004100000
072004061113690000680000003900000
072004061122890000190001223400000
072004061122890000450000024200000
072004061129990000580000092200000
072004061129990000590000012100000
072004061129990000730000076900000
072004061071990000690000003300000
072004061071990000730000004900000
072004061074590000430011902000000
072004061079990000410000056700000
072004061079990000670000009900000
072004061080590000430005039700000
072004061080590000470000003400000
072004061080990000130000018400000
072004061080990000670000002300000
072004061082490000120000006800000
072004061083490000420003511200000
072004061084090000470000003800000
072004061084090000640000003700000
072004061084090000680000000600000
072004061084290000620000000800000
072004061084290000750000000800000
072004061084790000470000010700000
072004061084990000730000003600000
072004061089990000460000028200000
072004061089990000680000009100000
072004061089990000760000012900000
072004061090890000410000199200000
072004061090890000650000153700000
072004061090890000740000088500000
072004061091790000670000003200000
072004061092590000560000044200000
072004061092590000620000017300000
072004061092590000690000002600000
072004061094390000410000014600000
072004061094390000460000003700000
072004061094390000690000005400000
072004061099990000120000075600000
072004061099990000590000015600000
072004061099990000650000188600000
072004061100690000190000057400000
072004061101090000430007740400000
072004061111590000160006065500000
072004061111590000600000006700000
072004061112790000720000004000000
072004061113690000070000025200000
072004061113690000460000015100000
072004061113690000770000124000000
072004061119990000560000017200000
072004061119990000770000339800000
072004061122890000110000135300000
072004061122890000470000164600000
072004061122890000580000092200000
072004061122890000640000127100000
072004061122890000720000048800000
072004061129990000120000060300000
072004061129990000760000022100000
072004061139990000080000968400000
072004061139990000120000016700000
072004061139990000330000853900000
072004061059990000770000167900000
072004061063990000740000013500000
072004061069990000560000002200000
072004061069990000590000002100000
072004061069990000760000003100000
072004061069990000770000082500000
072004061070290000640000004900000
072004061070290000670000001800000
072004061071390000690000004000000
072004061071690000470000001900000
072004061071690000670000001100000
072004061071990000440000007300000
072004061071990000460000001400000
072004061071990000590000000200000
072004061071990000600000000900000
072004061074590000110000005400000
072004061074590000620000001100000
072004061074590000690000005300000
072004061079990000470000030400000
072004061079990000740000023600000
072004061080590000690000002000000
072004061080990000770000094200000
072004061082490000010000006200000
072004061082490000410000007100000
072004061083490000190000035000000
072004061083490000460000002800000
072004061083790000410000014800000
072004061083790000440000007200000
072004061083790000720000004100000
072004061084090000620000000300000
072004061084290000690000001600000
072004061084290000700000005000000
072004061084290000730000001400000
072004061084790000420010248200000
072004061084790000590000001900000
072004061084990000760000001500000
072004061089990000420047228900000
072004061090890000750000069400000
072004061091790000450000005100000
072004061091790000560000087000000
072004061091790000570000001900000
072004061094390000370000006500000
072004061094390000750000009100000
072004061099990000440000062100000
072004061099990000770000920500000
072004061100690000410000021600000
072004061100690000690000006500000
072004061100690000770000054700000
072004061101090000600000003500000
072004061101090000680000000900000
072004061109990000420022808300000
072004061109990000720000008900000
072004061111590000310000793100000
072004061111590000410000056300000
072004061080990000690000007600000
072004061082490000110000017800000
072004061082490000440000003800000
072004061082490000450000002700000
072004061082490000460000003700000
072004061083490000590000002000000
072004061083490000670000001800000
072004061083790000690000006000000
072004061084090000430003823900000
072004061084090000770000029500000
072004061084290000120000002000000
072004061084790000360000005700000
072004061084990000470000004800000
072004061089990000120000043700000
072004061089990000740000082000000
072004061090890000440000031100000
072004061091790000370000008800000
072004061091790000430002367800000
072004061091790000580000005000000
072004061091790000620000021200000
072004061091790000660006715200000
072004061091790000770000087100000
072004061092590000430002141900000
072004061092590000580000006700000
072004061094390000740000016800000
072004061099990000450000048300000
072004061099990000620000154000000
072004061099990000730000053200000
072004061099990000820001279300000
072004061100690000560000008700000
072004061101090000410000008000000
072004061101090000450000001700000
072004061101090000580000012300000
072004061109990000130000008600000
072004061109990000430018883400000
072004061109990000590000003000000
072004061109990000760000003300000
072004061111590000430020444800000
072004061111590000460000016000000
072004061112790000110000016400000
072004061112790000580000009400000
072004061113290000380000002200000
072004061113290000680000001100000
072004061113290000720000003600000
072004061113690000420013681300000
072004061119990000160014175600000
072004061119990000450000014000000
072004061119990000670000012300000
072004061119990000690000045400000
072004061122890000010000197600000
072004061122890000130000210200000
072004061122890000420094195400000
072004061129990000420094195400000
072004061133190000080000968400000
072004061080590000770000026500000
072004061080990000620000001200000
072004061080990000680000001700000
072004061080990000760000001400000
072004061082490000130000009900000
072004061082490000190000061200000
072004061082490000360000002800000
072004061082490000810000012100000
072004061083490000410000008800000
072004061083490000640000001500000
072004061083490000680000000600000
072004061083490000760000001400000
072004061083790000130000005200000
072004061083790000420006287100000
072004061083790000590000002400000
072004061083790000810000004500000
072004061084090000230000186300000
072004061084090000450000000800000
072004061084090000700000007200000
072004061084090000760000001100000
072004061084290000740000003400000
072004061084790000190000097800000
072004061084990000460000001200000
072004061084990000600000042700000
072004061084990000620000000700000
072004061084990000810000005300000
072004061089990000130000055200000
072004061089990000590000016300000
072004061089990000670000018400000
072004061090890000670000016100000
072004061091790000290001078100000
072004061092590000650000006700000
072004061092590000660004456500000
072004061092590000670000001100000
072004061099990000150036910300000
072004061099990000680000021800000
072004061100690000460000003200000
072004061100690000570000001200000
072004061101090000470000007500000
072004061111590000560000005600000
072004061111590000740000030200000
072004061112790000160001708000000
072004061112790000310000152700000
072004061112790000570000001000000
072004061113290000110000016900000
072004061113290000740000010200000
072004061113690000590000055400000
072004061119990000730000028100000
072004061119990000750000035800000
072004061122890000460000066400000
072004061122890000560000009300000
072004061129990000010000197600000
072004061129990000110000135300000
072004061129990000190001223400000
072004061079990000360000012800000
072004061079990000570000004100000
072004061079990000580000044600000
072004061080590000410000011500000
072004061080590000600000001600000
072004061080590000640000001900000
072004061080990000360000002800000
072004061080990000560000003200000
072004061080990000590000002500000
072004061082490000430010231400000
072004061082490000600000049400000
072004061083490000360000001800000
072004061083490000810000003000000
072004061083790000110000005600000
072004061084090000460000002300000
072004061084290000640000001000000
072004061084290000680000000400000
072004061084790000810000009000000
072004061084990000110000004400000
072004061089990000230002731100000
072004061089990000640000040300000
072004061089990000750000035000000
072004061090890000060016562500000
072004061090890000580000048000000
072004061090890000660071102000000
072004061090890000730000037400000
072004061091790000060003376200000
072004061091790000740000017900000
072004061092590000060001882600000
072004061092590000290000520900000
072004061092590000410000018100000
072004061094390000290001012500000
072004061094390000570000002200000
072004061094390000680000004700000
072004061099990000110000213000000
072004061099990000370000072900000
072004061100690000580000009000000
072004061101090000570000001300000
072004061109990000120000013900000
072004061109990000580000021300000
072004061109990000620000002200000
072004061111590000580000008400000
072004061111590000620000003400000
072004061111590000700000046600000
072004061112790000760000001900000
072004061113290000440000001200000
072004061113290000580000002100000
072004061113290000620000001100000
072004061113690000440000005100000
072004061113690000470000022200000
072004061113690000760000007400000
072004061119990000070000085100000
072004061119990000460000041400000
072004061119990000590000133100000
072004061071690000770000039700000
072004061071990000420003404900000
072004061074590000420010630200000
072004061074590000730000009500000
072004061079990000460000012100000
072004061079990000680000004800000
072004061079990000700000051100000
072004061080590000120000001300000
072004061080590000420002805300000
072004061080590000460000001100000
072004061080590000700000005200000
072004061080990000230000404200000
072004061080990000720000007300000
072004061082490000760000001700000
072004061083790000190000062900000
072004061084090000670000001700000
072004061084290000560000000500000
072004061084290000590000000300000
072004061084290000770000015300000
072004061084790000010000007700000
072004061084790000130000009500000
072004061084790000410000039300000
072004061084790000640000008300000
072004061084990000130000003000000
072004061089990000010000049000000
072004061089990000410000117700000
072004061089990000600000147300000
072004061089990000620000008100000
072004061090890000290012575600000
072004061090890000700000280200000
072004061091790000590000001700000
072004061091790000680000002200000
072004061092590000120000003400000
072004061092590000460000003400000
072004061094390000060003154400000
072004061094390000450000004600000
072004061099990000660090712100000
072004061100690000420013746300000
072004061100690000700000019300000
072004061101090000530000104300000
072004061101090000560000001000000
072004061109990000640000012100000
072004061111590000210000118400000
072004061111590000420016783700000
072004061111590000570000005200000
072004061112790000460000005700000
072004061112790000560000003300000
072004061113290000430009124800000
072004061113690000380000010800000
072004061119990000410000109900000
072004061119990000420041657300000
072004061122890000700000080700000
072004061129990000440000068900000
072004061129990000450000024200000
072004061071390000410000009700000
072004061071390000460000002400000
072004061071390000590000001400000
072004061071390000700000014600000
072004061071990000580000015600000
072004061071990000740000003100000
072004061074590000410000030800000
072004061079990000110000019900000
072004061082490000770000063300000
072004061083490000580000002100000
072004061083490000600000002000000
072004061083490000690000003700000
072004061083790000620000001100000
072004061084090000690000003400000
072004061084790000670000003200000
072004061084790000770000101400000
072004061084990000420003678800000
072004061084990000680000000600000
072004061090890000110000189300000
072004061090890000590000010300000
072004061090890000760000013300000
072004061091790000750000007300000
072004061092590000720000002400000
072004061094390000120000005300000
072004061099990000410000240600000
072004061099990000700000407100000
072004061101090000130000003700000
072004061109990000010000008500000
072004061109990000460000005000000
072004061112790000590000010500000
072004061113290000420005218800000
072004061113290000570000001800000
072004061113290000590000009600000
072004061113290000730000004400000
072004061113690000560000005200000
072004061122890000360000046300000
072004061129990000320011278000000
072004061129990000690000062100000
072004061139990000430009033600000
072004061139990000540000172900000
072004061139990000740000018500000
072004061140190000410000005700000
072004061140190000460000005500000
072004061140190000700000006900000
072004061140190000730000002200000
072004061142090000640000015100000
072004061144890000080002234000000
072004061144890000430008222200000
072004061144890000740000036600000
072004061149990000120000065000000
072004061149990000730000009700000
072004061153090000570000001900000
072004061162690000190000064400000
072004061162690000360000002000000
072004061080590000590000000800000
072004061080590000720000001700000
072004061080590000730000004000000
072004061080590000760000000900000
072004061080990000750000007700000
072004061082490000620000001300000
072004061082490000670000002900000
072004061082490000680000001900000
072004061083490000440000026500000
072004061083790000560000001900000
072004061083790000640000007600000
072004061083790000700000014800000
072004061083790000770000039300000
072004061084090000110000003800000
072004061084090000420002696600000
072004061084290000420001485000000
072004061084790000440000048800000
072004061084790000450000002800000
072004061084790000620000001100000
072004061084790000740000011300000
072004061084990000010000002000000
072004061084990000740000006300000
072004061084990000770000033000000
072004061089990000440000241800000
072004061090890000120000061500000
072004061090890000820000974300000
072004061094390000440000024500000
072004061094390000600000003500000
072004061094390000660008438400000
072004061099990000470000127000000
072004061099990000690000062500000
072004061099990000740000132500000
072004061100690000130000004900000
072004061100690000670000003700000
072004061101090000010000004400000
072004061101090000460000001800000
072004061101090000730000005200000
072004061109990000410000029600000
072004061109990000770000102500000
072004061112790000430008366300000
072004061112790000450000001900000
072004061113290000160001573600000
072004061119990000110000154500000
072004061119990000120000032100000
072004061119990000440000012200000
072004061119990000700000127000000
072004061122890000670000027500000
072004061122890000750000167900000
072004061129990000620000011100000
072004061129990000700000080700000
072004061133190000580000010000000
072004061133190000730000004600000
072004061139990000590000005200000
072004061140190000440000003300000
072004061083790000470000007800000
072004061084090000410000007200000
072004061084090000440000019500000
072004061084090000560000001000000
072004061084090000730000002600000
072004061084290000430002141800000
072004061084290000450000000300000
072004061084290000460000001300000
072004061084790000110000006900000
072004061084790000750000008000000
072004061089990000690000040400000
072004061091790000700000043700000
072004061091790000760000001800000
072004061092590000700000025000000
072004061094390000650000012500000
072004061099990000560000618500000
072004061100690000010000004100000
072004061100690000470000009700000
072004061100690000530000064500000
072004061100690000590000001400000
072004061100690000680000001000000
072004061101090000120000006700000
072004061101090000640000005900000
072004061101090000750000003500000
072004061109990000530000168800000
072004061111590000120000015300000
072004061111590000440000004600000
072004061111590000680000003700000
072004061111590000770000145200000
072004061112790000420005973500000
072004061112790000620000001200000
072004061112790000680000000900000
072004061112790000730000003400000
072004061113290000210000025600000
072004061113290000640000003800000
072004061113290000670000002200000
072004061113290000770000033000000
072004061113690000120000010300000
072004061113690000410000039000000
072004061113690000570000003800000
072004061113690000580000006000000
072004061113690000670000003900000
072004061119990000640000036400000
072004061119990000720000036000000
072004061119990000740000082300000
072004061119990000760000016700000
072004061122890000430108871200000
072004061129990000130000210200000
072004061129990000460000066400000
072004061129990000560000009300000
072004061139990000420006983300000
072004061139990000640000020200000
072004061140190000120000013400000
072004061140190000430003069400000
072004061084090000010000003500000
072004061084290000010000004500000
072004061084290000360000000700000
072004061084290000670000000300000
072004061084290000760000000500000
072004061084290000810000002600000
072004061084790000580000020700000
072004061084990000190000025200000
072004061084990000590000001000000
072004061084990000640000002800000
072004061089990000190000438400000
072004061089990000360000025500000
072004061089990000450000013500000
072004061090890000560000450800000
072004061091790000150004694300000
072004061091790000730000005300000
072004061091790000820000135800000
072004061092590000110000002800000
072004061094390000150003903200000
072004061094390000700000058200000
072004061099990000290015187100000
072004061099990000570000015000000
072004061100690000640000006200000
072004061111590000470000030900000
072004061111590000760000005000000
072004061112790000380000003800000
072004061113290000460000004600000
072004061113690000730000010800000
072004061113690000750000010100000
072004061119990000310001762600000
072004061119990000620000009100000
072004061133190000330000853900000
072004061133190000640000020200000
072004061133190000680000026400000
072004061139990000190000125300000
072004061139990000390000014100000
072004061139990000460000011300000
072004061140190000110000005100000
072004061140190000570000001400000
072004061142090000120000018200000
072004061144890000750000007800000
072004061149990000440000017600000
072004061149990000580000008300000
072004061149990000750000019400000
072004061153090000360000006400000
072004061153090000690000013200000
072004061153090000760000003000000
072004061159990000590000001900000
072004061162690000730000002300000
072004061162690000740000005100000
072004061169990000580000002800000
072004061170390000370000023700000
072004061171290000370000004900000
072004061179990000560000069700000
072004061071990000360000001800000
072004061074590000120000005500000
072004061074590000450000001500000
072004061074590000460000003500000
072004061074590000590000000700000
072004061079990000760000005400000
072004061080590000440000014100000
072004061082490000580000075300000
072004061082490000640000004900000
072004061082490000690000003500000
072004061082490000700000016800000
072004061082490000750000003900000
072004061083490000120000002400000
072004061083490000430004462500000
072004061083490000700000006500000
072004061083490000740000006000000
072004061084090000120000002600000
072004061084090000580000001900000
072004061084090000810000001600000
072004061084790000430011804800000
072004061084790000690000009900000
072004061084790000700000017300000
072004061084790000760000002300000
072004061084990000450000000800000
072004061084990000560000001800000
072004061084990000670000002100000
072004061084990000750000001900000
072004061089990000580000141300000
072004061089990000700000097800000
072004061089990000720000029000000
072004061090890000460000033800000
072004061090890000680000013600000
072004061090890000690000049300000
072004061090890000770000664500000
072004061091790000410000008700000
072004061091790000460000004600000
072004061092590000570000000600000
072004061094390000590000002700000
072004061094390000770000116100000
072004061100690000120000007200000
072004061100690000620000001300000
072004061101090000440000001000000
072004061101090000690000006600000
072004061109990000190000109300000
072004061109990000360000007300000
072004061109990000450000003300000
072004061109990000560000009700000
072004061109990000680000001900000
072004061109990000740000017900000
072004061111590000070000029300000
072004061111590000590000057600000
072004061111590000690000019800000
072004061111590000720000015400000
072004061112790000120000003500000
072004061080590000230000186200000
072004061080590000560000001100000
072004061080590000750000001900000
072004061080990000430008751700000
072004061080990000740000011700000
072004061083490000010000002700000
072004061083490000560000001200000
072004061083490000770000027000000
072004061083790000010000006700000
072004061083790000120000006500000
072004061083790000740000010700000
072004061084090000130000001900000
072004061084090000190000044300000
072004061084090000360000002000000
072004061084290000130000002400000
072004061084290000580000001000000
072004061084790000560000001800000
072004061084990000690000002700000
072004061091790000470000009900000
072004061091790000600000002600000
072004061092590000150003158300000
072004061092590000600000001400000
072004061092590000820000052500000
072004061094390000560000036500000
072004061094390000580000008600000
072004061094390000670000002900000
072004061099990000760000020900000
072004061101090000300000361300000
072004061101090000700000018200000
072004061101090000770000047800000
072004061109990000730000011300000
072004061111590000670000004000000
072004061111590000730000009500000
072004061111590000750000015700000
072004061112790000210000026800000
072004061112790000670000002200000
072004061112790000750000005900000
072004061113290000310000130400000
072004061113290000410000006500000
072004061113290000600000002500000
072004061113690000690000015100000
072004061113690000700000039500000
072004061119990000570000011800000
072004061122890000410000201400000
072004061122890000740000053200000
072004061122890000770000646700000
072004061129990000720000048800000
072004061133190000170000418800000
072004061133190000460000011300000
072004061133190000470000027900000
072004061140190000690000007700000
072004061142090000600000003100000
072004061142090000770000111200000
072004061144890000110000017900000
072004061153090000680000003200000
072004061153090000740000014300000
072004061159990000010000014800000
072004061159990000430027240000000
072004061159990000470000020000000
072004061159990000580000008100000
072004061159990000680000003200000
072004061162690000420005541000000
072004061162690000570000000400000
072004061162690000590000001300000
072004061162690000680000002000000
072004061169990000460000003000000
072004061169990000470000009500000
072004061169990000800000009000000
072004061171290000730000007400000
072004061174690000120000022600000
072004061174690000680000006300000
072004061179990000420073766900000
072004061179990000570000011400000
072004061179990000750000097700000
072004061185190000430001038800000
072004061189990000570000000100000
072004061189990000750000000700000
072004061195290000420000681500000
072004061195290000640000000500000
072004061199990000430000802300000
072004061199990000620000000200000
072004061199990000670000000500000
072004061999990000410001182000000
072004061153090000640000019400000
072004061153090000700000026900000
072004061159990000230001316400000
072004061162690000620000000900000
072004061169990000130000020700000
072004061169990000410000006300000
072004061169990000560000001300000
072004061169990000720000002600000
072004061170390000180000394300000
072004061170390000550000036900000
072004061170390000590000003000000
072004061170390000620000005500000
072004061171290000700000008900000
072004061174690000770000525900000
072004061179990000200000942600000
072004061179990000370000049600000
072004061179990000620000018600000
072004061185190000690000000400000
072004061185190000740000000700000
072004061189990000700000002000000
072004061195290000560000000000000
072004061195290000750000000500000
072004061199990000130000000800000
072004061199990000230000015300000
072004061999990000110019723100000
072004061999990000190006853600000
072004061144890000720000005900000
072004061149990000340002946100000
072004061149990000590000016100000
072004061149990000690000044800000
072004061149990000700000039500000
072004061153090000430027240000000
072004061153090000470000020000000
072004061153090000600000002700000
072004061159990000720000011800000
072004061162690000430006479500000
072004061162690000560000001300000
072004061171290000430010163300000
072004061171290000570000002200000
072004061171290000590000002100000
072004061174690000700000033500000
072004061174690000750000049400000
072004061179990000580000032600000
072004061179990000640000110200000
072004061185190000450000000300000
072004061185190000470000000800000
072004061185190000730000001800000
072004061189990000110000002600000
072004061189990000360000001000000
072004061189990000560000000300000
072004061189990000690000000400000
072004061189990000730000001800000
072004061195290000190000002800000
072004061195290000230000015300000
072004061195290000470000000300000
072004061195290000590000000100000
072004061195290000730000000200000
072004061199990000460000000000000
072004061199990000720000000200000
072004061133190000420006983300000
072004061133190000720000003800000
072004061133190000740000018500000
072004061139990000470000027900000
072004061140190000680000001200000
072004061142090000450000485200000
072004061142090000570000001000000
072004061149990000600000012600000
072004061149990000760000009500000
072004061153090000110000011200000
072004061153090000720000011800000
072004061159990000420016805000000
072004061159990000600000002700000
072004061159990000620000002900000
072004061159990000750000010500000
072004061162690000120000004200000
072004061162690000800000009000000
072004061170390000430029228400000
072004061170390000560000015000000
072004061170390000670000014000000
072004061171290000180000276600000
072004061171290000460000004000000
072004061171290000580000005000000
072004061174690000100000983300000
072004061179990000100001570300000
072004061179990000460000046100000
072004061179990000550000852700000
072004061179990000730000047300000
072004061185190000230000011000000
072004061185190000410000001100000
072004061185190000590000000300000
072004061189990000670000000200000
072004061195290000130000000800000
072004061195290000430000802300000
072004061195290000620000000200000
072004061199990000010000001300000
072004061199990000680000000400000
072004061999990000430639319200024
072004061999990000640000795800000
072004061999990000690000531400000
072004061999990000750000631400000
072004061139990000580000010000000
072004061139990000760000002800000
072004061140190000390000006500000
072004061140190000770000067800000
072004061142090000460000007700000
072004061144890000420011055700000
072004061144890000570000001900000
072004061144890000590000008000000
072004061149990000720000011000000
072004061153090000230001316400000
072004061153090000620000002900000
072004061159990000110000011200000
072004061159990000740000014300000
072004061162690000410000006300000
072004061162690000470000009500000
072004061169990000230000261200000
072004061169990000770000053600000
072004061170390000410000063800000
072004061171290000120000006600000
072004061171290000680000004600000
072004061171290000740000007500000
072004061174690000440000007300000
072004061174690000550000754700000
072004061179990000450000033300000
072004061185190000570000000100000
072004061185190000600000000200000
072004061185190000720000000700000
072004061189990000440000000200000
072004061195290000670000000500000
072004061199990000730000000200000
072004061999990000360000428100000
072004061999990000730000448400000
072004061999990000770005446000000
072004061112790000600000002400000
072004061113290000070000011200000
072004061113690000430016971400000
072004061119990000210000267700000
072004061129990000430108871200000
072004061129990000740000053200000
072004061133190000430009033600000
072004061133190000620000002800000
072004061140190000420003148600000
072004061140190000560000001500000
072004061140190000580000002200000
072004061149990000390000051700000
072004061149990000570000004300000
072004061159990000360000006400000
072004061162690000700000009200000
072004061169990000740000005100000
072004061170390000450000010000000
072004061170390000680000003800000
072004061174690000570000005100000
072004061174690000600000006900000
072004061179990000430086894800000
072004061179990000470000078700000
072004061179990000740000076800000
072004061185190000460000000200000
072004061185190000750000000700000
072004061189990000590000000300000
072004061189990000620000000100000
072004061195290000440000000500000
072004061195290000450000000200000
072004061195290000700000001900000
072004061199990000420000681500000
072004061199990000690000000400000
072004061199990000740000000800000
072004061199990000760000000200000
072004061999990000600000330800000
072004061999990000740000797600000
072004061133190000190000125300000
072004061133190000440000002900000
072004061133190000750000010700000
072004061133190000770000131800000
072004061139990000600000003900000
072004061139990000750000010700000
072004061140190000220000044500000
072004061140190000670000000900000
072004061142090000560000003300000
072004061142090000730000002900000
072004061144890000640000018900000
072004061149990000220000248400000
072004061149990000410000036900000
072004061149990000560000009500000
072004061153090000440000003800000
072004061153090000560000003200000
072004061159990000760000003000000
072004061162690000130000020700000
072004061162690000230000261200000
072004061162690000450000002500000
072004061162690000460000003000000
072004061169990000360000002000000
072004061169990000420005541000000
072004061169990000600000001800000
072004061169990000700000009200000
072004061170390000440000005500000
072004061170390000460000019800000
072004061171290000200000093200000
072004061171290000440000002700000
072004061171290000750000013200000
072004061171290000760000004900000
072004061174690000670000009000000
072004061174690000720000017400000
072004061174690000730000022000000
072004061179990000410000127100000
072004061179990000670000026600000
072004061179990000700000069900000
072004061195290000770000003200000
072004061199990000120000000200000
072004061199990000360000000400000
072004061999990000130079881600002
072004061133190000410000027300000
072004061133190000690000010600000
072004061139990000440000002900000
072004061139990000570000002000000
072004061139990000680000026400000
072004061142090000110000011300000
072004061142090000470000016300000
072004061144890000700000023000000
072004061149990000450000889100000
072004061149990000670000007300000
072004061153090000420016805000000
072004061153090000460000009000000
072004061153090000580000008100000
072004061159990000120000019000000
072004061159990000450000002900000
072004061159990000560000003200000
072004061159990000670000010200000
072004061159990000700000026900000
072004061169990000110000004800000
072004061170390000720000012400000
072004061171290000560000015500000
072004061171290000600000000900000
072004061171290000670000003600000
072004061174690000450000018700000
072004061174690000590000005700000
072004061179990000350005825300000
072004061179990000680000014700000
072004061179990000690000067100000
072004061185190000010000000500000
072004061185190000120000000700000
072004061185190000190000003500000
072004061189990000640000000400000
072004061199990000570000000200000
072004061199990000640000000500000
072004061199990000700000001900000
072004061999990000450001999300000
072004061999990000700001381000000
072004061122890000570000012500000
072004061122890000730000076900000
072004061129990000410000201400000
072004061133190000120000016700000
072004061133190000670000002500000
072004061139990000560000002300000
072004061139990000670000002500000
072004061139990000730000004600000
072004061140190000450000089100000
072004061140190000740000008700000
072004061142090000080002671900000
072004061142090000670000003400000
072004061142090000720000003700000
072004061142090000750000008100000
072004061142090000760000001700000
072004061144890000170016073300000
072004061144890000560000004700000
072004061153090000190000211300000
072004061153090000410000035100000
072004061159990000410000035100000
072004061159990000690000013200000
072004061169990000190000064400000
072004061169990000430006479500000
072004061169990000640000008100000
072004061169990000690000004000000
072004061170390000120000019700000
072004061170390000350001529600000
072004061170390000580000011800000
072004061170390000760000007400000
072004061174690000430047503100000
072004061174690000560000039200000
072004061174690000690000034800000
072004061185190000360000001000000
072004061185190000560000000300000
072004061185190000640000000400000
072004061189990000770000002600000
072004061199990000750000000500000
072004061999990000590000251600000
072004061999990000720000345400000
072004061129990000600000030100000
072004061133190000760000002800000
072004061139990000700000018100000
072004061139990000770000131800000
072004061140190000600000002900000
072004061140190000760000001700000
072004061142090000680000008500000
072004061144890000220000123600000
072004061144890000410000025800000
072004061144890000680000006500000
072004061144890000690000024800000
072004061144890000730000004600000
072004061149990000430014861700000
072004061153090000730000013700000
072004061159990000130000010100000
072004061162690000090000031300000
072004061162690000110000004800000
072004061169990000120000004200000
072004061169990000450000002500000
072004061169990000570000000400000
072004061169990000680000002000000
072004061169990000730000002300000
072004061170390000100000350000000
072004061171290000420009077300000
072004061174690000180001291800000
072004061174690000200000527400000
072004061174690000470000043500000
072004061179990000180001962700000
072004061179990000720000032900000
072004061189990000190000003500000
072004061189990000420000701000000
072004061189990000450000000300000
072004061195290000120000000200000
072004061195290000570000000200000
072004061199990000450000000200000
072004061199990000580000001100000
072004061999990000120000687600000
072004061999990000460000392300000
072004061999990000470000920200000
072004061999990000580000593500000
072004061162690000600000001800000
072004061162690000640000008100000
072004061162690000690000004000000
072004061169990000620000000900000
072004061170390000420024336000000
072004061170390000730000017900000
072004061170390000750000035100000
072004061170390000770000268000000
072004061171290000410000013000000
072004061174690000410000050300000
072004061174690000460000022300000
072004061185190000130000000900000
072004061185190000700000002000000
072004061189990000120000000700000
072004061189990000460000000200000
072004061195290000680000000400000
072004061195290000720000000200000
072004061199990000410000002700000
072004061140190000720000001400000
072004061142090000420005729800000
072004061142090000620000004600000
072004061142090000740000013200000
072004061149990000110000034300000
072004061149990000620000010000000
072004061149990000640000039900000
072004061149990000770000300100000
072004061153090000750000010500000
072004061159990000460000009000000
072004061162690000720000002600000
072004061162690000770000053600000
072004061170390000600000004600000
072004061171290000450000004600000
072004061171290000620000002900000
072004061171290000770000104500000
072004061174690000620000010200000
072004061174690000640000073000000
072004061179990000590000010800000
072004061185190000440000000200000
072004061185190000770000002600000
072004061189990000130000000900000
072004061189990000430001038800000
072004061189990000580000002300000
072004061195290000740000000800000
072004061199990000470000000300000
072004061199990000590000000100000
072004061199990000770000003200000
072004061999990000440000526700000
072004061140190000620000001900000
072004061140190000640000005900000
072004061140190000750000003500000
072004061142090000440000002800000
072004061142090000690000012300000
072004061144890000580000004600000
072004061144890000770000121100000
072004061153090000010000014800000
072004061153090000130000010100000
072004061159990000190000211300000
072004061159990000570000001900000
072004061162690000760000001100000
072004061169990000750000006800000
072004061170390000640000022800000
072004061171290000100000237000000
072004061174690000350003837000000
072004061174690000370000021000000
072004061174690000420040353600000
072004061174690000580000015800000
072004061174690000760000009700000
072004061179990000120000048900000
072004061179990000760000022000000
072004061179990000770000898400000
072004061185190000110000002600000
072004061185190000620000000100000
072004061189990000230000011000000
072004061189990000410000001100000
072004061189990000740000000700000
072004061195290000010000001300000
072004061195290000460000000000000
072004061195290000600000000200000
072004061199990000560000000000000
072004061999990000010038070900001
072004061185190000580000002300000
072004061185190000680000000300000
072004061189990000010000000500000
072004061189990000470000000800000
072004061195290000110000003000000
072004061195290000410000002700000
072004061195290000690000000400000
072004061199990000190000002800000
072004061199990000440000000500000
072004061999990000680000160000000
072004061999990000780064313600002
072004061112790000410000008100000
072004061112790000640000006400000
072004061113290000700000021900000
072004061113690000160004828500000
072004061113690000620000003400000
072004061113690000740000028800000
072004061119990000470000071300000
072004061119990000680000009600000
072004061122890000440000068900000
072004061122890000690000062100000
072004061129990000360000046300000
072004061129990000640000127100000
072004061129990000750000167900000
072004061129990000770000646700000
072004061133190000390000014100000
072004061133190000570000002000000
072004061133190000600000003900000
072004061139990000170000418800000
072004061139990000450000884800000
072004061140190000170002355100000
072004061142090000430003570100000
072004061144890000470000040900000
072004061149990000080005482500000
072004061149990000470000072200000
072004061149990000740000058500000
072004061153090000770000129500000
072004061159990000440000003800000
072004061159990000640000019400000
072004061162690000580000002800000
072004061162690000670000001400000
072004061162690000750000006800000
072004061169990000090000031300000
072004061169990000590000001300000
072004061169990000670000001400000
072004061170390000200000322000000
072004061170390000570000004100000
072004061171290000640000014400000
072004061171290000690000007200000
072004061171290000720000003100000
072004061174690000740000042600000
072004061179990000440000015500000
072004061179990000600000012400000
072004061185190000670000000200000
072004061189990000600000000200000
072004061189990000680000000300000
072004061195290000360000000400000
072004061199990000110000003000000
072004061999990000420674111200025
072004061999990000560000818000000
072004061999990000620000259400000
072004061999990000670000200800000
072004061999990000760000171900000
072004061144890000340001758200000
072004061144890000450000314800000
072004061153090000590000001900000
072004061153090000670000010200000
072004061159990000730000013700000
072004061159990000770000129500000
072004061169990000760000001100000
072004061170390000470000026700000
072004061170390000690000025100000
072004061170390000700000027500000
072004061170390000740000026700000
072004061171290000350000458700000
072004061171290000470000008500000
072004061171290000550000061100000
072004061185190000420000701000000
072004061185190000760000000300000
072004061189990000720000000700000
072004061189990000760000000300000
072004061195290000580000001100000
072004061195290000760000000200000
072004061199990000600000000200000
072004061999990000570000154400000
