042011051010490006750000036900000
042011051010490022960000077000004
042011051012190022870000067600003
042011051029990001450000006300004
042011051029990017070000263400013
042011051039990018010000068700000
042011051040790016530001001600005
042011051053890038830000134600002
042011051059990010380000145700003
042011051059990012750000413300004
042011051070290014290000082600001
042011051071390011950000175500002
042011051071990002280000009300001
042011051071990005530000002100002
042011051074590010340000015600001
042011051074590011490000028000001
042011051074590026650000012400001
042011051080590011040000020200002
042011051080990011670000083700001
042011051080990030760009212901199
042011051083490027860000033400001
042011051084090007310000009300005
042011051084290004090000004400001
042011051092590000870000009800003
042011051094390026470000007600005
042011051111590023540000079700001
042011051111590038840000067200002
042011051113290015500000121500000
042011051113699999990000218000000
042011051159990026760000468800000
042011051162690010920000000400003
042011051169990002840000001400000
042011051169990037800000419900002
042011051174690023580000024200003
042011051174690035300000476000004
042011051195290030900000212800002
042011051010490018670000022600001
042011051011190012030000125100001
042011051011490027930000117200003
042011051011490036830000022100002
042011051011890018480000033100003
042011051012190035140000036100001
042011051012390008500000016000000
042011051019990030340000239400005
042011051019990036300000163800004
042011051022290028780001935200260
042011051029990028760000110700000
042011051033390005670000017600001
042011051040790033400001930800014
042011051049990000820000042500003
042011051049990007480000082200002
042011051049990026600000833600010
042011051070290004540000040900003
042011051071990005420000001400002
042011051071990012140000038100004
042011051071990018960000046400004
042011051074590002190000040900001
042011051074599999990000008200000
042011051079990036370000212500009
042011051080590002630000020000002
042011051080990008490000006500001
042011051082490002470000009600001
042011051084990031860003500600485
042011051091790025850000020500007
042011051091790026490000073500003
042011051091790035570000469700012
042011051092590000830000006800000
042011051092590026580000012600000
042011051094390032790008006100413
042011051099990011930003506000007
042011051101090036770000018300002
042011051111590039340000036000003
042011051113290007560000130000008
042011051113690026940000088500001
042011051113690028760000031900000
042011051139990025110001505000024
042011051142090006510000016400007
042011051142090019090000052100004
042011051153090028770000067400000
042011051153090036240000049100000
042011051170390021570000015600003
042011051171290031860008700500377
042011051174690016450000429000003
042011051179990011880000139100003
042011051199990006940000005900000
042011051999990031860627531421766
042011051011190007140000452800007
042011051011490016990000016200000
042011051012190018590000043500003
042011051012390028310001656900040
042011051012990037800001602900003
042011051014190029870000041200000
042011051019990017140000094400005
042011051019990027970000451200003
042011051029990011400000103000003
042011051033390023120000063900003
042011051040790013980000063700002
042011051049990000880000149200002
042011051049990034950000233100008
042011051053590032360000094200003
042011051070290005780000023800001
042011051071690003960000005800001
042011051074590012020000039000001
042011051083490003050000002200001
042011051083490014700000332200014
042011051083790004410000001000000
042011051083790022790000012400002
042011051083790026220000111800000
042011051084090030760004489600759
042011051084990001860000014200003
042011051091790038170000046100003
042011051092590033610000036000000
042011051099990025770000073500005
042011051100690033840000022600001
042011051109990001740000030400003
042011051111599999990001644100007
042011051113290024190000026000000
042011051113690015500001115800003
042011051119990006690000204600004
042011051119990028860000119000004
042011051122890014460001865000003
042011051129990011400000543600007
042011051129990022490000059100006
042011051139990005520000010800007
042011051140190030760003899400082
042011051149990002500000033600005
042011051153090014280000123400003
042011051153090027290000463300001
042011051153099999990000266300000
042011051159990029010000055400000
042011051159990030310000101400000
042011051170390022130000030500003
042011051171290015370000151400001
042011051171290030760013942100642
042011051999990011400002722000052
042011051011190008810000065400000
042011051011190030760021120800235
042011051011890013810000663300012
042011051012190027040000336400001
042011051012190037800000238400001
042011051012390005960000039300001
042011051012390037630000015300000
042011051014190030140000091000001
042011051029990031860021391301720
042011051040790036580000103800002
042011051070290001940000011200001
042011051070290030360000009400001
042011051071390006940000008600001
042011051071990018680000024000003
042011051071990028930000055800005
042011051074590037760000036600002
042011051079990024530006607400179
042011051080590004910000001100001
042011051082490032350000006200000
042011051083490003160000003700004
042011051083490004800000002800001
042011051083790007230000012100000
042011051083790012920000683600069
042011051084090030230000003800001
042011051084790014240000003300001
042011051089990002900000032900005
042011051090890038470000064800004
042011051090890039770000383300046
042011051092590022090000011700002
042011051094390035570000351600010
042011051094390036710000076300006
042011051100690022910000071100005
042011051109990035420000518600023
042011051113690019350000049300001
042011051119990001790000038900003
042011051122890033930000225400007
042011051129990029340000070100003
042011051140190010760000020300002
042011051140190016800003456700161
042011051149990002180000012100007
042011051149990006560000093700005
042011051149990016800032605200872
042011051159990023290000051800001
042011051170390030760039595500865
042011051179990002270000020400004
042011051179990017400000052400005
042011051199990012900000739400006
042011051199990030760001685200015
042011051999990014720001488900079
042011051999990017040001260700086
042011051010490038710000064900002
042011051011890002010000016900001
042011051011890031800000034700001
042011051012990014640000081200001
042011051014190030760033303500380
042011051024490039720000000300000
042011051033390010220000536800002
042011051049990031860010154900211
042011051049990038060000090600004
042011051053590011520000050200003
042011051059990007810001655100018
042011051063990024330000022800000
042011051070290031300000094800000
042011051082490005200000004200000
042011051084790002400000013900000
042011051084990030760005899600931
042011051089990014700001365000101
042011051089990027280000830900034
042011051089990031270000105400004
042011051094390016690000015200001
042011051111590002290000031800003
042011051113290006980000051600002
042011051122890010870000013500005
042011051122890022490000059100006
042011051129990037800020821300064
042011051139990010840000009100007
042011051144890000460000066800005
042011051144890022370000164800006
042011051153090037490000210700004
042011051159990037490000210700004
042011051169990031860005523500349
042011051171290012180000191700003
042011051174690004070000030300003
042011051179990011400001069100010
042011051179990012180000191700003
042011051199990029200000052900000
042011051999990034010006600700067
042011051010490011830000027200001
042011051011490036300000163800004
042011051011890023050000041000002
042011051012190026680000059500000
042011051012990011820000143100000
042011051025090037800001219100001
042011051029990002090000002900000
042011051033390023190000029400002
042011051039990001220000081300004
042011051040790007480000082200002
042011051040790036660000082700003
042011051053590008410000145700003
042011051053890034390000038700000
042011051063990034240000024500000
042011051069990002810000081900002
042011051069990007760000015400001
042011051069990018440000033300000
042011051069990029870000027800000
042011051071390037800000490800002
042011051071690028930000029400001
042011051074590004510000028300002
042011051074590006200000077400004
042011051083790001660000010500001
042011051089990018770000016400005
042011051089990031860043990203800
042011051089990036800000078100012
042011051091790032790005611100350
042011051092590008680000017500001
042011051094390035180000033000000
042011051101090017170000082400000
042011051101090022390000012300001
042011051109990001320000170300004
042011051109990010790000005300003
042011051113690006930000064100002
042011051119990039340000036000003
042011051122890005570000072200003
042011051122890029920000215800004
042011051122890037270000087100005
042011051129990022630000016600004
042011051133190005330000012700007
042011051133190011000000013800007
042011051133190027570003626200070
042011051133199999990004171500718
042011051140190005680000011300006
042011051142090014310000008800004
042011051142090017360000007500005
042011051144890019110000022900007
042011051153090030250000201900003
042011051170390039510000038400003
042011051179990016570014010600162
042011051011190036340000106400000
042011051011490036280000008300000
042011051011890001730000014700002
042011051011890037260000020500001
042011051012190014300000027000002
042011051012190032050009898200409
042011051012390036190000038500000
042011051014190035920000045300000
042011051022290031860004456700580
042011051025090014460000157700000
042011051029990013260000403600051
042011051029990026390000022700001
042011051029990034390000058700000
042011051033390017240000378600003
042011051039990013760000026700001
042011051049990027660000236800005
042011051053890036760000114800006
042011051059990006420000254300004
042011051069990005940000002300002
042011051080590001520000003400002
042011051080590005040000004800001
042011051082490002230000021100002
042011051082490028810000500700010
042011051083790007800000005200001
042011051084290030760002260700562
042011051089990022330000571900005
042011051090890019480000016600006
042011051091790000570000017200005
042011051091790018110000019400007
042011051094390010510000502900005
042011051099990020330000021700007
042011051100699999990000006300000
042011051101090025540001268500035
042011051111590011600000090500002
042011051111590037660000102900001
042011051113290005370000013200000
042011051113690034390000079900000
042011051119990022540000110100002
042011051119990029330000204700005
042011051129990039780000052700006
042011051133190030760001905300046
042011051139990026910000016000007
042011051140190017020000025300000
042011051142090008870000007700003
042011051142090018020000017800003
042011051144890038660000159300002
042011051149990008090003210800038
042011051149990008120000009200005
042011051153090011400000478500005
042011051159990004110000015100001
042011051159990011670000167700003
042011051159990014280000123400003
042011051170390035400000112000003
042011051174690000520000040600004
042011051179990038620000328600005
042011051185190026900000057000000
042011051010490018850000005700002
042011051011190002150000016700001
042011051011490037550000039500001
042011051011890010850000028600003
042011051012390037300000098700002
042011051014190025210012946100280
042011051029990028780007759300991
042011051039990023120000063900003
042011051039990030760014209000220
042011051049990009980000141000003
042011051053890012560014881100273
042011051070290012110000158900002
042011051074590030670000008200000
042011051079990006190000115600007
042011051079990022240000085200003
042011051080590004050000003400003
042011051080590004570000002500001
042011051080590026890000006100000
042011051080990002900000032900005
042011051080990014240000145500001
042011051080990039290000015700002
042011051084090017260000000200000
042011051084290033790000214400020
042011051099990035570003179300047
042011051101090018840000135600003
042011051111590014040000390800005
042011051111590029840000187900004
042011051111590030430000187600005
042011051112790037440000125500003
042011051113690014040000041500001
042011051119990030430000187600005
042011051139990017130000018700007
042011051140190006440000031400002
042011051153090027260000094400001
042011051153090036320000082500002
042011051174690002270000020400004
042011051179990009900018083200344
042011051189990026200000013800000
042011051195290012900000739400006
042011051999999999990167416304728
042011051011890002040000023300001
042011051012190022590000036400000
042011051012190027380000015400000
042011051019990018580000085500004
042011051019990018800000144100004
042011051019990023200000405100003
042011051019990036280000298700006
042011051025090011580004199200102
042011051029990015930000006600001
042011051029990036540000003100000
042011051040790008570000035600003
042011051053590006760000166300000
042011051053890011550000024600000
042011051053890028950000038700000
042011051063990006920000036800001
042011051063990024530001089000010
042011051069990006920000036800001
042011051070290004280000007800000
042011051070290030040000022900000
042011051071390018460000009100001
042011051071990004060000005000002
042011051083790011180000003500003
042011051083790030300000046300002
042011051084090004180000001600001
042011051084290011930000051600000
042011051084990011820000035000000
042011051089990007310000009300005
042011051090890021390000038500004
042011051090890023220000084100003
042011051092590030760001525300059
042011051100690002790000092000007
042011051119990014040000476200007
042011051129990004630000115000005
042011051129990029920000215800004
042011051133190019120000044900012
042011051139990016800000104300009
042011051140190039410000029200003
042011051144890008220000031200005
042011051153090011470000074000000
042011051159990030640000056800000
042011051162690034390000035700000
042011051169990006940000015100000
042011051169990028950000030100000
042011051170390007550000345500004
042011051170390023950000020800004
042011051185190037800000081800000
042011051189990026900000057000000
042011051199990034000000050400000
042011051999990027770005122000053
042011051011890030350000031600001
042011051012990033770000088600002
042011051025090010320000006500000
042011051029990004720000007300001
042011051039990001650000048500001
042011051040790017840000166200006
042011051040790027660000236800005
042011051049990033400001930800014
042011051053590006850000043400002
042011051053590027770004972100048
042011051053890037420000058500003
042011051059999999990005058100019
042011051069990008000000080900001
042011051069990008280000209200001
042011051071390034980000225400003
042011051071690037800000084200000
042011051074590036970000645500033
042011051079990004530000043600003
042011051080990001270000030100004
042011051080990039690000004400002
042011051082490037220000005100001
042011051083790031190000005900000
042011051083790038970000181300000
042011051084790005660000015300001
042011051090890026100000053200004
042011051091790019460000015700004
042011051092590014350000002700001
042011051101090005610000010500001
042011051111590006900000053300001
042011051111590023370000069000001
042011051113290027180000033800002
042011051113290029440005867100224
042011051122890029340000070100003
042011051122890029350000179000005
042011051129990023440000199600005
042011051129990033930000225400007
042011051133190005540000012300006
042011051139990027570003626200070
042011051140190006260000015400002
042011051140190008540000005700000
042011051142090035320000038000004
042011051142099999990000857100020
042011051153090014460000094900000
042011051162690018890000006400002
042011051169990034390000035700000
042011051171290007270000047700000
042011051179990023950000020800004
042011051999990023000000742100059
042011051999990028310023049200469
042011051999990035570003179300047
042011051010490027400000015900000
042011051011190036350000195300004
042011051012190025210002626800095
042011051012990002670000044400005
042011051012990025210008346500193
042011051014190001980000079400003
042011051019990007140000452800007
042011051019990037340000110800007
042011051024490013260000262900050
042011051024490037800000035400000
042011051025090034990000002900001
042011051039990030200000024400001
042011051039990037950000303200002
042011051040790014000001519400058
042011051040790026600000833600010
042011051049990013980000063700002
042011051049990019740000032200003
042011051049990026420000038400003
042011051053590010380000145700003
042011051059990024150000198500004
042011051059990036760000114800006
042011051063990000450000094500001
042011051063990005830000017000001
042011051063990022420000022100001
042011051071390006710000038400001
042011051071690001750000007700002
042011051071690026890000033800000
042011051071990003870000004300001
042011051071990004130000005600001
042011051074590007910000025800001
042011051074590038000000028800001
042011051080590010730000023000002
042011051082490005310000009500000
042011051083490022720000005600002
042011051083790006130000009500004
042011051089990001490000042000005
042011051091790010510000728700020
042011051094390014100000188500000
042011051094390026980000013000003
042011051099990027210000234700006
042011051100690008460000010300003
042011051101090005140000046200004
042011051101090034140000056200004
042011051101090037800000292300000
042011051109990005140000046200004
042011051111590023240000140700003
042011051113690007070000057600003
042011051119990007600000073400003
042011051119990029440041138900981
042011051122890025150032477600178
042011051122890037800020821300064
042011051129990007630000353300004
042011051133190039420000010300007
042011051139990008200000014700007
042011051140190008910000148300000
042011051142090017350000014100003
042011051144890017380000031900003
042011051171290000150000047400001
042011051171290004580000004200001
042011051171290016960000010500000
042011051174690023450000049900004
042011051179990013090001073700010
042011051179990017530000140100004
042011051179990039300000130000003
042011051999990008090003266000042
042011051011890036480000035900003
042011051012390030060000087800001
042011051012990011390000124300000
042011051019990029020000512400007
042011051033390037800001297400000
042011051039990001990000030700003
042011051049990014000001519400058
042011051049990036580000103800002
042011051053590024600000424800000
042011051053590034070000020600001
042011051053890011370000421000011
042011051063990018440000033300000
042011051070290003470000006600001
042011051071990004220000002700002
042011051074590038010000006600000
042011051079990003860000070900007
042011051079990037800001516700008
042011051080590004710000001600000
042011051080590037800000637300018
042011051080990022340000054300006
042011051082490026200000011500000
042011051083790031860006296700683
042011051084090031860003206000323
042011051084790035550000039000000
042011051089990001690000011900005
042011051089990033790000214400020
042011051099990025850000020500007
042011051101090030760012021700770
042011051112790037330000029700002
042011051113690006690000204600004
042011051122890022520000032800004
042011051129990010870000013500005
042011051140190008790000016800001
042011051144890009000000078200003
042011051153090026830000141300000
042011051159990027290000463300001
042011051174690015370000610000003
042011051179990025760000077500006
042011051999990013950077918803867
042011051999990036970000645500033
042011051011190030460000082200000
042011051011490036740000065700003
042011051011890011750000035200001
042011051012390025210003621900093
042011051012390027410000164400003
042011051014190026640000093900001
042011051019990001350000008600004
042011051019990002670000044400005
042011051022290013260000004000000
042011051029990014460000259900000
042011051049999999990002210900023
042011051053890026650000489600000
042011051053890030530000035000000
042011051069990017250000097900000
042011051071990036960000039200001
042011051074590006040000036100003
042011051074590011280000009900004
042011051074590030600000019300001
042011051074590030760018043700925
042011051080590005340000002000002
042011051080590036410000003200001
042011051083790005030000002800000
042011051084090010750000012600005
042011051084290014700000003900001
042011051084990012770000003900000
042011051089990024130000268400026
042011051089990036410000165500012
042011051090890018140000091400004
042011051091790014890000007500004
042011051100690002160000048800002
042011051109990001950000025500003
042011051113290027100000040500004
042011051113690001600000083200001
042011051119990011330000064500003
042011051133190026410000041500006
042011051140190010960000007600001
042011051144890006480000015400002
042011051149990003850000037200004
042011051153090012130000035700001
042011051159990011930000172100001
042011051159990035470000218800000
042011051159990038020000063600001
042011051170390017700000125200002
042011051171290037800000276400000
042011051174690004640000053800002
042011051174690021790000012400003
042011051174690030760063575001451
042011051179990012160000140700004
042011051999990031240007063400319
042011051010490037970000036000000
042011051011890001970000011200002
042011051012990000170000015700001
042011051012990006180000053900002
042011051014190022750000094400000
042011051014190026680000534800000
042011051019999999990015066600248
042011051024490011580000389800026
042011051025090011400000094400003
042011051025090013260000136700001
042011051025090013280000086200003
042011051033390026890000174600000
042011051039990010220000536800002
042011051039990017240000378600003
042011051040790031860010154900211
042011051053590031860008480300109
042011051059990032360000094200003
042011051063990006940000026100001
042011051071690010800000003700000
042011051071990003460000025400003
042011051074590006190000115600007
042011051079990004370000013500004
042011051080590004420000009000003
042011051083490005160000003800001
042011051083790004010000013900002
042011051084090005730000004600001
042011051084790016990000048100001
042011051084790023080000151600003
042011051084990002450000003200001
042011051084990031270000034000003
042011051089990012920000683600069
042011051089990037800004034000039
042011051091790039770000041500006
042011051092599999990000018800000
042011051099990010420000028000006
042011051099990015120000088000005
042011051100690022970000030200004
042011051101090001950000025500003
042011051109990002380000043700003
042011051109990005190000049100002
042011051109990010900000024400002
042011051112790014040000043900001
042011051113690035870000035400001
042011051119990035870001398600023
042011051122890031860072520500546
042011051129990025150032477600178
042011051144890003300000107900002
042011051144890026380000321200010
042011051149990019130000014800005
042011051171290013090000095400000
042011051171290036140000011600004
042011051010490011870000015100000
042011051010490030760014865500465
042011051011490002730000070500002
042011051011490018650000017800000
042011051011490035550000022600000
042011051012990000180000011200001
042011051012990012150000185000002
042011051012990012910000065000001
042011051012990017140000094400005
042011051019990022930000229100005
042011051029990010320000006500000
042011051029990011670000004000000
042011051039990018040000010500001
042011051039990028950000135600001
042011051053890007710000051800000
042011051053890011500000191300000
042011051053890024150000198500004
042011051059990006640000169000002
042011051069990005130000065700001
042011051071390014240000021200000
042011051071390026520000020100000
042011051071690026200000006100000
042011051071990003860000070900007
042011051071999999990000214800004
042011051074590004040000015600001
042011051074590011670000014500003
042011051080590014720000343700028
042011051080990001890000004300003
042011051082490012290000287100007
042011051083490003830000037500001
042011051083790022660000002800002
042011051083790024970000607200015
042011051083790031270000021500000
042011051084090014200000004100000
042011051084090024970000372400010
042011051084790036410000136400008
042011051090890035700000039100004
042011051090890036630000112800006
042011051091790035220000032800001
042011051099990000570000017200005
042011051099990039770000424800052
042011051101099999990000010700000
042011051109990002160000048800002
042011051109990018720000027900003
042011051111590007930000083700002
042011051111590030120000074200002
042011051111590035870001343600022
042011051122890010940000025500007
042011051133190037180008815600323
042011051144890019260000020600001
042011051153090031860016022200233
042011051169990010920000000400003
042011051170390011880000139100003
042011051171290011670000015300001
042011051171290018790000019000000
042011051171290022830000089700001
042011051174690036670000108000002
042011051179990016450000850100006
042011051010490025210001813200032
042011051011190036930000020800001
042011051011890001800000012700001
042011051011890001900000048800004
042011051011890002210000026800002
042011051012390033650000086600002
042011051012990003990000040700003
042011051012990013810000114000009
042011051012990029180000088400000
042011051014190036330000093000001
042011051025090028950000038400000
042011051029990011580005314900185
042011051029990013280000086200003
042011051033390037950000303200002
042011051039990031860017889600382
042011051040790014580000238500002
042011051049990000560000087800004
042011051049990007160000129800002
042011051049990034910001074400049
042011051049990036660000082700003
042011051053590011370000210700002
042011051053890030760010458400168
042011051059990027770005122000053
042011051059990030760025227200344
042011051063990002430000080700006
042011051063990004820000005100001
042011051063990011300000222200004
042011051063999999990000081100000
042011051069990006330000043300000
042011051080990003150000011100005
042011051083490003010000003300001
042011051089990004170000010700005
042011051090890018000000016600004
042011051090890033700000204300004
042011051090890039750001378100016
042011051094390005800000041700000
042011051094390015430000013800001
042011051094399999990000263500000
042011051099990017870000049800005
042011051100690001140000015800001
042011051111590037720000309800007
042011051113290002480000020000002
042011051133190003030000012200007
042011051133190025110001505000024
042011051139990004900000073100006
042011051139990004990000010800007
042011051140190002360000030700003
042011051142090006560000093700005
042011051142090039380000045000005
042011051153090038020000063600001
042011051162690010970000019100001
042011051169990010970000019100001
042011051170390006870000128100002
042011051170390007640000091900003
042011051170390026720000406100005
042011051170390037640000038600004
042011051171290021060000048800002
042011051174690018300000071800005
042011051179990011670000122400004
042011051010490018640000019800001
042011051011190037960000029800001
042011051011490018580000085500004
042011051011890028150000022300001
042011051012390006840000036900003
042011051012390036540000007900000
042011051025090006940000023500000
042011051040790021820000103500004
042011051053590006420000254300004
042011051063990007760000015400001
042011051070290004550000009600001
042011051071390024530001569700034
042011051071390036940000009300001
042011051071390037910000034500002
042011051071990001460000002700002
042011051074590037990000006000000
042011051079990004300000096700003
042011051080590012620000032400003
042011051080590033900000003400001
042011051080990003530000012100002
042011051083490024970000545800011
042011051084290031860001859300187
042011051084790014700000082400000
042011051089990029070000279600004
042011051090890036710000136100007
042011051091790007280000012300004
042011051091790007430000057100002
042011051091790017870000049800005
042011051092590038380000016300001
042011051099990017660000087700005
042011051099990019930000047700006
042011051100690030030000043400005
042011051101090018880000011200001
042011051109990018840000135600003
042011051109990030030000043400005
042011051109990031860026726801589
042011051109990035460000048700004
042011051133190008200000014700007
042011051139990005540000012300006
042011051140190004240000004100001
042011051140190022620000008600001
042011051140190031660002495800033
042011051142090008690000006200003
042011051142090008730000017900004
042011051144890027510000017200006
042011051144890030760007440200055
042011051153090026760000468800000
042011051153090034380000042600000
042011051153090037770000084200004
042011051170390011510000046300003
042011051171290007110000057100001
042011051171299999990000015100000
042011051174690017470000124900003
042011051179990036140000011600004
042011051199990037800000066900000
042011051999990027280000830900034
042011051999990028780007759300991
042011051011190037530000114000002
042011051011890030760019478600680
042011051012190005810000080600002
042011051012390002920000073400006
042011051012990030420000021300002
042011051014190002950000043800001
042011051014190007730000151400004
042011051014190037800001883300004
042011051025090010780000004300002
042011051025090036540000001600000
042011051029990006940000041800000
042011051033390013740000136600001
042011051039990004190000069900002
042011051040790019690000170200002
042011051053590035330000237300000
042011051053890037800000208200000
042011051053890039320000038200001
042011051059990013310000132900004
042011051063990004860000030200001
042011051069990006940000026100001
042011051070290004530000043600003
042011051071390004560000015600001
042011051071990003240000001700002
042011051074590024530002344000069
042011051080590024970000555400031
042011051080990002200000006600001
042011051080990039790000008000001
042011051083490010950000011400003
042011051083490012280000004500000
042011051084090030170000009500002
042011051090890015120000088000005
042011051092590014830000064600008
042011051100690037400000058700004
042011051101090014460000142500004
042011051109990002790000092000007
042011051109990037400000058700004
042011051113290022940000014300001
042011051113690018450000055600000
042011051119990007880000172100003
042011051139990002330000011900007
042011051140190024510000006200000
042011051142090018030000011700003
042011051149990003220000085500004
042011051149990019190000008900005
042011051149990027510000017200006
042011051159990001330000017400002
042011051162690014460000106100000
042011051169990011690000260400000
042011051170390030210000027800003
042011051171290025800000033500003
042011051174690027050000136300002
042011051999990015930027150301392
042011051011190001720000048400000
042011051011890025210004895800151
042011051011899999990000615100007
042011051012390001640000062700002
042011051012990005980000032500003
042011051014190023550000087100003
042011051019990017180001376300004
042011051019990032050132427803855
042011051025090024530002944300017
042011051039990007850000031500003
042011051040790019740000032200003
042011051040790038060000090600004
042011051053590012750000413300004
042011051053590026500000057600001
042011051053590026650000978100001
042011051053890024600001838100008
042011051053890026890000052500000
042011051069990006290000083500000
042011051070290030760010638000369
042011051071990002930000013000002
042011051074590002020000079100005
042011051080590027380000026400000
042011051083490001580000003000001
042011051083790028760000025300000
042011051084290002960000006500003
042011051090890013950049881701278
042011051090890017040000139100011
042011051090890019930000047700006
042011051092590000200000038900003
042011051092590034010000240400004
042011051101090003340000013900003
042011051101090030180000015400002
042011051111590022740000061100005
042011051113690022680000030900002
042011051133190022480000062500005
042011051133190026270000015800007
042011051140190007050000014700003
042011051142090026400000034600004
042011051162690011030000006400001
042011051170390014740000568800005
042011051170390025790000016500003
042011051171290023980000027200000
042011051174690009900012846600249
042011051174690031860037337900979
042011051174690034850000132900002
042011051010490030070000026500002
042011051022290011670000004000000
042011051025090028760000105100000
042011051029990024530003944000049
042011051033390010740000132100006
042011051033390030200000024400001
042011051040790015660000523100008
042011051040790034950000233100008
042011051049990018330000088100004
042011051053590008350000213000007
042011051063990026360000230000005
042011051071690024530000410000015
042011051071690033940000024000002
042011051079990018680000024000003
042011051080590022250000001800000
042011051080990003450000007800001
042011051084290003980000001000003
042011051089990003190000022200006
042011051094390027620000131800003
042011051094390039140000060200000
042011051099990000590000005600005
042011051101090006170000015700002
042011051109990003340000013900003
042011051109990006170000015700002
042011051109990036770000018300002
042011051113690006810000033400000
042011051113690010130009761400175
042011051122890029310000243700004
042011051129990018530000084400003
042011051129990018660000046300004
042011051133190026910000016000007
042011051139990002990000017300007
042011051142090015230000016200003
042011051144890003140000041100003
042011051149990006510000016400007
042011051153090023290000051800001
042011051162690003040000004200001
042011051162690012600000008900004
042011051169990011030000006400001
042011051171290026010000011500003
042011051174690031510000292800005
042011051174690037670000073800003
042011051179999999990012072000243
042011051185190031860000360100003
042011051999990037180008815600323
042011051999990039770000424800052
042011051010490028760000039500000
042011051011190024230000100700000
042011051011890032050016954900743
042011051012390037800000428800001
042011051012990018870000269100002
042011051012990030760030884100434
042011051014190007120000047800001
042011051014190017260000036800000
042011051019990001900000048800004
042011051019990036350000195300004
042011051025090029880000004700000
042011051029990006660000022100000
042011051033390024770008024500118
042011051033390028950000135600001
042011051033399999990000272100000
042011051039990008640000072300003
042011051049990035270000130800005
042011051053590006730000063400002
042011051053890004680000355800008
042011051053890031860011701600277
042011051059990002260000092300007
042011051059990012560020272000392
042011051059990031200000454500017
042011051063990005130000065700001
042011051069990004820000005100001
042011051069990034240000024500000
042011051070290001960000042200002
042011051071990011670000023600002
042011051071990024530000843200034
042011051080990025740000008900002
042011051080990037020000003000002
042011051082490014460000112000001
042011051082490022330000571900005
042011051083490011400000042500012
042011051084790028950000033900000
042011051084990036800000078100012
042011051089990014720001488900079
042011051090890038270000085100006
042011051094390031100000037500003
042011051099990019480000016600006
042011051109990023000000742100059
042011051111590030760026265100592
042011051112790015500000164800000
042011051112790022540000110100002
042011051113290011240000018300001
042011051119990037690000154600003
042011051122890004630000115000005
042011051122890011400000543600007
042011051129990010940000025500007
042011051133190037610000119100005
042011051139990035410000059600006
042011051142090028030000021800003
042011051144890006540000019400001
042011051144890027530000017100001
042011051159990025350005379000045
042011051169990031390000921000055
042011051170390011560000144300002
042011051170390013090000099400002
042011051171290023690000121700000
042011051171290038330000032900002
042011051010490028310000915600036
042011051010490029020000512400007
042011051010490037800000643900002
042011051011190030280000134700002
042011051011490037700000011700000
042011051012390031370000001500000
042011051012990018620000153000002
042011051014190027820000215200007
042011051019990027820000215200007
042011051022290013850000028100003
042011051033390001990000030700003
042011051039990013740000136600001
042011051040790000880000149200002
042011051049990015100000091800003
042011051053590037800000465600002
042011051063990030490000028400000
042011051069990030490000028400000
042011051071390034170000102400004
042011051071690011400000060900006
042011051071690036860000031900000
042011051074590008520000024500000
042011051079990031860046608003039
042011051079990034170000102400004
042011051080990003790000014800002
042011051083490036410000015500003
042011051084990037800000131800000
042011051089990005150000014800007
042011051090890000590000005600005
042011051094390014410000065300001
042011051099990036630000112800006
042011051101090035260000010200001
042011051113290002580000003800000
042011051113290034390000054300000
042011051113290035160000049800002
042011051113690012780000040100000
042011051113690017290000117900000
042011051119990023240000140700003
042011051129990005080000006400005
042011051139990037610000119100005
042011051140190014560000002800001
042011051153090030640000056800000
042011051162690028950000030100000
042011051169990028760000031000000
042011051170390031510000219900005
042011051171290038870000029900001
042011051174690003950000014400003
042011051174690011400000336100002
042011051179990014740000568800005
042011051189990029380000072000000
042011051999990009900018083200344
042011051010490023270000007200001
042011051011490032050012229300378
042011051011890018810000023400001
042011051012990007210000118800001
042011051012990019270000017800001
042011051014190018400000040600000
042011051025090029870000027100000
042011051029990003500000001500000
042011051033390001220000081300004
042011051040790010390000101000003
042011051040790013130000070800005
042011051049990021750000152600004
042011051049990021820000103500004
042011051053890007890000046600002
042011051053890027770000149900005
042011051059990004680000355800008
042011051063990002810000081900002
042011051069990005830000017000001
042011051069999999990000081100000
042011051071990029360000031000001
042011051079990004000000020900004
042011051080590030760005603500904
042011051080990005710000025400003
042011051080990030020000002200002
042011051083490023140000003300001
042011051084090002860000005000002
042011051084090030260000005200000
042011051090890010510004770500069
042011051090890034010005282400047
042011051091790017580000004800004
042011051092590020590000025700004
042011051094390011930000210200001
042011051099990015270001584000004
042011051099990034010006600700067
042011051100690023000000495800035
042011051101090010910000014700001
042011051101090023110000010100002
042011051111590030440000101700002
042011051112790038850000008000000
042011051113290002000000019700001
042011051113690030760024035500476
042011051122890002590000033900006
042011051129990029310000243700004
042011051139990011150000255800010
042011051144890016920002013800008
042011051144890018570000095800005
042011051149990033920000044600004
042011051153090011630000091000001
042011051159990011400000478500005
042011051159990014460000094900000
042011051162690011690000260400000
042011051170390005930000058300004
042011051170390012060000103100002
042011051170390012160000140700004
042011051174690033170000012100003
042011051179990023450000049900004
042011051179990026720000406100005
042011051179990031860070319701886
042011051999990013260000403600051
042011051010490032050009070900413
042011051014190028310006925600104
042011051024490031860002431500395
042011051033390007850000031500003
042011051033390008320000446700000
042011051039990011270000040600001
042011051053590013320001355700004
042011051059990008410000145700003
042011051063990029870000027800000
042011051069990031240007063400319
042011051070290033680000076500002
042011051071390006080000025400003
042011051071690017310000003500001
042011051080590004350000001300002
042011051080990003190000022200006
042011051084790017020000023600000
042011051084790022880000439600012
042011051090890010420000028000006
042011051092590032790004983300368
042011051099990013950077855103865
042011051111590028860000119000004
042011051112790011400000054400002
042011051112790037210000074200001
042011051113290010130002939600112
042011051113690011330000064500003
042011051119990010130026146600589
042011051129990037270000087100005
042011051133190018750000094600005
042011051140190028760000055000000
042011051142090031660006169300096
042011051159990037770000084200004
042011051159990037800002106400007
042011051169990014460000106100000
042011051171290030580000009500000
042011051011490034390000049400000
042011051012190004360000119400002
042011051012190028310001863800049
042011051012390023070000046700000
042011051012990036810000317400004
042011051019990030760160417003149
042011051019990036810000317400004
042011051022290006940000018300000
042011051022290017070000038800000
042011051029990002030000009400001
042011051029990013850000028100003
042011051033390006160000135800000
042011051033390013770000072700000
042011051039990014240000065200000
042011051039990024770008024500118
042011051040790035270000130800005
042011051049990019690000170200002
042011051049990022570000140100002
042011051053890037740000035900003
042011051059990011370000631700013
042011051059990026970000373800002
042011051070290004600000018900001
042011051070290031860008671500366
042011051071690031860005896400693
042011051080990030570000008900001
042011051082490004100000003700001
042011051082490029270000000200000
042011051084090002490000012200002
042011051084090014700000031100011
042011051084790029270000002400000
042011051089990024970007448400187
042011051089990030760069588708126
042011051092590020600000028800004
042011051094390017620000008800002
042011051094390020650000006700004
042011051100690035460000048700004
042011051122890023440000199600005
042011051129990002590000033900006
042011051133190002970000024900006
042011051149990007940000007900005
042011051169990004750000007800003
042011051170390023670000012700003
042011051171290006400000026400004
042011051171290016570001281000014
042011051179990015370000806500004
042011051179990031510000516000011
042011051179990035300000476000004
042011051999990031390000921000055
042011051011490030760016402900286
042011051011890022510000029900001
042011051011890037800001020100009
042011051012190014240000028800000
042011051012190022890000077400003
042011051012390011670000018500000
042011051012990032050018466400453
042011051014190027010000126800002
042011051022290011580000725900057
042011051039990013770000072700000
042011051049990017840000166200006
042011051049990036680000150800004
042011051069990026360000230000005
042011051069990035550000029400000
042011051070290003370000009000001
042011051071990002080000015700001
042011051079990030760054688403102
042011051080590031860002567500355
042011051083790037800000438800004
042011051084090002240000004400003
042011051084090030690000002600001
042011051084290001490000042000005
042011051089990014460000196000014
042011051089990022340000054300006
042011051089990035670000049600004
042011051090890038100000089800004
042011051091790036050000191900006
042011051092590000660000007100002
042011051092590017040000046800004
042011051099990032790072147602115
042011051100690030760017520500605
042011051101090002510000004000000
042011051101090018990000005600000
042011051109990011850000144500004
042011051109990018550000018000002
042011051109990022910000071100005
042011051111590007770000048100001
042011051113290006210000069500005
042011051113690035240000162600003
042011051129990030760144770101207
042011051140190006110000006200001
042011051142090008950000011000003
042011051149990000460000066800005
042011051149999999990004300900149
042011051159990017160000046100000
042011051159999999990000266300000
042011051170390012320000043400006
042011051179990017470000124900003
042011051999990002130000623300086
042011051010490029140000016200002
042011051010490037870000012800000
042011051011190026800000158300002
042011051011190028760000050300000
042011051011190029890000051600000
042011051011190037880000126500000
042011051011490010820000069500002
042011051011490033660000011500000
042011051012190022470000016400002
042011051014190032050035154500663
042011051019990037560000140300006
042011051029990017020000030100000
042011051040790022570000140100002
042011051053590002310000895900014
042011051059990008390000229100005
042011051063990006290000083500000
042011051063990008280000209200001
042011051063990027330000040200001
042011051071690011670000005600000
042011051071990001370000008300005
042011051074590005300000010600001
042011051074590028950000010200000
042011051080990014700000915400075
042011051083490002600000013700001
042011051083790003640000006000004
042011051083790007220000002800003
042011051084090007330000021200002
042011051084090010410000001000000
042011051084090034740000013800004
042011051084790002660000014200001
042011051084790030760014166100875
042011051089990012290000287100007
042011051089990022880000439600012
042011051090890017660000087700005
042011051091790014830000108700015
042011051094390000540000039300005
042011051094390008140000198000002
042011051094390019450000029400002
042011051099990026470000007600005
042011051100690013170000176600007
042011051100690022320000013400000
042011051101090035450000020400001
042011051112790001790000038900003
042011051113690007880000172100003
042011051122890024500000621300005
042011051129990037010000126600003
042011051133190017130000018700007
042011051139990013830000303900013
042011051140190008110000017700002
042011051140190037800000252200000
042011051142090033690000098000002
042011051149990017360000007500005
042011051149990030760014672600163
042011051153090011930000172100001
042011051153090025350005379000045
042011051159990023390000056100000
042011051159990026830000141300000
042011051162690004650000004900002
042011051174690013090000878900008
042011051174690016570008265400100
042011051174690026950000113300002
042011051011490011740000310900009
042011051012190029300000002100000
042011051012190030110000046100000
042011051012390006940000024000000
042011051014190024250000037000000
042011051019990036900002480500005
042011051039990023190000029400002
042011051053890011380000139300002
042011051053899999990000071500000
042011051063990035660000016000001
042011051069990006250000135100009
042011051071690038030000018000002
042011051074590018470000031200002
042011051074590031860015457600843
042011051080590002720000009500002
042011051080990022770000001200002
042011051080990024970000872100033
042011051082490035250000055700003
042011051083490001510000005400004
042011051084090004960000039800001
042011051084290001680000004900001
042011051084990001690000011900005
042011051084990024970000796700026
042011051090890007390000126100005
042011051091790023870001463700059
042011051094390017040000604800043
042011051099990015930025770501377
042011051100690013270000047700000
042011051100690028770000028400000
042011051100690037800000315900000
042011051109990007680000035600002
042011051113290014260000452900002
042011051133190003000000017900007
042011051133190006000000111200006
042011051139990037180008815600323
042011051140190002500000033600005
042011051144890011080000068500002
042011051144890016800021883000524
042011051149990016920003456400012
042011051153090004110000015100001
042011051153090011050000077000001
042011051159990011050000077000001
042011051162690031390000921000055
042011051169990024530000545300004
042011051170390027830000093600002
042011051171290031510000003300001
042011051189990031860000360100003
042011051999990012560020272000392
042011051999990039790031323801139
042011051011190031120000042600000
042011051011490028310002450700054
042011051011490036750000008100000
042011051012190022930000229100005
042011051012190039570000048000003
042011051014190008380000190000003
042011051014190011670000099200000
042011051014190036990000065500002
042011051019990001400000030200007
042011051019990028310023049200469
042011051019990037800007347600020
042011051022290001450000006300004
042011051022290011400000008600000
042011051022290037800000056400000
042011051033390001650000048500001
042011051033390004190000069900002
042011051033390018010000068700000
042011051033390031860017889600382
042011051033390037450000044800001
042011051039990037800001297400000
042011051040790000820000042500003
042011051040790011250000104700003
042011051040799999990002210900023
042011051053590026970000373800002
042011051053890024170000225500002
042011051053890037980000039600004
042011051069990006620000057500000
042011051071390001530000015800001
042011051071390011960000028100002
042011051074590037800000353500004
042011051079990011280000009900004
042011051079990028930000090800006
042011051082490001250000006100000
042011051082490011400000006500000
042011051082490031250000098800000
042011051082490037110001807700113
042011051083790003130000001500000
042011051083790010770000007600004
042011051084090035280000054600001
042011051084090039040000038200000
042011051084290004460000004000002
042011051084790001280000001600000
042011051091790033890000081300004
042011051092590021900000005200003
042011051094390030760003704700086
042011051099990018110000019400007
042011051101090001780000008500001
042011051111590029440015192600318
042011051112790029840000116000000
042011051113690006610000174400003
042011051119990006910000838600011
042011051122890034520000100700003
042011051142090019080000006100003
042011051142090039790011954500442
042011051144890019200000015700002
042011051159990030760036769800440
042011051170390007570000094300003
042011051171290016450000226900001
042011051179990000520000040600004
042011051179990005930000058300004
042011051179990030760117112602958
042011051999990012920000683600069
042011051011490030610000025300000
042011051012190030340000239400005
042011051012990008880000132400001
042011051012990026680000443900002
042011051014190011820000206200000
042011051014190037560000140300006
042011051025090017020000030100000
042011051025090028780004219000423
042011051029990039720000000300000
042011051033390011270000040600001
042011051039990017200012171300158
042011051040790000560000087800004
042011051049990030760018895600439
042011051059990011900000855000010
042011051059990013730000164000002
042011051059990024600002262900008
042011051069990000450000094500001
042011051069990024330000022800000
042011051070290034390000097000000
042011051071690022950000000300000
042011051079990004380000041300003
042011051079990005470000019700003
042011051079990011400000072800006
042011051079990036970000645500033
042011051082490014240000007500000
042011051082490031860009225600606
042011051083490030760005179700683
042011051083790005150000014800007
042011051084290004590000005600002
042011051084290007720000002700000
042011051084790037800000999000009
042011051089990001180000030000005
042011051089990023610000146600015
042011051089990037040000049400007
042011051089999999990003694500293
042011051090890032790053547100984
042011051092590036730000005700001
042011051099990014830000173300023
042011051099990036710000290100019
042011051099990039760000041800011
042011051101090005190000049100002
042011051111590010130010296200217
042011051112790037800000033700000
042011051113690011400000166900003
042011051113690037800000308400001
042011051119990002290000031800003
042011051119990006610000174400003
042011051119990035240000162600003
042011051129990018540000115700006
042011051133190005520000010800007
042011051133190016760000059600008
042011051140190039790003182500105
042011051142090008120000009200005
042011051153090029800000066600000
042011051159990011700000073000000
042011051170390031860024281300530
042011051195290034000000050400000
042011051999990010130026146600589
042011051011190024420000091200000
042011051011490036900002480500005
042011051011890033950000017400002
042011051012190018910000049700002
042011051012390030760014626100410
042011051012390035310000038900003
042011051012390037360000026100000
042011051014190036280000290400006
042011051022290024530000475800012
042011051029990036880000004300001
042011051033390013760000026700001
042011051033390034160000190000002
042011051039990006160000135800000
042011051040790015100000091800003
042011051049990013130000070800005
042011051049990015660000523100008
042011051053590002260000092300007
042011051053590007290000136500000
042011051053590029120000499700016
042011051059990007740000164900005
042011051071390002770000013900002
042011051071690001820000003300001
042011051071690004250000004600002
042011051074590036370000212500009
042011051080590038730000002100002
042011051080990001060000026700002
042011051080990003800000012000002
042011051083490002540000003900001
042011051084090030720000008900003
042011051084290024970000093100001
042011051084790023600000020700000
042011051084990007830000001400000
042011051089990010750000012600005
042011051090890017770000066700005
042011051091790027210000234700006
042011051091790033510000010400002
042011051092590033620000018400003
042011051092590035570000099700005
042011051101090023000000246300024
042011051109990012740000187700017
042011051119990037720000309800007
042011051129990012000000131000003
042011051133190004990000010800007
042011051133190039790003701700184
042011051139990003030000012200007
042011051140190027900000019300002
042011051140190034390000118300000
042011051142090002180000012100007
042011051142090019040000927000012
042011051142090024390000065000006
042011051149990026380000321200010
042011051153090035470000218800000
042011051162690031860005523500349
042011051169990004650000004900002
042011051170390016450000194200002
042011051171290009660001323200029
042011051174690034090000055400002
042011051999990014000001519400058
042011051010490001350000008600004
042011051010490006350000022700000
042011051011190023200000405100003
042011051011190035900000100500000
042011051011490014460000411100000
042011051011490023420000037700000
042011051014190018860000056500000
042011051025090026890000150500000
042011051040790009980000141000003
042011051040790018330000088100004
042011051040790034910001074400049
042011051053590011900000855000010
042011051053590013730000164000002
042011051053590036260000125700000
042011051059990013320001355700004
042011051069990037800000447600003
042011051071390014370000011000001
042011051071690005110000010400001
042011051071690023230000007100001
042011051071690037730000010400002
042011051071990011930000024300002
042011051071990022240000085200003
042011051074590029870000008200000
042011051079990012140000038100004
042011051082490008720000006000000
042011051082490013220000009200000
042011051082490031270000049900001
042011051084090030700000003300003
042011051084290005680000022500001
042011051084790002740000006000001
042011051090890013990000101100003
042011051091799999990000517000007
042011051092590000790000037500003
042011051092590011930000084300004
042011051092590015270000038700000
042011051094390015930003736500244
042011051099990022200000134600006
042011051100690005550000030100001
042011051109990014460000239200004
042011051109990030180000015400002
042011051109990037090000305500013
042011051111590023030000180600001
042011051113290037800000029200000
042011051113690007200000034600001
042011051113690028050000244100000
042011051113690036790000057600001
042011051119990014260000452900002
042011051119999999990005597300068
042011051122890030760144770101207
042011051129999999990013310400128
042011051133190035410000059600006
042011051139990005290000083600005
042011051139990019120000044900012
042011051140190003850000037200004
042011051144890003330000048300001
042011051144890019130000014800005
042011051144890019190000008900005
042011051149990008220000031200005
042011051153090011700000073000000
042011051159990036240000049100000
042011051159990037480000100800002
042011051162690001430000001600000
042011051162690006940000015100000
042011051169990012600000008900004
042011051169990018410000006100001
042011051170390000580000027500003
042011051189990030760002005400018
042011051010490037900000016200000
042011051019990026680001522400003
042011051024490015030000006600001
042011051025090034390000058700000
042011051033390017200012171300158
042011051039990013750000113000000
042011051039990034160000190000002
042011051053890007670000089000001
042011051059990002310000895900014
042011051059990022710000057400003
042011051059990037980000039600004
042011051063990007230000051000000
042011051069990022420000022100001
042011051071390012120000138500004
042011051071990004370000013500004
042011051071990031260000013100001
042011051074590026540000012700001
042011051079990018960000046400004
042011051080590022860000007800002
042011051080990001620000016100001
042011051084790029870000031400000
042011051090899999990012687600113
042011051091790021590000008900003
042011051092590013840000232500032
042011051092590035680000051200002
042011051094390023870001351300037
042011051099990030760036394800473
042011051100690001320000170300004
042011051100690007680000035600002
042011051101090012740000180100016
042011051111590015500001615600011
042011051113690006650000030600001
042011051133190031740005049500238
042011051139990011000000013800007
042011051139990016760000059600008
042011051144890008910000278500001
042011051144890008930000054800008
042011051144890033920000044600004
042011051149990019040000927000012
042011051159990036320000082500002
042011051162690004750000007800003
042011051162690018490000008300001
042011051170390011400000733000008
042011051171290011120000020200005
042011051174690028110000079800003
042011051179990037640000038600004
042011051185190029380000072000000
042011051189990037800000081800000
042011051199990030900000212800002
042011051010490022380000141900001
042011051011890002070000012700001
042011051011890003720000012400001
042011051011890037280000035500001
042011051012990018500000007300002
042011051014190023430000044100001
042011051014190030050000029300001
042011051019990030100000016100005
042011051029990028920000046500000
042011051033390030220000133300000
042011051033390030760014209000220
042011051040790013860000100700004
042011051049990010390000101000003
042011051049990013860000100700004
042011051053590031200000454500017
042011051053890029870000019700000
042011051063990011400000050100000
042011051063990011910000009300003
042011051063990035550000029400000
042011051070290007690000016200001
042011051071390000090000031400000
042011051071390005950000002100000
042011051071390031860011917900476
042011051071690001550000001900000
042011051071690039360000012000004
042011051071990005470000019700003
042011051071990022310000015100001
042011051079990001930000198000003
042011051080590003810000008700001
042011051080590005390000007200001
042011051080990001050000012400002
042011051083790004970000001500001
042011051083790011820000052300000
042011051084090003490000010200005
042011051084090037800000146900000
042011051084790008050000007200004
042011051089990002130000623300086
042011051090890027630000060000004
042011051094390000650000015300004
042011051100690011850000144500004
042011051100690016880000059000000
042011051100690018720000027900003
042011051113690001770000030700001
042011051113690029840000222500002
042011051122890004850000014200004
042011051122890022630000016600004
042011051122890036800000226900004
042011051129990005570000072200003
042011051129990034520000100700003
042011051129990036800000226900004
042011051133190004670000039400007
042011051133190004900000073100006
042011051133190005290000083600005
042011051139990008660000125500005
042011051142090016920000907000004
042011051144890003220000085500004
042011051159990011470000074000000
042011051159990011630000091000001
042011051159990030250000201900003
042011051162690011020000010100003
042011051162690018410000006100001
042011051171290030500000016500000
042011051179990006400000026400004
042011051179990011540000471300004
042011051179990037650000149600003
042011051179990037800003428900005
042011051199990031860000268300002
042011051999990014700001365000101
042011051011490028950000034900000
042011051011490029980000019700000
042011051011890028310001820200072
042011051012390002120000140100004
042011051012390024080000180000002
042011051012990026660000060500003
042011051024490028780001605100308
042011051033390018040000010500001
042011051040790026420000038400003
042011051053590012560005390900119
042011051059990024170000225500002
042011051059990037420000058500003
042011051063990006620000057500000
042011051070290004000000020900004
042011051071990004400000005900002
042011051071990031860004664600661
042011051074590006940000021800000
042011051074590011820000026100000
042011051080990011650000164600003
042011051082490030760012052200869
042011051083490035670000049600004
042011051084090004840000015000002
042011051090890015930015143500467
042011051091790000610000008000003
042011051100690000480000015000003
042011051101090018970000017700002
042011051101090031860009599800809
042011051111590005990000319100005
042011051113290027170000013200001
042011051129990004850000014200004
042011051142090039390000010800004
042011051149990016950000032200007
042011051149990019150000021600012
042011051153090031360000060200001
042011051159990029800000066600000
042011051170390011540000471300004
042011051174690011940000090800002
042011051195290026200000005700000
042011051999990024530143706102249
042011051999990037110001974800134
042011051011190032370000285600002
042011051024490014460000002600000
042011051029990029870000027100000
042011051029990030760025118801327
042011051029990037800001310900001
042011051040790007160000129800002
042011051040790021750000152600004
042011051049990014580000238500002
042011051053890006340000092100000
042011051053890006680000033400000
042011051063990005940000002300002
042011051070290001930000198000003
042011051071390024200000009400001
042011051071390028930000005600000
042011051071990001390000001400002
042011051074590001630000014800001
042011051074590036840000009400001
042011051079990012120000138500004
042011051083790036410000010400000
042011051084790001310000003600001
042011051084790014720001145200051
042011051091790000930000029200003
042011051091790015070000053000003
042011051091790030760001704400038
042011051094390038600000059300002
042011051094390039090000041500002
042011051099990017040001260700086
042011051100690025540002825900114
042011051101090001470000012400001
042011051101090010900000024400002
042011051112790030760010519100386
042011051119990006210000069500005
042011051119990019390000240100005
042011051122890018530000084400003
042011051129990030270000080700003
042011051171290025760000077500006
042011051999990034910001074400049
042011051999990037800046482400152
042011051011190012100000296200002
042011051011890005750000017700002
042011051011890006880000028200001
042011051011890007580000162400004
042011051011890026680000374200001
042011051011890030330000041600001
042011051012390013720000040100001
042011051012990018430000015800001
042011051019990013810000777300021
042011051022290036540000001500000
042011051029990029880000004700000
042011051033390037920000186000004
042011051039990030220000133300000
042011051040790018230000036100004
042011051040790030760018895600439
042011051053599999990000620100000
042011051053890011970000112200001
042011051053890014240000022300000
042011051059990029120000499700016
042011051070290037800000405800001
042011051071390006630000013200001
042011051071390011820000061500000
042011051074590004880000033100002
042011051079990001830000020600004
042011051079999999990002543700119
042011051080590023180000026500001
042011051084790011620000025200001
042011051091790034010000314300007
042011051091790038570000005400002
042011051092590023870000531800016
042011051094390017560000012600001
042011051100690035420000245100004
042011051101090037090000305500013
042011051111590036510000035500001
042011051113290011720000016600001
042011051113690034260000067200000
042011051119990030440000101700002
042011051122890037710001342400004
042011051122890039780000052700006
042011051129990037710001342400004
042011051129990038810000407700009
042011051139990004670000039400007
042011051139999999990004171500718
042011051144890016760000060400002
042011051144890031660009057300106
042011051149990022370000164800006
042011051149990035320000038000004
042011051159990012130000035700001
042011051162690028760000031000000
042011051169990018920000004700003
042011051169990030760008349600629
042011051170390037800001577900005
042011051170390039270000210300002
042011051171290013010000124500000
042011051171290018380000017800000
042011051179990011120000020200005
042011051179990035490000137700003
042011051010490005180000026100001
042011051010490018800000144100004
042011051011490011820000113000000
042011051011490037800000412700000
042011051012190001080000039000003
042011051012190010810000042100004
042011051012990027970000451200003
042011051019990007730000151400004
042011051019990011740000310900009
042011051022290028760000005600000
042011051033390008640000072300003
042011051053590007740000164900005
042011051053590035210000035200001
042011051053890011780000482600001
042011051053890035740000086600001
042011051063990006330000043300000
042011051063990031860007088200196
042011051069990011300000222200004
042011051069990011400000050100000
042011051071990029160000035300001
042011051074590037460000025500001
042011051079990002390000033500003
042011051079990004540000040900003
042011051079990011670000109300009
042011051080590022640000002200000
042011051080990039250000003400003
042011051082490029070000279600004
042011051083490001380000007400002
042011051083790011260000019600001
042011051083790022450000004800002
042011051083790030760010724401344
042011051090890027700000135700004
042011051091790013790000010200002
042011051091790022140000037400003
042011051092590028760000021700000
042011051092590036710000077700006
042011051094390035080000038900001
042011051099990000540000039300005
042011051099990023870024202100400
042011051111590007060000022900002
042011051111590007600000073400003
042011051111590029330000204700005
042011051112790022900000031200001
042011051122890031110000229100003
042011051122890037010000126600003
042011051129990014460001865000003
042011051133190005060000059200007
042011051139990006000000111200006
042011051139990018750000094600005
042011051139990030760001905300046
042011051139990039420000010300007
042011051140190036540000021400000
042011051142090019070000016000007
042011051142090028000000021000003
042011051149990008630000049500006
042011051149990008930000054800008
042011051149990026170000069600005
042011051153090017160000046100000
042011051153090037800002106400007
042011051162690002840000001400000
042011051171290002340000013800003
042011051171290009900001026500008
042011051174690037650000149600003
042011051199990026200000005700000
042011051010490014240000016700000
042011051012190030100000016100005
042011051012390030610000020900000
042011051012390035550000027500000
042011051014190007130000033300001
042011051022290002030000009400001
042011051029990035890000050000000
042011051039990004310000599000006
042011051039990022980000051500006
042011051039990026890000174600000
042011051063990030760015242300478
042011051069990024530001089000010
042011051069990031860007088200196
042011051071690001570000007900002
042011051080990001560000004100003
042011051082490001880000023800003
042011051082490024970001181200025
042011051083490011010000006300004
042011051083790001180000030000005
042011051084090001230000012000001
042011051084790011400000011300004
042011051084790039260000006200004
042011051084990037110000167100021
042011051092590021040000004500004
042011051099990039750001378100016
042011051100690037600000040400004
042011051109999999990001303100017
042011051119990015500003017700014
042011051122890018940000136600006
042011051129990029350000179000005
042011051139990022480000062500005
042011051139990039790003701700184
042011051142090008090001507700028
042011051144890001070000009700001
042011051144890008090001384500010
042011051144890019170000021700003
042011051149990019090000052100004
042011051153090011670000167700003
042011051174699999990005958100074
042011051179990012320000043400006
042011051185190026200000013800000
042011051185190030760002005400018
042011051999990030760847613826507
042011051010490037570000055400003
042011051011190011990000034100000
042011051011190014190000047900000
042011051011190035150000390000007
042011051011190036470000088900000
042011051011190037800001117500000
042011051011490025210007529900152
042011051011890022460000090600002
042011051012990037310000039300003
042011051014190023060000095600003
042011051014199999990000209800000
042011051019990002920000073400006
042011051019990037500000147000005
042011051022290030760004023300409
042011051040790036680000150800004
042011051053590006640000169000002
042011051053590010160000572700009
042011051059990008430000259700007
042011051059990011380000139300002
042011051063990034390000032400000
042011051069990035660000016000001
042011051070290024530001440500027
042011051071690030760006173200703
042011051071990030760006099100633
042011051079990006080000025400003
042011051079990006200000077400004
042011051079990030380000045300003
042011051079990034980000225400003
042011051080990006270000010600003
042011051083490003110000003400001
042011051084090001440000053900003
042011051084090002250000011200002
042011051084090003730000014400002
042011051084090004170000010700005
042011051084090005170000000400000
042011051084290014630000001500000
042011051084290024130000268400026
042011051084790003780000017800002
042011051084790030290000023300002
042011051084990005910000006000000
042011051084990035910000007000002
042011051091790015270000046900002
042011051094390034010000763600009
042011051099990013840000232500032
042011051100690014460000096700000
042011051100690031860017127000780
042011051101090014010000078200001
042011051101090035420000273500019
042011051109990000480000015000003
042011051112790022730000137300002
042011051113290003610000007500001
042011051113690038750000084400001
042011051119990027590000098600002
042011051133190002990000017300007
042011051133190008240000014000007
042011051139990003000000017900007
042011051179990009660001332900029
042011051999990023870024202100400
042011051999990027570003626200070
042011051010490006740000061800002
042011051011199999990000233300000
042011051011490037500000147000005
042011051011890014390000013600001
042011051011890033910000062600002
042011051012190011890000022200002
042011051012390037340000110800007
042011051012990012090000020600002
042011051012990018510000005600002
042011051012990028760000109800000
042011051014190034390000105100000
042011051024490024530000523900020
042011051024490030760002813600390
042011051025090004720000007300001
042011051025090026390000022700001
042011051033390010100000076100007
042011051049990008570000035600003
042011051053890007810001655100018
042011051053890017370000020300002
042011051059990008350000213000007
042011051069990004860000030200001
042011051069990034390000032400000
042011051070290001190000081400003
042011051071390011670000065600004
042011051071990037510000022100001
042011051071990037800000182400001
042011051079990002020000079100005
042011051083490037800000139400001
042011051089990003150000011100005
042011051089990037110001974800134
042011051091790015930004210900357
042011051091790038520000022700003
042011051091790039760000041800011
042011051094390038300000036900003
042011051099999999990012263400313
042011051100690014240000015000000
042011051109990030760029542201375
042011051109990037600000040400004
042011051111590037690000154600003
042011051112790019390000240100005
042011051112790029440007052900238
042011051113290032380000013100000
042011051119990027100000040500004
042011051119990029840000526400006
042011051122890005920000225000006
042011051122890007630000353300004
042011051133190011150000255800010
042011051133190013830000303900013
042011051139990002970000024900006
042011051140190007320000028400003
042011051140190008090000318600000
042011051149990004890000016400005
042011051149990024390000065000006
042011051149990027520000012700005
042011051153090030310000101400000
042011051159990036950000045900000
042011051170399999990003934600052
042011051185190012380000440700004
042011051195290029200000052900000
042011051999990016800032718400882
042011051999990017200012171300158
042011051010490002440000021700003
042011051011190011860000282800003
042011051011490005620000013600000
042011051012190030760009735500259
042011051012990001400000030200007
042011051012990007180000048400003
042011051012990028310002157800043
042011051014190024090000032500001
042011051014190029300000092600001
042011051019990002120000140100004
042011051019990007580000162400004
042011051025090030760018281900528
042011051025090035890000050000000
042011051025090036880000004300001
042011051039990005670000017600001
042011051039990037450000044800001
042011051053590001130000123100003
042011051063990031240007063400319
042011051063990037800000447600003
042011051069990002430000080700006
042011051069990007230000051000000
042011051069990019320000071700002
042011051071690036440000005800003
042011051071990002390000033500003
042011051071990027420000007100001
042011051079990039360000012000004
042011051080990031860005294100465
042011051082490023160000105300001
042011051083790001670000018200001
042011051084090010930000014300002
042011051084090014460000084000013
042011051084290001760000004000002
042011051084990002130000623300086
042011051090890022200000134600006
042011051091790033150000022000004
042011051092590010510000218500007
042011051092590013950006536900875
042011051099990017770000066700005
042011051101090002750000007900000
042011051109990018970000017700002
042011051113690014060000078300001
042011051113690029440013026300201
042011051119990007070000057600003
042011051119990022730000137300002
042011051129990024500000621300005
042011051133190002330000011900007
042011051133190010840000009100007
042011051142090007940000007900005
042011051142090008630000049500006
042011051142090016800007265500187
042011051142090016950000032200007
042011051142090027520000012700005
042011051144890006500000006900004
042011051153090036950000045900000
042011051162690024530000545300004
042011051162690037800000419900002
042011051174690017800000105800002
042011051179990007550000345500004
042011051999990010510006240900101
042011051011490037370000018000001
042011051011890002520000024900002
042011051011890005900000055100001
042011051012990031530000101600001
042011051019990010810000042100004
042011051029990014240000001100000
042011051049990016530001001600005
042011051053590008390000229100005
042011051053890022710000057400003
042011051063990006250000135100009
042011051063990019320000071700002
042011051071390012040000030700002
042011051071390030760013734400472
042011051071690002780000022200002
042011051071990022780000003500001
042011051079990003460000025400003
042011051080990037800001132700005
042011051080999999990000244900007
042011051082490027280000830900034
042011051082490028950000010000000
042011051083490000990000035200003
042011051084290003600000013500004
042011051089990011400000060300016
042011051092590014840000019700002
042011051092590015930002679600309
042011051094390011320000032600003
042011051099990038270000085100006
042011051100690001740000030400003
042011051109990013170000176600007
042011051109990023040000044200002
042011051111590034500000074100001
042011051112790010130003149400085
042011051113690001010000022500001
042011051113690024160000078500001
042011051119990011400000221300005
042011051119990022740000061100005
042011051122890018660000046300004
042011051122890038810000407700009
042011051129990022520000032800004
042011051139990031740005049500238
042011051142090027910000023000004
042011051142090030760003333000026
042011051144890000020000037300003
042011051144899999990001033000002
042011051149990018570000095800005
042011051149990019070000016000007
042011051153090001330000017400002
042011051153090023390000056100000
042011051153090030760036769800440
042011051153090037480000100800002
042011051159990034380000042600000
042011051170390039300000130000003
042011051171290026060000028700003
042011051174690011810000094300002
042011051174690035490000137700003
042011051174690038620000328600005
042011051189990012380000440700004
042011051195290030760001685200015
042011051010490018740000011500003
042011051011190017180001376300004
042011051011190022350000113900002
042011051012999999990001251200000
042011051019990025210048804601104
042011051022290014460000099600000
042011051024490017070000017000004
042011051025090014480000005300001
042011051025090031860014503100745
042011051029990014480000005300001
042011051039990010100000076100007
042011051039990031180000010600001
042011051039999999990000272100000
042011051040790000030000156500004
042011051049990000030000156500004
042011051049990018230000036100004
042011051053590008430000259700007
042011051053890007290000363900000
042011051053890011400000038700000
042011051059990037740000035900003
042011051059990037800000673800002
042011051071390001830000020600004
042011051071990038770000008800001
042011051079990001370000008300005
042011051080590018770000016400005
042011051080990005700000014400004
042011051083490031860003382000282
042011051084090008480000004400001
042011051084790028760000075600000
042011051084990035200000026200004
042011051089990005680000049500004
042011051090890010460000029200004
042011051090890025770000073500005
042011051090890030760029460400290
042011051091790013950010559900930
042011051100690002380000043700003
042011051100690029870000010100000
042011051101090022410000020400001
042011051111590011340000067100002
042011051119990005990000319100005
042011051119990011600000090500002
042011051119990019380000049600004
042011051119990037440000125500003
042011051122890012000000131000003
042011051122899999990013310400128
042011051129990031860072520500546
042011051140190027960000017400000
042011051149990005680000011300006
042011051162690018920000004700003
042011051171290033080000104800001
042011051010490001500000006200001
042011051010490011400000002800000
042011051011190011400000034300000
042011051011190032050014874600258
042011051012390027580000055800002
042011051012390028950000043900000
042011051014190031790000149700003
042011051019990022960000077000004
042011051024490014240000001100000
042011051053590013310000132900004
042011051053590030760014768800176
042011051059990011520000050200003
042011051059990031860020181900386
042011051070290030380000045300003
042011051074590004300000096700003
042011051080990023610000146600015
042011051083790001850000014000002
042011051083790018520000022400003
042011051084090002110000016300003
042011051084790037040000049400007
042011051089990003490000010200005
042011051090890023870020855300288
042011051090890039210000089100004
042011051091790017040000470000028
042011051091790019030000024900002
042011051092590000550000019700001
042011051092590037800000008100000
042011051094390013950010876600782
042011051094390036590000087000003
042011051099990007390000126100005
042011051099990036000000133600005
042011051100690012740000007600001
042011051101090014570000003200001
042011051109990008460000010300003
042011051109990034140000056200004
042011051111590006910000838600011
042011051111590027590000098600002
042011051113290030760010199500544
042011051113290035870000019600000
042011051113690023210000124700001
042011051113690036920000073700001
042011051122890030270000080700003
042011051129990018940000136600006
042011051139990005060000059200007
042011051139990005330000012700007
042011051140190006310000011300001
042011051142090019150000021600012
042011051153090029010000055400000
042011051159990031360000060200001
042011051159990031860016022200233
042011051162690030760008349600629
042011051169990011020000010100003
042011051169990018890000006400002
042011051170390017390000127100002
042011051174690017530000140100004
042011051195290006940000005900000
042011051195290031860000268300002
042011051010490001150000016500001
042011051010490018610000087000002
042011051011190025210007024400108
042011051011190028950000033100000
042011051012390017050000069400002
042011051014190028760000139800000
042011051025090006660000022100000
042011051025090028920000046500000
042011051029990028950000038400000
042011051029990034990000002900001
042011051033390004310000599000006
042011051033390013750000113000000
042011051033390014240000065200000
042011051059990001130000123100003
042011051063990008000000080900001
042011051063990017250000097900000
042011051071390004380000041300003
042011051071390026890000061000000
042011051079990036250000183600010
042011051080990005590000004600003
042011051080990005600000029400004
042011051082490005050000022300002
042011051082490005220000007700001
042011051083790014240000001100000
042011051084090004620000021100004
042011051084790024970002424500035
042011051084790031860008658400414
042011051090890035570002258300020
042011051090890036000000133600005
042011051092590020330000021700007
042011051094390028760000029500000
042011051100690006940000012900000
042011051100690016980000011200000
042011051100690023040000044200002
042011051101090018550000018000002
042011051109990025540004094400149
042011051111590011610000053900001
042011051111590014030000061000001
042011051112790019380000049600004
042011051113690019370000025100001
042011051119990007560000130000008
042011051129990005920000225000006
042011051133190016800000104300009
042011051139990008240000014000007
042011051140190016920000535600000
042011051142090026320000008600004
042011051144890002410000011600002
042011051144890026170000069600005
042011051144890039400000021900002
042011051149990019110000022900007
042011051149990039380000045000005
042011051169990018490000008300001
042011051171290014240000026800000
042011051171290018780000065200003
042011051174690002420000006900003
042011051174690017400000052400005
042011051174690018210000141400002
042011051174690022690000078100002
042011051195290037800000066900000
042011051011190011820000091500000
042011051012190029880000001700000
042011051012390003920000126700002
042011051019990035150000390000007
042011051022290003500000001500000
042011051025090002090000002900000
042011051025090017070000207600009
042011051029990026890000150500000
042011051033390022980000051500006
042011051039990008320000446700000
042011051069990027330000040200001
042011051069990030760015242300478
042011051070290002050000005500003
042011051070290006720000011400001
042011051071390036250000183600010
042011051079990001190000081400003
042011051079990006040000036100003
042011051080590030010000020200004
042011051082490003540000003400001
042011051082490037800000392700002
042011051084090006320000018000001
042011051084790011820000102600000
042011051089990028810000500700010
042011051092590014660000018500000
042011051092590033280000060200001
042011051094390000670000031500001
042011051094390014780000061700001
042011051099990010510006220600101
042011051099990036050000191900006
042011051100690034390000078300000
042011051101090004230000004000000
042011051109990022970000030200004
042011051111590001410000031000002
042011051113290004260000021800001
042011051113290016990000000300000
042011051122890018540000115700006
042011051129990031110000229100003
042011051139990026270000015800007
042011051140190004890000016400005
042011051149990039790027614100954
042011051159990027260000094400001
042011051159990028770000067400000
042011051169990001430000001600000
042011051170390018760000102800002
042011051010490002220000008100003
042011051010490026680000110000000
042011051010490027140000023100001
042011051010490031440000015700002
042011051011190025670000062000000
042011051011190028310005258600071
042011051011890006860000030900001
042011051012390032050015779000538
042011051012390038640000054700002
042011051014190017320000090900000
042011051029990010780000004300002
042011051033390031180000010600001
042011051039990010740000132100006
042011051039990037920000186000004
042011051049990011250000104700003
042011051059990010160000572700009
042011051069990011910000009300003
042011051080590016990000000700000
042011051083790005680000027000003
042011051084290037800000015400000
042011051084790011190000024000000
042011051094390015270000052300000
042011051100690010790000005300003
042011051101090005120000017400001
042011051111590024220000112500001
042011051119990030760071019201998
042011051122890005080000006400005
042011051133190008660000125500005
042011051139990026410000041500006
042011051140190027950000089800001
042011051144890039790012477100407
042011051149990031660017722400235
042011051169990003040000004200001
042011051170390009900004210100087
042011051170390016570004464200048
042011051179990018300000071800005
042011051999990011580005314900185
