102011051010490025210001813200001
102011051010490030760014865500018
102011051010490032050009070900008
102011051011190017180001376300001
102011051011190025210007024400001
102011051011190028310005258600001
102011051011190030760021120800016
102011051011190032050014874600012
102011051011490025210007529900003
102011051011490030760016402900014
102011051011490032050012229300008
102011051011490036900002480500002
102011051011890025210004895800002
102011051011890030760019478600014
102011051011890032050016954900011
102011051012190025210002626800001
102011051012190030760009735500013
102011051012190032050009898200013
102011051012390030760014626100012
102011051012390032050015779000015
102011051012990025210008346500003
102011051012990030760030884100018
102011051012990032050018466400010
102011051014190025210012946100004
102011051014190028310006925600001
102011051014190030760033303500010
102011051014190032050035154500016
102011051022290028780001935200003
102011051022290030760004023300009
102011051022290031860004456700013
102011051024490024530000523900001
102011051024490028780001605100005
102011051024490030760002813600010
102011051024490031860002431500009
102011051025090011580004199200001
102011051025090024530002944300001
102011051025090028780004219000002
102011051025090030760018281900012
102011051025090031860014503100011
102011051070290030760010638000014
102011051070290031860008671500011
102011051071390030760013734400013
102011051071390031860011917900014
102011051071690030760006173200014
102011051071690031860005896400011
102011051071990024530000843200001
102011051071990030760006099100013
102011051071990031860004664600011
102011051074590030760018043700014
102011051074590031860015457600013
102011051080590024970000555400001
102011051080590030760005603500016
102011051080590031860002567500007
102011051080590037800000637300001
102011051080990030760009212900017
102011051080990031860005294100007
102011051080990037800001132700001
102011051082490030760012052200015
102011051082490031860009225600009
102011051082490037110001807700001
102011051083490024970000545800001
102011051083490030760005179700016
102011051083490031860003382000008
102011051083790030760010724400016
102011051083790031860006296700009
102011051084090030760004489600015
102011051084090031860003206000010
102011051084290030760002260700014
102011051084290031860001859300010
102011051084290033790000214400001
102011051084790024970002424500001
102011051084790030760014166100017
102011051084790031860008658400009
102011051084990002130000623300001
102011051084990024970000796700001
102011051084990030760005899600015
102011051084990031860003500600008
102011051090890013950049881700020
102011051090890015930015143500002
102011051090890023870020855300004
102011051090890030760029460400006
102011051090890032790053547100019
102011051091790013950010559900015
102011051091790015930004210900005
102011051091790032790005611100007
102011051092590013840000232500001
102011051092590013950006536900013
102011051092590015930002679600002
102011051092590030760001525300002
102011051092590032790004983300007
102011051094390013950010876600014
102011051094390015930003736500002
102011051094390030760003704700002
102011051094390032790008006100009
102011051100690030760017520500011
102011051100690031860017127000016
102011051101090030760012021700014
102011051101090031860009599800011
102011051111590010130010296200005
102011051111590029440015192600009
102011051111590030760026265100017
102011051112790010130003149400002
102011051112790029440007052900011
102011051112790030760010519100012
102011051113290010130002939600002
102011051113290029440005867100008
102011051113290030760010199500015
102011051113690010130009761400004
102011051113690029440013026300006
102011051113690030760024035500017
102011051170390030760039595500020
102011051170390031860024281300011
102011051171290009900001026500001
102011051171290030760013942100018
102011051171290031860008700500008
102011051174690009900012846600001
102011051174690016570008265400001
102011051174690030760063575000019
102011051174690031860037337900010
