032015121010490490040008895100001
032015121010490490050008377900000
032015121010490490060008078700000
032015121010490490160003737000000
032015121010490490170003182100000
032015121010490490180003123900000
032015121010490490010011439400001
032015121010490490020010871100001
032015121010490490030010847400001
032015121010490490270000087500000
032015121010490490100000286500000
032015121010490490110000196100000
032015121010490490120000187100000
032015121010490490130000061800000
032015121010490490210000546900000
032015121010490490220000296200000
032015121010490490230000285300000
032015121010490490240000109100000
032015121010490490250000072900000
032015121010490490260000060700000
032015121010490490140003719700000
032015121010490490150003185300000
032015121010490490190000160600000
032015121010490490070001554400000
032015121010490490080001070100000
032015121010490490090000827900000
032015121010490490200000084300000
032015121011191190040016881500001
032015121011191190050016112200000
032015121011191190060015621500000
032015121011191190240007676900000
032015121011191190250006685500000
032015121011191190260006230700000
032015121011191190010017275800001
032015121011191190020016467500001
032015121011191190030016130900001
032015121011191190100000586100000
032015121011191190110000431400000
032015121011191190120000369300000
032015121011191190130001434300000
032015121011191190140001267900000
032015121011191190150000878800000
032015121011191190230000128100000
032015121011191190160000196100000
032015121011191190200000278400000
032015121011191190210000216700000
032015121011191190220000182500000
032015121011191190170011675200000
032015121011191190180010656800000
032015121011191190190009939400000
032015121011191190070003810800000
032015121011191190080003319600000
032015121011191190090002898600000
032015121011191190270000242200000
032015121011491490010013610900001
032015121011491490020013232800000
032015121011491490030013188700000
032015121011491490040014465700001
032015121011491490050013891500001
032015121011491490060013528400001
032015121011491490260000737800000
032015121011491490270000432700000
032015121011491490280000400800000
032015121011491490100000326000000
032015121011491490110000244900000
032015121011491490120000180700000
032015121011491490170000200500000
032015121011491490180000129200000
032015121011491490190000112900000
032015121011491490220004795100000
032015121011491490230004132300000
032015121011491490240004122400000
032015121011491490070004328100000
032015121011491490080003341000000
032015121011491490090003123200000
032015121011491490130000201000000
032015121011491490140000147500000
032015121011491490150000144500000
032015121011491490160000056400000
032015121011491490200006329600000
032015121011491490210005740100000
032015121011491490250000126700000
032015121011891890040015093200001
032015121011891890050014636800001
032015121011891890060014293300000
032015121011891890010014810300001
032015121011891890020014448100000
032015121011891890030014462000001
032015121011891890170006007900000
032015121011891890180005611100000
032015121011891890190005033900000
032015121011891890160000172600000
032015121011891890130000885800000
032015121011891890140000561000000
032015121011891890150000554200000
032015121011891890100000438500000
032015121011891890110000348400000
032015121011891890120000256100000
032015121011891890250007352700000
032015121011891890260006947000000
032015121011891890270006321300000
032015121011891890280000309400000
032015121011891890200000184100000
032015121011891890210000084900000
032015121011891890220000057600000
032015121011891890230000024900000
032015121011891890240000064700000
032015121011891890070002764700000
032015121011891890080002207600000
032015121011891890090002032900000
032015121012192190040009133100001
032015121012192190050008761800001
032015121012192190060008588300001
032015121012192190130000436600000
032015121012192190140000373700000
032015121012192190150000278400000
032015121012192190210002539500000
032015121012192190220002289800000
032015121012192190230002091800000
032015121012192190270000053500000
032015121012192190070001250700000
032015121012192190080000969300000
032015121012192190090000880500000
032015121012192190010007138800001
032015121012192190020006835100000
032015121012192190030006734100000
032015121012192190240003417100000
032015121012192190250003067000000
032015121012192190260002953400000
032015121012192190160000041300000
032015121012192190200000086400000
032015121012192190100000187700000
032015121012192190110000123600000
032015121012192190120000092000000
032015121012192190170000158400000
032015121012192190180000069900000
032015121012192190190000063600000
032015121012392390040014528700001
032015121012392390050014035900001
032015121012392390060013762700001
032015121012392390220000521100000
032015121012392390230000375100000
032015121012392390240000305700000
032015121012392390300003438000000
032015121012392390310003029300000
032015121012392390320002865300000
032015121012392390010011549100001
032015121012392390020011392400000
032015121012392390030011205400000
032015121012392390100000216200000
032015121012392390110000147700000
032015121012392390120000132100000
032015121012392390130000036600000
032015121012392390140000024100000
032015121012392390150000019600000
032015121012392390190000179600000
032015121012392390200000134400000
032015121012392390070001667300000
032015121012392390080001427500000
032015121012392390090001336700000
032015121012392390210000183600000
032015121012392390260004302500000
032015121012392390270004017100000
032015121012392390280003726400000
032015121012392390250000097700000
032015121012392390160000137400000
032015121012392390170000098100000
032015121012392390180000089300000
032015121012392390290000081400000
032015121012992990130001860300000
032015121012992990140001158700000
032015121012992990150001022100000
032015121012992990040020194800001
032015121012992990050018977100000
032015121012992990060018593900000
032015121012992990010021784600001
032015121012992990020020784800001
032015121012992990030020376600001
032015121012992990290010708600000
032015121012992990300009460300000
032015121012992990310008897400000
032015121012992990100000761100000
032015121012992990110000467600000
032015121012992990120000465300000
032015121012992990160000222800000
032015121012992990170000129400000
032015121012992990180000107100000
032015121012992990070005171600000
032015121012992990080004457600000
032015121012992990090003978300000
032015121012992990320000121400000
032015121012992990220012354800000
032015121012992990230011130700000
032015121012992990240010645200000
032015121012992990190000284800000
032015121012992990200000146200000
032015121012992990210000181000000
032015121012992990250000358600000
032015121012992990260000245500000
032015121012992990270000214400000
032015121012992990280000157300000
032015121014194190010035098300001
032015121014194190020033656000001
032015121014194190030032632000001
032015121014194190040026494700001
032015121014194190050025584600000
032015121014194190060024803600000
032015121014194190260011567100000
032015121014194190270010349500000
032015121014194190280009359400000
032015121014194190230001962800000
032015121014194190240001267400000
032015121014194190250001185900000
032015121014194190210000685400000
032015121014194190220000119900000
032015121014194190180019311000000
032015121014194190190017269800000
032015121014194190200016417100000
032015121014194190100001046000000
032015121014194190110000735600000
032015121014194190120000576100000
032015121014194190070006516900000
032015121014194190080005272300000
032015121014194190090004724700000
032015121014194190160000204800000
032015121014194190170000309300000
032015121014194190130000239400000
032015121014194190140000163500000
032015121014194190150000132200000
032015121022292290250000181000000
032015121022292290260000162600000
032015121022292290270000148300000
032015121022292290210001550800000
032015121022292290220001378800000
032015121022292290230001317100000
032015121022292290160000055800000
032015121022292290040003000900001
032015121022292290050002856700000
032015121022292290060002760700000
032015121022292290130000218200000
032015121022292290140000112500000
032015121022292290150000100100000
032015121022292290070000754400000
032015121022292290080000602100000
032015121022292290090000526100000
032015121022292290100000138400000
032015121022292290110000075400000
032015121022292290120000067600000
032015121022292290010003842400001
032015121022292290020003699800001
032015121022292290030003646400001
032015121022292290200000076600000
032015121022292290170001878900000
032015121022292290180001648100000
032015121022292290190001541600000
032015121022292290240000027200000
032015121024494490010002702800001
032015121024494490020002680700001
032015121024494490030002636200001
032015121024494490040001940300001
032015121024494490050001871300000
032015121024494490060001825500000
032015121024494490240000921700000
032015121024494490250000827200000
032015121024494490260000796300000
032015121024494490220000028400000
032015121024494490160000091000000
032015121024494490170000055900000
032015121024494490180000051900000
032015121024494490070000471900000
032015121024494490080000365800000
032015121024494490090000325500000
032015121024494490100000066300000
032015121024494490110000044300000
032015121024494490120000036700000
032015121024494490130000109900000
032015121024494490140000093800000
032015121024494490150000089500000
032015121024494490230000034800000
032015121024494490190001039300000
032015121024494490200000957100000
032015121024494490210000873800000
032015121025095090040011447800001
032015121025095090050010897100000
032015121025095090060010578500000
032015121025095090010015828800001
032015121025095090020015142800001
032015121025095090030015051100001
032015121025095090260007447500000
032015121025095090270006747600000
032015121025095090280006138600000
032015121025095090130000981100000
032015121025095090140000838500000
032015121025095090150000805700000
032015121025095090100000639800000
032015121025095090110000407200000
032015121025095090120000400500000
032015121025095090160000812900000
032015121025095090170000510600000
032015121025095090180000485300000
032015121025095090070003898200000
032015121025095090080003156900000
032015121025095090090002781300000
032015121025095090290000390700000
032015121025095090230009249900000
032015121025095090240008547700000
032015121025095090250007900600000
032015121025095090190000137800000
032015121025095090200000100600000
032015121025095090210000068900000
032015121025095090220000074900000
032015121025095090300000218100000
032015121025095090310000162100000
032015121025095090320000089300000
032015121025095090330000118300000
032015121033393390040014035800001
032015121033393390050013665200000
032015121033393390060013432700000
032015121033393390260006622000000
032015121033393390270005997500000
032015121033393390280005537100000
032015121033393390070005052700000
032015121033393390080004302000000
032015121033393390090004115000000
032015121033393390010017415600001
032015121033393390020017333100001
032015121033393390030017278000001
032015121033393390100000628200000
032015121033393390110000469800000
032015121033393390120000385900000
032015121033393390160000908300000
032015121033393390170000639700000
032015121033393390180000543800000
032015121033393390130000696100000
032015121033393390140000606800000
032015121033393390150000579900000
032015121033393390220000109400000
032015121033393390190000205100000
032015121033393390200000130300000
032015121033393390210000129700000
032015121033393390320000404900000
032015121033393390330000278800000
032015121033393390290012402200000
032015121033393390300011501600000
032015121033393390310011059000000
032015121033393390230000239800000
032015121033393390240000112300000
032015121033393390250000119500000
032015121040710710200004508800000
032015121040710710210004116900000
032015121040710710030006783600000
032015121040710710040006354700000
032015121040710710010010836800001
032015121040710710020010455800001
032015121040710710090000202600000
032015121040710710100000168300000
032015121040710710110000725400000
032015121040710710120000440800000
032015121040710710180001544300000
032015121040710710190001328300000
032015121040710710150000148600000
032015121040710710070000726700000
032015121040710710080000724500000
032015121040710710130000078300000
032015121040710710140000065900000
032015121040710710050003310300000
032015121040710710060002742400000
032015121040710710160007742000001
032015121040710710170006781800000
032015121040720720070000516000000
032015121040720720020000733900000
032015121040720720010001176100001
032015121040720720040000024200000
032015121040720720080000072500000
032015121040720720060000069600000
032015121040720720030000412900000
032015121040720720050000965700000
032015121040730730070000744800000
032015121040730730020001198900000
032015121040730730010001649900001
032015121040730730040000026500000
032015121040730730080000121200000
032015121040730730050000113500000
032015121040730730030000210000000
032015121040730730060000012700000
032015121040730730090001293400000
032015121053513510130000190600000
032015121053513510140000144700000
032015121053513510060001487400000
032015121053513510070001258600000
032015121053513510030008044600000
032015121053513510040008115000000
032015121053513510050001034700000
032015121053513510150000086900000
032015121053513510160000061100000
032015121053513510190000671700000
032015121053513510200000615100000
032015121053513510170000018000000
032015121053513510180000014600000
032015121053513510210010206800001
032015121053513510220009415200000
032015121053513510270000066400000
032015121053513510280000046200000
032015121053513510290000009400000
032015121053513510250000333700000
032015121053513510260000254800000
032015121053513510010011834700001
032015121053513510020011554600001
032015121053513510300000140900000
032015121053513510310000084800000
032015121053513510230004055400000
032015121053513510240003591400000
032015121053513510080001181500000
032015121053513510090000958100000
032015121053513510120000084000000
032015121053513510100000258800000
032015121053513510110000195700000
032015121053523520030000925300000
032015121053523520020001064400000
032015121053523520060000006500000
032015121053523520100001097300001
032015121053523520010000988800000
032015121053523520070000096400000
032015121053523520050000015700000
032015121053523520090000013400000
032015121053523520080000448900000
032015121053523520040000127400000
032015121053533530070000009900000
032015121053533530020000524900000
032015121053533530030000695300000
032015121053533530080000044800000
032015121053533530060000004700000
032015121053533530110000789700000
032015121053533530100000006400000
032015121053533530010000844500001
032015121053533530120000009900000
032015121053533530090000289800000
032015121053533530040000087700000
032015121053533530050000015000000
032015121053843840050005572600000
032015121053843840060005068400000
032015121053843840030008442600001
032015121053843840040007994100000
032015121053843840150003595000000
032015121053843840160003184900000
032015121053843840130000073900000
032015121053843840140000063900000
032015121053843840110000976900000
032015121053843840120000632800000
032015121053843840170000181400000
032015121053843840180000107100000
032015121053843840190007824100000
032015121053843840200007406300000
032015121053843840010011369000001
032015121053843840020010891300001
032015121053843840090000240500000
032015121053843840100000187400000
032015121053843840070001430400000
032015121053843840080001064200000
032015121053843840230000131300000
032015121053843840240000117700000
032015121053843840250000079300000
032015121053843840260000061900000
032015121053843840210000122600000
032015121053843840220000094800000
032015121053853850030000548800000
032015121053853850020000991000000
032015121053853850060000263700000
032015121053853850070000007300000
032015121053853850080000060200000
032015121053853850090000470300000
032015121053853850010001360100001
032015121053853850050000013500000
032015121053853850100000011800000
032015121053853850040000134600000
032015121053863860030000064300000
032015121053863860010000206800000
032015121053863860060000443500001
032015121053863860070000029700000
032015121053863860080000000800000
032015121053863860090000010900000
032015121053863860020000154200000
032015121053863860050000001300000
032015121053863860110000088100000
032015121053863860100000002700000
032015121053863860040000020700000
032015121053873870070000023000000
032015121053873870020000110700000
032015121053873870080000004300000
032015121053873870010000213300001
032015121053873870090000045500000
032015121053873870030000101900000
032015121053873870050000000800000
032015121053873870060000000700000
032015121053873870100000001200000
032015121053873870040000015300000
032015121063993990010012530300001
032015121063993990020012272100001
032015121063993990030012143500001
032015121063993990040007670200001
032015121063993990050007265500000
032015121063993990060007088400000
032015121063993990070000105000000
032015121063993990080000061500000
032015121063993990090004386400000
032015121063993990100003925400000
032015121063993990110003810400000
032015121063993990120000401300000
032015121063993990130000283900000
032015121063993990140000239700000
032015121063993990150000455300000
032015121063993990160000367800000
032015121063993990170000338900000
032015121063993990180000140100000
032015121063993990190000051100000
032015121063993990200005426300000
032015121063993990210005061000000
032015121063993990220004801600000
032015121063993990230000167500000
032015121063993990240001782300000
032015121063993990250001384700000
032015121063993990260001313100000
032015121070290290230002848100000
032015121070290290240002575500000
032015121070290290250002563500000
032015121070290290040006341800001
032015121070290290050006142900000
032015121070290290060005994300000
032015121070290290010008200400001
032015121070290290020008035800001
032015121070290290030007967900001
032015121070290290130000043200000
032015121070290290140000030100000
032015121070290290150000021900000
032015121070290290070000202200000
032015121070290290080000120300000
032015121070290290090000103100000
032015121070290290260000117400000
032015121070290290160000086400000
032015121070290290100000355000000
032015121070290290110000206800000
032015121070290290120000186400000
032015121070290290170001032300000
032015121070290290180000814800000
032015121070290290190000736000000
032015121070290290200002978200000
032015121070290290210002767600000
032015121070290290220002542200000
032015121071391390010010898600001
032015121071391390020010741700001
032015121071391390030010680100001
032015121071391390040009109300001
032015121071391390050008856300000
032015121071391390060008629400000
032015121071391390170003028200000
032015121071391390180002639400000
032015121071391390190002432200000
032015121071391390230000079700000
032015121071391390240000047000000
032015121071391390250000038900000
032015121071391390260000012000000
032015121071391390130000354000000
032015121071391390140000305500000
032015121071391390150000218900000
032015121071391390160000100200000
032015121071391390200003208900000
032015121071391390210003006200000
032015121071391390220002699600000
032015121071391390100000236100000
032015121071391390110000171400000
032015121071391390120000148400000
032015121071391390270000039800000
032015121071391390070001161000000
032015121071391390080000855500000
032015121071391390090000809100000
032015121071691690010004956700001
032015121071691690020004884400001
032015121071691690030004827200001
032015121071691690040003653200001
032015121071691690050003551100000
032015121071691690060003520200000
032015121071691690210000027300000
032015121071691690130000127800000
032015121071691690140000078800000
032015121071691690150000075900000
032015121071691690160000045500000
032015121071691690170000021300000
032015121071691690070000431300000
032015121071691690080000343800000
032015121071691690090000299600000
032015121071691690250001272800000
032015121071691690260001172300000
032015121071691690270001102100000
032015121071691690100000082200000
032015121071691690110000058600000
032015121071691690120000048000000
032015121071691690180001052700000
032015121071691690190000954900000
032015121071691690200000905500000
032015121071691690220000050500000
032015121071691690230000041000000
032015121071691690240000037400000
032015121071991990230001972200000
032015121071991990240001773500000
032015121071991990250001770900000
032015121071991990040003032500001
032015121071991990050002859700000
032015121071991990060002844700000
032015121071991990130000225500000
032015121071991990140000155200000
032015121071991990150000152700000
032015121071991990010004629200001
032015121071991990020004568500001
032015121071991990030004473200001
032015121071991990160002248800000
032015121071991990170001992200000
032015121071991990180001890100000
032015121071991990070000152600000
032015121071991990080000117300000
032015121071991990090000099600000
032015121071991990100000700000000
032015121071991990110000517900000
032015121071991990120000464300000
032015121071991990260000021500000
032015121071991990220000077600000
032015121071991990190000118400000
032015121071991990200000084500000
032015121071991990210000079100000
032015121074594590010014581100001
032015121074594590020014229700001
032015121074594590030014123700001
032015121074594590040004359500000
032015121074594590050003965100000
032015121074594590060003921400000
032015121074594590070010415000001
032015121074594590080010160800000
032015121074594590090010002500000
032015121074594590100000584900000
032015121074594590110000400700000
032015121074594590120000386000000
032015121074594590130001556200000
032015121074594590140001205300000
032015121074594590150001107100000
032015121074594590160000294400000
032015121074594590170000207100000
032015121074594590180000173300000
032015121074594590190000249400000
032015121074594590200000188100000
032015121074594590210000181200000
032015121074594590220004799500000
032015121074594590230004306000000
032015121074594590240004136700000
032015121074594590250000083800000
032015121074594590260000137100000
032015121080590590040001956700001
032015121080590590050001849300000
032015121080590590060001813600000
032015121080590590130000139200000
032015121080590590010004338000001
032015121080590590020004383500001
032015121080590590030004298500001
032015121080590590180001368200000
032015121080590590190001243600000
032015121080590590200001153600000
032015121080590590170000043700000
032015121080590590070000455700000
032015121080590590080000390300000
032015121080590590090000348500000
032015121080590590100000161400000
032015121080590590110000115800000
032015121080590590120000093700000
032015121080590590240000069500000
032015121080590590250000038000000
032015121080590590260000031900000
032015121080590590270000008600000
032015121080590590140000050300000
032015121080590590150000038400000
032015121080590590160000035600000
032015121080590590210001086600000
032015121080590590220000989100000
032015121080590590230000904700000
032015121080990990150000069800000
032015121080990990160000045700000
032015121080990990170000041700000
032015121080990990010007817100001
032015121080990990020007601100001
032015121080990990030007513400001
032015121080990990240002878000000
032015121080990990250002511300000
032015121080990990260002416400000
032015121080990990040004430500001
032015121080990990050004164800000
032015121080990990060003950500000
032015121080990990270000180600000
032015121080990990210003380300000
032015121080990990220003097800000
032015121080990990230002788700000
032015121080990990190000119100000
032015121080990990100000335400000
032015121080990990110000238000000
032015121080990990120000191800000
032015121080990990280000082500000
032015121080990990180000109000000
032015121080990990070001138100000
032015121080990990080000917100000
032015121080990990090000758300000
032015121080990990130000342400000
032015121080990990140000191000000
032015121080990990200000122500000
032015121082492490010009885400001
032015121082492490020009684700001
032015121082492490030009580400001
032015121082492490190000107700000
032015121082492490230003146200000
032015121082492490240002740000000
032015121082492490250002713600000
032015121082492490160000427400000
032015121082492490170000250100000
032015121082492490180000230600000
032015121082492490040007222400001
032015121082492490050006914500000
032015121082492490060006754600000
032015121082492490100000290100000
032015121082492490110000192800000
032015121082492490120000181200000
032015121082492490260000106200000
032015121082492490270000050700000
032015121082492490280000039700000
032015121082492490130000301500000
032015121082492490140000197400000
032015121082492490150000176200000
032015121082492490200004679200000
032015121082492490210004240600000
032015121082492490220004039100000
032015121082492490320000052500000
032015121082492490330000032100000
032015121082492490340000102000000
032015121082492490350000060400000
032015121082492490070001546100000
032015121082492490080001163400000
032015121082492490090001058800000
032015121082492490290000148500000
032015121082492490300000093800000
032015121082492490310000085900000
032015121083493490040002533600001
032015121083493490050002404300000
032015121083493490060002328500000
032015121083493490170001253300000
032015121083493490180001098400000
032015121083493490190001079000000
032015121083493490010003973600001
032015121083493490020003923200001
032015121083493490030003894300001
032015121083493490150000019200000
032015121083493490140000052600000
032015121083493490230000050300000
032015121083493490070000520900000
032015121083493490080000397100000
032015121083493490090000363100000
032015121083493490160000078300000
032015121083493490200001269600000
032015121083493490210001125200000
032015121083493490220001067000000
032015121083493490130000153100000
032015121083493490100000117800000
032015121083493490110000081700000
032015121083493490120000077600000
032015121083793790040004526500001
032015121083793790050004222800000
032015121083793790060004172400000
032015121083793790130000243400000
032015121083793790140000147600000
032015121083793790150000139600000
032015121083793790160002614200000
032015121083793790170002477800000
032015121083793790180002280500000
032015121083793790070000225200000
032015121083793790080000148700000
032015121083793790090000149900000
032015121083793790190000143900000
032015121083793790200000094600000
032015121083793790210000092100000
032015121083793790010008467400001
032015121083793790020008290100001
032015121083793790030008235100001
032015121083793790220000064400000
032015121083793790230000040300000
032015121083793790240000037400000
032015121083793790100000843600000
032015121083793790110000593000000
032015121083793790120000519600000
032015121083793790250000075200000
032015121083793790260002298800000
032015121083793790270001989200000
032015121083793790280001992600000
032015121083793790290000037600000
032015121084094090170001264500000
032015121084094090180001119600000
032015121084094090190001018800000
032015121084094090040002030300001
032015121084094090050001858800000
032015121084094090060001794200000
032015121084094090010003486600001
032015121084094090020003406100001
032015121084094090030003369900001
032015121084094090160000053600000
032015121084094090070000188600000
032015121084094090080000137000000
032015121084094090090000106900000
032015121084094090200000062000000
032015121084094090210001223500000
032015121084094090220001029400000
032015121084094090230000937000000
032015121084094090100000448300000
032015121084094090110000345100000
032015121084094090120000280400000
032015121084094090130000125800000
032015121084094090140000075500000
032015121084094090150000071500000
032015121084294290010001807200001
032015121084294290020001835300001
032015121084294290030001769100001
032015121084294290040001229600001
032015121084294290050001221100000
032015121084294290060001105300000
032015121084294290150000706400000
032015121084294290160000632900000
032015121084294290170000559500000
032015121084294290130000058700000
032015121084294290070000222600000
032015121084294290080000144400000
032015121084294290090000129100000
032015121084294290210000031900000
032015121084294290180000779500000
032015121084294290190000666500000
032015121084294290200000604700000
032015121084294290100000056100000
032015121084294290110000032900000
032015121084294290120000032400000
032015121084294290140000024300000
032015121084794790130000404600000
032015121084794790140000257200000
032015121084794790150000232500000
032015121084794790230000044800000
032015121084794790240000046400000
032015121084794790010011662700001
032015121084794790020011458300001
032015121084794790030011255400001
032015121084794790250004446900000
032015121084794790260003939200000
032015121084794790270003922700000
032015121084794790160000088700000
032015121084794790170000063200000
032015121084794790040007112100001
032015121084794790050006735600000
032015121084794790060006557700000
032015121084794790310000118900000
032015121084794790070001862900000
032015121084794790080001585400000
032015121084794790090001452500000
032015121084794790280004750900000
032015121084794790290004384500000
032015121084794790300004001600000
032015121084794790220000183300000
032015121084794790190000048600000
032015121084794790200000032900000
032015121084794790210000030800000
032015121084794790180000085500000
032015121084794790100000480200000
032015121084794790110000317000000
032015121084794790120000268400000
032015121084794790320000211000000
032015121084794790330000143600000
032015121084794790340000135900000
032015121084994990040002648600001
032015121084994990050002433500000
032015121084994990060002357200000
032015121084994990200001180500000
032015121084994990210001099500000
032015121084994990220000962600000
032015121084994990010004457900001
032015121084994990020004501100001
032015121084994990030004396000001
032015121084994990230000106400000
032015121084994990240000079500000
032015121084994990160000078100000
032015121084994990170000049700000
032015121084994990180000045500000
032015121084994990130001450500000
032015121084994990140001244400000
032015121084994990150001151200000
032015121084994990070000720800000
032015121084994990080000502900000
032015121084994990090000439400000
032015121084994990190000042000000
032015121084994990100000134400000
032015121084994990110000071900000
032015121084994990120000072200000
032015121090890890100004726400000
032015121090890890110003629900000
032015121090890890120003203400000
032015121090890890190007846700000
032015121090890890200004832700000
032015121090890890210004023500000
032015121090890890160054168700001
032015121090890890170044055500000
032015121090890890180037269800000
032015121090890890130030483100000
032015121090890890140029132000000
032015121090890890150028692400000
032015121090890890250028837100000
032015121090890890260025166500000
032015121090890890270025143500000
032015121090890890010044493100000
032015121090890890020041177900000
032015121090890890030039822400000
032015121090890890280001694500000
032015121090890890290000842200000
032015121090890890300000879800000
032015121090890890070039416100000
032015121090890890080032635500000
032015121090890890090027680100000
032015121090890890220001048500000
032015121090890890230000679200000
032015121090890890240000734700000
032015121090890890040061313500001
032015121090890890050055998000001
032015121090890890060050795000001
032015121090890890310002293100000
032015121090890890320001034400000
032015121090890890330000877000000
032015121091791790100000532200000
032015121091791790110000413900000
032015121091791790120000357200000
032015121091791790040003939100000
032015121091791790050003588600000
032015121091791790060003520500000
032015121091791790070002673900000
032015121091791790080002566700000
032015121091791790090002523900000
032015121091791790230002390000000
032015121091791790240002168100000
032015121091791790250002122800000
032015121091791790270000615200000
032015121091791790280000497800000
032015121091791790290000370600000
032015121091791790190000088600000
032015121091791790200000052500000
032015121091791790210000045400000
032015121091791790010008564600001
032015121091791790020007756200001
032015121091791790030007156500000
032015121091791790130008281400001
032015121091791790140007203100001
032015121091791790150006676000000
032015121091791790220000202400000
032015121091791790160004301800000
032015121091791790170003901900000
032015121091791790180003602400000
032015121091791790260000149900000
032015121092592590070002353300000
032015121092592590080002183700000
032015121092592590090002091800000
032015121092592590040000460200000
032015121092592590050000367900000
032015121092592590060000326600000
032015121092592590160004637000001
032015121092592590170004139100000
032015121092592590180003774200000
032015121092592590190000338100000
032015121092592590200000202200000
032015121092592590210000187500000
032015121092592590130002068300000
032015121092592590140001996600000
032015121092592590150001982900000
032015121092592590220000053800000
032015121092592590230000035300000
032015121092592590240000028700000
032015121092592590290001425200000
032015121092592590300001266100000
032015121092592590310001290700000
032015121092592590010004914000001
032015121092592590020004543500001
032015121092592590030004259200001
032015121092592590270000099000000
032015121092592590100002203200000
032015121092592590110002199900000
032015121092592590120002028300000
032015121092592590250000069100000
032015121092592590260000039900000
032015121092592590280000043800000
032015121094394390040000587400000
032015121094394390050000431000000
032015121094394390060000434100000
032015121094394390320003803000000
032015121094394390330003400300000
032015121094394390340003484700000
032015121094394390070005477800000
032015121094394390080005143600000
032015121094394390090005287100000
032015121094394390130004240200000
032015121094394390140004075200000
032015121094394390150004050100000
032015121094394390220000861700000
032015121094394390230000522600000
032015121094394390240000464500000
032015121094394390250000106700000
032015121094394390260000062700000
032015121094394390270000064900000
032015121094394390280000142900000
032015121094394390290000072500000
032015121094394390300000062700000
032015121094394390190000202900000
032015121094394390200000156400000
032015121094394390210000146200000
032015121094394390160006892200001
032015121094394390170006001100001
032015121094394390180005663200000
032015121094394390310000220300000
032015121094394390010005963900001
032015121094394390020005275100000
032015121094394390030004961200000
032015121094394390100006218100001
032015121094394390110005021500000
032015121094394390120004700000000
032015121100690690040014430200001
032015121100690690050014067000001
032015121100690690060013926900001
032015121100690690190000187600000
032015121100690690200000107300000
032015121100690690210000107600000
032015121100690690140000454400000
032015121100690690150000287400000
032015121100690690010013224600001
032015121100690690020012902900000
032015121100690690030012890200000
032015121100690690220003759100000
032015121100690690230003324900000
032015121100690690240003172600000
032015121100690690250004120500000
032015121100690690260003805400000
032015121100690690270003602300000
032015121100690690160000171100000
032015121100690690170000108000000
032015121100690690180000113500000
032015121100690690110000215300000
032015121100690690120000140600000
032015121100690690130000145600000
032015121100690690070001336700000
032015121100690690080001051100000
032015121100690690090000958600000
032015121100690690100000145100000
032015121101091090010008356500001
032015121101091090020008193000001
032015121101091090030008082200001
032015121101091090040008225800001
032015121101091090050008025400000
032015121101091090060007895100000
032015121101091090180002276900000
032015121101091090190002020500000
032015121101091090200001998600000
032015121101091090160000346900000
032015121101091090210003108600000
032015121101091090220002786100000
032015121101091090230002639100000
032015121101091090100000248400000
032015121101091090110000199800000
032015121101091090120000165700000
032015121101091090070000815100000
032015121101091090080000595100000
032015121101091090090000546900000
032015121101091090130000146300000
032015121101091090140000108200000
032015121101091090150000091400000
032015121101091090170000110300000
032015121101091090240000113000000
032015121111591590010022298400001
032015121111591590020021674200001
032015121111591590030021676000001
032015121111591590040012779100000
032015121111591590050012030100000
032015121111591590060011698900000
032015121111591590190000108100000
032015121111591590200000058500000
032015121111591590210000055200000
032015121111591590230004722200000
032015121111591590240004178500000
032015121111591590250003753400000
032015121111591590130001285000000
032015121111591590140000785500000
032015121111591590150000776200000
032015121111591590160000548300000
032015121111591590170000340600000
032015121111591590180000320200000
032015121111591590260000498300000
032015121111591590220000342000000
032015121111591590270000239000000
032015121111591590280000158900000
032015121111591590070005036000000
032015121111591590080003944300000
032015121111591590090003528800000
032015121111591590100015456500001
032015121111591590110014485500000
032015121111591590120013162000000
032015121112792790010008086700001
032015121112792790020007914200001
032015121112792790030007852100001
032015121112792790040004559200001
032015121112792790050004340900000
032015121112792790060004156700000
032015121112792790230001141400000
032015121112792790240000993000000
032015121112792790250000908500000
032015121112792790200000105700000
032015121112792790210000049900000
032015121112792790220000044300000
032015121112792790160000384700000
032015121112792790170000214500000
032015121112792790180000198600000
032015121112792790130000147300000
032015121112792790140000080000000
032015121112792790150000071100000
032015121112792790070001133500000
032015121112792790080000856700000
032015121112792790090000762400000
032015121112792790190000075900000
032015121112792790100003296500000
032015121112792790110002992700000
032015121112792790120002722100000
032015121112792790260000113900000
032015121113293290200001130300000
032015121113293290210001001700000
032015121113293290220000912700000
032015121113293290040004105300001
032015121113293290050004064400000
032015121113293290060003738400000
032015121113293290160000311600000
032015121113293290170000175600000
032015121113293290180000162100000
032015121113293290010008053800001
032015121113293290020007969700001
032015121113293290030007924700001
032015121113293290070001008700000
032015121113293290080000808900000
032015121113293290090000741800000
032015121113293290190000099300000
032015121113293290240000087500000
032015121113293290250000051400000
032015121113293290100003000300000
032015121113293290110002628300000
032015121113293290120002471300000
032015121113293290130000112500000
032015121113293290140000067500000
032015121113293290150000065200000
032015121113293290230000100900000
032015121113693690220004070100000
032015121113693690230003422800000
032015121113693690240003360500000
032015121113693690190000313800000
032015121113693690040011583900000
032015121113693690050010673800000
032015121113693690060010248300000
032015121113693690160001192700000
032015121113693690170000756400000
032015121113693690180000624600000
032015121113693690010018332300001
032015121113693690020017841300001
032015121113693690030017747100001
032015121113693690130000469000000
032015121113693690140000296700000
032015121113693690150000248700000
032015121113693690070004068300000
032015121113693690080003176500000
032015121113693690090002866600000
032015121113693690210000276100000
032015121113693690100013796300001
032015121113693690110012738400000
032015121113693690120012519700000
032015121113693690200000375500000
032015121122892890100052904200000
032015121122892890110046942600000
032015121122892890120045930300000
032015121122892890040117767800001
032015121122892890050114879800001
032015121122892890060112231100001
032015121122892890070064761100000
032015121122892890080058003600000
032015121122892890090057430300000
032015121122892890010007566000000
032015121122892890020004567700000
032015121122892890030004044900000
032015121122892890160022739900000
032015121122892890170015292000000
032015121122892890180014283500000
032015121122892890130012060900000
032015121122892890140006312800000
032015121122892890150005107900000
032015121122892890200000408000000
032015121122892890210000151500000
032015121122892890220000187000000
032015121122892890230000123000000
032015121122892890240072571900001
032015121122892890250065115500000
032015121122892890260060996100000
032015121122892890190000250100000
032015121122892890270001158200000
032015121122892890280000788800000
032015121122892890290000693300000
032015121122892890300000296900000
032015121122892890310000626300000
032015121122892890320000342000000
032015121122892890330000309500000
032015121122892890340003470200000
032015121122892890350002722200000
032015121122892890360002352900000
032015121122892890370001153600000
032015121122892890380000792400000
032015121122892890390000483400000
032015121122892890400000853700000
032015121122892890410000408000000
032015121122892890420000385000000
032015121133193190040006325300000
032015121133193190050006012000000
032015121133193190060005694200000
032015121133193190010010033300001
032015121133193190020010007500001
032015121133193190030009767200001
032015121133193190210001780000000
032015121133193190220001524400000
032015121133193190230001195200000
032015121133193190240000319000000
032015121133193190160001112600000
032015121133193190200000502100000
032015121133193190070000480300000
032015121133193190080000364300000
032015121133193190090000281900000
032015121133193190130001364800000
032015121133193190140000941700000
032015121133193190150000850500000
032015121133193190100000323500000
032015121133193190110000244300000
032015121133193190120000180700000
032015121133193190170009752100001
032015121133193190180009385800000
032015121133193190190009151000000
032015121140190190010003008900000
032015121140190190020002840900000
032015121140190190030002782600000
032015121140190190040003216700001
032015121140190190050003128100000
032015121140190190060003107600000
032015121140190190070002407700000
032015121140190190080002295500000
032015121140190190090002232300000
032015121140190190100000898900000
032015121140190190110000798300000
032015121140190190120000737500000
032015121140190190130002354300000
032015121140190190140002169700000
032015121140190190150002111200000
032015121140190190160000112400000
032015121140190190170000080900000
032015121140190190180000069600000
032015121140190190190000257000000
032015121140190190200000174400000
032015121140190190210000151500000
032015121140190190220000786000000
032015121140190190230000632600000
032015121140190190240000563800000
032015121140190190250000123800000
032015121140190190260000095800000
032015121140190190270000089700000
032015121140190190280000124700000
032015121140190190290004060000001
032015121140190190300003674700001
032015121140190190310003511600001
032015121140190190320000023100000
032015121142092090040009345400001
032015121142092090050008933900001
032015121142092090060008880700001
032015121142092090100003271800000
032015121142092090110003172000000
032015121142092090120003129400000
032015121142092090070004957100000
032015121142092090080004698300000
032015121142092090090004637200000
032015121142092090220001206900000
032015121142092090230001121900000
032015121142092090240001016900000
032015121142092090160000167400000
032015121142092090170000115200000
032015121142092090180000104800000
032015121142092090010008501400000
032015121142092090020008276600000
032015121142092090030008013600000
032015121142092090190000414500000
032015121142092090200000273600000
032015121142092090210000275100000
032015121142092090250000230700000
032015121142092090130001194100000
032015121142092090140001019500000
032015121142092090150000828900000
032015121142092090260008573400001
032015121142092090270007979600000
032015121142092090280007539400000
032015121142092090290000045800000
032015121144894890040008115600000
032015121144894890050007745200000
032015121144894890060007653600000
032015121144894890010018721400001
032015121144894890020018287800001
032015121144894890030017925100001
032015121144894890070007107800000
032015121144894890080006943800000
032015121144894890090006873500000
032015121144894890100000654000000
032015121144894890110000490400000
032015121144894890120000458800000
032015121144894890130002057200000
032015121144894890140001856800000
032015121144894890150001811800000
032015121144894890160000268600000
032015121144894890170000202800000
032015121144894890180000214100000
032015121144894890190008687200000
032015121144894890200008240200000
032015121144894890210008103300000
032015121144894890220014845400001
032015121144894890230013633500000
032015121144894890240013282100000
032015121144894890250000256600000
032015121144894890260000202700000
032015121144894890270000189800000
032015121144894890280000060500000
032015121144894890290000035100000
032015121144894890300000044300000
032015121144894890310002149800000
032015121144894890320001789000000
032015121144894890330001560000000
032015121144894890340000191400000
032015121144894890350000125100000
032015121144894890360000089400000
032015121144894890370000130900000
032015121144894890380000081700000
032015121144894890390000075400000
032015121153093090010014539300001
032015121153093090020014006800000
032015121153093090030013433000000
032015121153093090040010638300000
032015121153093090050009524100000
032015121153093090060009504800000
032015121153093090070002764300000
032015121153093090080000512700000
032015121153093090090000408800000
032015121153093090100000364000000
032015121153093090110000816700000
032015121153093090120000559500000
032015121153093090130000558400000
032015121153093090140001510300000
032015121153093090150000929600000
032015121153093090160000874100000
032015121153093090170027871500001
032015121153093090180027062700001
032015121153093090190026794900001
032015121153093090200010787200000
032015121153093090210009785300000
032015121153093090220008711300000
032015121153093090230000087500000
032015121153093090240000037100000
032015121153093090250000039600000
032015121153093090260000272500000
032015121153093090270000128800000
032015121153093090280000107000000
032015121153093090290000035900000
032015121153093090300000437400000
032015121153093090310000374300000
032015121153093090320000357200000
032015121162692690040004117800001
032015121162692690050003860600000
032015121162692690060003719800000
032015121162692690010006596300001
032015121162692690020006415000001
032015121162692690030006397200001
032015121162692690130000047900000
032015121162692690140000026100000
032015121162692690150000021300000
032015121162692690220002304400000
032015121162692690230002038400000
032015121162692690240001955800000
032015121162692690070000198900000
032015121162692690080000128800000
032015121162692690090000124200000
032015121162692690260000110400000
032015121162692690270000085700000
032015121162692690280000082300000
032015121162692690250000079400000
032015121162692690190002684500000
032015121162692690200002345200000
032015121162692690210002174500000
032015121162692690100000226100000
032015121162692690110000129800000
032015121162692690120000120600000
032015121162692690160000848200000
032015121162692690170000630600000
032015121162692690180000530000000
032015121170390390010018976600001
032015121170390390020017955600000
032015121170390390030017787000000
032015121170390390040028473700001
032015121170390390050027763900001
032015121170390390060027464800001
032015121170390390270012200800000
032015121170390390280010550800000
032015121170390390290010094500000
032015121170390390180000111400000
032015121170390390330000170000000
032015121170390390190003342300000
032015121170390390200002430900000
032015121170390390210002176000000
032015121170390390100000412300000
032015121170390390110000305000000
032015121170390390120000271100000
032015121170390390130000339400000
032015121170390390140000218900000
032015121170390390240001828300000
032015121170390390250001130100000
032015121170390390260001089400000
032015121170390390300000783400000
032015121170390390310000600200000
032015121170390390320000461500000
032015121170390390150000944000000
032015121170390390160000193100000
032015121170390390170000311600000
032015121170390390070017854000000
032015121170390390080016343200000
032015121170390390090015240700000
032015121170390390220000039000000
032015121170390390230000083200000
032015121171291290040006841800001
032015121171291290050006559300000
032015121171291290060006311500000
032015121171291290010009550700001
032015121171291290020009371500001
032015121171291290030009305900001
032015121171291290200000086300000
032015121171291290210000063800000
032015121171291290220000049100000
032015121171291290290003404100000
032015121171291290300003138300000
032015121171291290310003103500000
032015121171291290190000111900000
032015121171291290130000249000000
032015121171291290140000190100000
032015121171291290150000171900000
032015121171291290340000105300000
032015121171291290160000501200000
032015121171291290170000299100000
032015121171291290180000286600000
032015121171291290100006296100000
032015121171291290110005908900000
032015121171291290120005506200000
032015121171291290330000083900000
032015121171291290230000130100000
032015121171291290240000102600000
032015121171291290250000094600000
032015121171291290260000454900000
032015121171291290270000376400000
032015121171291290280000332500000
032015121171291290070001045100000
032015121171291290080000794200000
032015121171291290090000671700000
032015121171291290350000072300000
032015121171291290320000081500000
032015121174694690040027397600000
032015121174694690050025953000000
032015121174694690060025291000000
032015121174694690230000332400000
032015121174694690160003091300000
032015121174694690170001911000000
032015121174694690180001743000000
032015121174694690340016137500000
032015121174694690350014316100000
032015121174694690360014171900000
032015121174694690070006598400000
032015121174694690080005077000000
032015121174694690090004447800000
032015121174694690370000783500000
032015121174694690380000618500000
032015121174694690390000520700000
032015121174694690190000506900000
032015121174694690010042693200001
032015121174694690020041919700001
032015121174694690030041365600001
032015121174694690330000369400000
032015121174694690130001455700000
032015121174694690140001101100000
032015121174694690150000869800000
032015121174694690100035491000000
032015121174694690110035885000001
032015121174694690120034908100000
032015121174694690240000236400000
032015121174694690250000134600000
032015121174694690260000094100000
032015121174694690270000029700000
032015121174694690400000680800000
032015121174694690320000667900000
032015121174694690280000334900000
032015121174694690290000222600000
032015121174694690300000117800000
032015121174694690310000101100000
032015121174694690200000201700000
032015121174694690210000150600000
032015121174694690220000102500000
032015121185195190010000674700000
032015121185195190020000605400000
032015121185195190030000386800000
032015121185195190040000407900000
032015121185195190050001414800001
032015121185195190060001232200001
032015121185195190070000436200000
032015121185195190080000381000000
032015121185195190090000055000000
032015121185195190100000019700000
032015121185195190110000014100000
032015121185195190120000029000000
032015121185195190130000017200000
032015121185195190140000039600000
032015121185195190150000030900000
032015121195295290010000432600000
032015121195295290020000383300000
032015121195295290050001168200001
032015121195295290060001077600001
032015121195295290030000659100000
032015121195295290040000603300000
032015121195295290070000059000000
032015121195295290080000027100000
032015121195295290090000017400000
032015121195295290100000038400000
032015121195295290110000028700000
032015121195295290120000269800000
032015121195295290130000245500000
032015121195295290140000011700000
032015121195295290150000008800000
