032004031083793790140000039700000
032004031063993990200000121700000
032004031063993990210000087300000
032004031063993990220000077400000
032004031014194190360000101400000
032004031014194190370000052700000
032004031014194190380000066000000
032004031084294290090000010300000
032004031084294290100000008000000
032004031084294290110000006300000
032004031094394390280000030300000
032004031094394390290000016600000
032004031094394390300000011000000
032004031094394390310000002400000
032004031071991990020000054400000
032004031071991990030000041500000
032004031082492490050000064500000
032004031122892890510001079500000
032004031122892890520000842600000
032004031122892890530000765600000
032004031084094090160000044400000
032004031014194190040000287500000
032004031014194190050000182000000
032004031014194190060000176500000
032004031111591590290000140800000
032004031112792790250000049800000
032004031113293290180000090900000
032004031113693690190000135800000
032004031022292290080000910500000
032004031022292290090000768400000
032004031022292290100000735500000
032004031024494490010000459000000
032004031024494490020000395600000
032004031024494490030000359100000
032004031025095090130007051000000
032004031025095090140006117000000
032004031025095090150005910400000
032004031084794790090000298700000
032004031084794790100000226900000
032004031084794790110000210600000
032004031083493490080000019900000
032004031122892890680000125100000
032004031122892890690000051600000
032004031063993990050000228200000
032004031063993990060000169800000
032004031063993990070000154600000
032004031140190190220000008400000
032004031140190190230000004700000
032004031140190190240000004100000
032004031070290290200000006400000
032004031170390390050000014300000
032004031170390390060000011500000
032004031010490490190000007200000
032004031080590590280000002100000
032004031100690690130000037300000
032004031090890890130000298800000
032004031090890890140000131900000
032004031090890890150000098600000
032004031080990990260000007700000
032004031101091090170000120800000
032004031011191190160000019200000
032004031171291290040000020000000
032004031171291290050000014400000
032004031171291290060000013000000
032004031071391390160000068400000
032004031011491490140000006200000
032004031092592590270000015100000
032004031092592590280000011500000
032004031162692690120000039800000
032004031112792790180000042700000
032004031122892890010000185600000
032004031012992990310000060000000
032004031153093090270000087800000
032004031153093090280000047600000
032004031133193190270000069900000
032004031113293290240000033600000
032004031170390390440000681700000
032004031170390390450000347000000
032004031170390390460000299500000
032004031170390390470000060700000
032004031174694690350001584100000
032004031174694690360001046100000
032004031174694690370000913200000
032004031084794790010000335300000
032004031084794790020000238400000
032004031084794790030000225200000
032004031010490490010000859700000
032004031010490490020000778600000
032004031010490490030000697400000
032004031011191190050003679000000
032004031011191190060003167800000
032004031011191190070002953100000
032004031011491490330001821400000
032004031011491490340001607400000
032004031011491490350001550000000
032004031011891890290001464000000
032004031011891890300001309200000
032004031011891890310001234000000
032004031012192190230001434000000
032004031012192190240001217500000
032004031012192190250001164300000
032004031012392390050001500800000
032004031012392390060001333400000
032004031012392390070001275600000
032004031012992990160003251100000
032004031012992990170002747400000
032004031012992990180002646600000
032004031014194190390004048000000
032004031014194190400003606100000
032004031014194190410003409400000
032004031170390390280000482500000
032004031090890890220002313200000
032004031080990990180000101300000
032004031011191190170000377700000
032004031012192190130000089100000
032004031122892890430000877500000
032004031063993990080000203600000
032004031014194190220000412400000
032004031094394390250000193200000
032004031174694690200000478200000
032004031084794790230000188800000
032004031053513510070000079800000
032004031140190190110000143100000
032004031142092090340000174700000
032004031133193190180000166000000
032004031144894890200000217600000
032004031070290290160000016200000
032004031170390390330000035900000
032004031010490490240000026100000
032004031080590590040000008300000
032004031090890890180000691600000
032004031080990990200000032700000
032004031071391390220000019600000
032004031011491490030000016600000
032004031011891890230000034100000
032004031071991990170000019400000
032004031071991990180000016800000
032004031012392390120000000000000
032004031012392390130000000000000
032004031122892890400000168800000
032004031012992990130000065600000
032004031153093090100000051500000
032004031153093090110000036800000
032004031153093090120000037900000
032004031083493490090000052900000
032004031083493490100000011700000
032004031113693690260000129200000
032004031083793790290000009200000
032004031084094090050000028900000
032004031084294290240000003400000
032004031024494490100000003200000
032004031074594590070000033900000
032004031084794790340000015200000
032004031122892890790000418700000
032004031122892890800000233500000
032004031122892890810000215100000
032004031022292290210000792400000
032004031022292290220000737500000
032004031022292290230000722500000
032004031024494490230000775800000
032004031024494490240000717900000
032004031024494490250000704100000
032004031025095090160002878100000
032004031025095090170002643300000
032004031025095090180002506100000
032004031033393390230000571000000
032004031033393390240000446000000
032004031033393390250000417500000
032004031122892890480000134300000
032004031122892890490000073100000
032004031122892890500000087600000
032004031082492490310000164000000
032004031080590590200000002300000
032004031080990990220000007000000
032004031171291290250000012300000
032004031171291290260000009500000
032004031071691690210000003000000
032004031071991990190000003200000
032004031162692690090000007700000
032004031122892890090000042900000
032004031133193190140005769400000
032004031012392390220000022000000
032004031113693690120000160400000
032004031063993990120000063300000
032004031084094090150000010100000
032004031014194190280000092200000
032004031094394390170000090800000
032004031174694690520000090900000
032004031174694690530000044100000
032004031084794790450000023800000
032004031084794790460000013900000
032004031084794790470000009700000
032004031084794790480000003100000
032004031084994990040000015800000
032004031185195190100000002200000
032004031195295290120000003300000
032004031140190190150000040700000
032004031080590590010000006500000
032004031090890890030000514000000
032004031090890890040000252700000
032004031090890890050000215500000
032004031090890890060000107200000
032004031080990990250000031800000
032004031101091090050000019800000
032004031171291290140000040900000
032004031071391390260000106200000
032004031011491490160000036500000
032004031011491490170000021000000
032004031011491490180000016000000
032004031011491490190000005600000
032004031091791790140000045000000
032004031142092090240000072100000
032004031012192190290000196200000
032004031082492490190000033400000
032004031092592590250000060500000
032004031092592590260000016900000
032004031084794790210015295400001
032004031084794790220015100700001
032004031144894890130012374700000
032004031144894890140012133800000
032004031144894890150012067100000
032004031084994990010006647700001
032004031084994990020006669700001
032004031084994990030006611300001
032004031025095090010019082800001
032004031025095090020018509800000
032004031025095090030018357300000
032004031185195190070002007100001
032004031185195190080001933500001
032004031195295290010001378300001
032004031195295290020001416500001
032004031053523520040000985000000
032004031053533530090001051800001
032004031092592590080003078400000
032004031092592590090002945700000
032004031092592590100002905700000
032004031094394390080005795800000
032004031094394390090005436600000
032004031094394390100005386900000
032004031090890890100045758300000
032004031090890890110043298900000
032004031090890890120042390100000
032004031011191190310000049400000
032004031011191190320000026500000
032004031012992990320000033200000
032004031012992990330000020600000
032004031082492490140000043800000
032004031082492490150000026400000
032004031082492490160000023700000
032004031122892890060000172700000
032004031122892890070000110900000
032004031122892890080000097100000
032004031083793790020000115500000
032004031083793790030000080500000
032004031083793790040000073700000
032004031084794790270000023100000
032004031084794790280000018900000
032004031084794790290000018300000
032004031084994990200000106600000
032004031084994990210000070300000
032004031084994990220000061900000
032004031170390390150000062200000
032004031170390390160000036700000
032004031170390390170000042400000
032004031171291290200000029100000
032004031174694690270000112500000
032004031174694690280000082500000
032004031174694690290000055200000
032004031071991990260000050600000
032004031122892890100000027100000
032004031012992990220000035100000
032004031153093090300000011500000
032004031153093090310000008000000
032004031133193190290000058700000
032004031133193190300000047200000
032004031133193190310000045600000
032004031113293290010000014000000
032004031033393390190000030100000
032004031063993990010000012700000
032004031084094090180000003500000
032004031084094090190000002800000
032004031084094090200000002000000
032004031014194190170000072400000
032004031014194190180000073300000
032004031084294290260000001700000
032004031074594590020000005600000
032004031074594590030000002200000
032004031174694690020000032700000
032004031084794790180000008400000
032004031053843840010000077600000
032004031053843840020000051100000
032004031053513510280000093300000
032004031053513510290000065500000
032004031053533530040000009400000
032004031080590590030000013300000
032004031083493490040000019300000
032004031083793790200000017400000
032004031084094090060000013500000
032004031084294290010000006400000
032004031084994990300000011900000
032004031090890890400001351100000
032004031090890890410000619000000
032004031091791790130000092000000
032004031092592590130000041800000
032004031092592590140000023100000
032004031094394390020000117200000
032004031070290290080000020000000
032004031070290290090000012700000
032004031170390390230000112100000
032004031170390390240000097100000
032004031170390390250000067900000
032004031010490490180000020700000
032004031100690690010000073500000
032004031100690690020000052400000
032004031101091090020000030900000
032004031101091090030000019100000
032004031071391390170000020600000
032004031071691690220000008300000
032004031071991990210000011200000
032004031071991990220000005900000
032004031022292290180000011900000
032004031122892890310000446400000
032004031122892890320000254700000
032004031122892890330000292200000
032004031153093090050000174900000
032004031033393390300000091500000
032004031033393390310000065300000
032004031033393390320000063500000
032004031024494490060000008700000
032004031074594590280000026800000
032004031174694690140000152700000
032004031025095090230000052100000
032004031171291290070000073000000
032004031090890890320000157500000
032004031090890890330000077800000
032004031091791790120000067500000
032004031092592590330000011300000
032004031092592590340000004900000
032004031094394390320000014000000
032004031091791790150000070400000
032004031092592590160000041100000
032004031094394390270000053800000
032004031090890890010000761700000
032004031070290290220000039900000
032004031170390390140000145400000
032004031010490490050000060600000
032004031080590590270000017800000
032004031100690690090000135800000
032004031080990990210000048500000
032004031101091090210000059700000
032004031171291290230000085300000
032004031011491490010000051200000
032004031071691690080000024200000
032004031011891890280000134900000
032004031071991990070000020900000
032004031022292290190000016200000
032004031012392390150000050000000
032004031082492490180000030600000
032004031162692690070000083800000
032004031122892890190000470300000
032004031012992990380000073400000
032004031153093090200000109900000
032004031133193190080000095100000
032004031083493490170000030800000
032004031083793790050000039000000
032004031084094090300000017400000
032004031014194190290000093300000
032004031084294290230000008300000
032004031024494490090000008200000
032004031074594590050000117500000
032004031174694690130000380300000
032004031084794790330000059200000
032004031084994990260000017000000
032004031140190190280000100700000
032004031170390390360000116400000
032004031170390390370000075600000
032004031170390390380000045800000
032004031170390390390000062200000
032004031010490490290000037400000
032004031010490490300000019100000
032004031080590590150000013100000
032004031080590590160000009000000
032004031080590590170000007900000
032004031100690690170000051400000
032004031090890890230000608900000
032004031090890890240000220200000
032004031090890890250000161800000
032004031090890890260000110300000
032004031080990990170000036100000
032004031101091090040000031900000
032004031011191190210000094800000
032004031171291290290000047000000
032004031171291290300000023600000
032004031071391390090000033000000
032004031071391390100000016400000
032004031011491490200000046200000
032004031011491490210000029100000
032004031011491490220000027200000
032004031111591590260001216700000
032004031111591590270000842000000
032004031111591590280000780000000
032004031071691690170000016300000
032004031071991990240000016100000
032004031071991990250000010100000
032004031142092090300000096100000
032004031012192190020000037400000
032004031022292290170000021800000
032004031012392390230000029600000
032004031012392390240000020700000
032004031012392390250000018400000
032004031092592590030000063000000
032004031122892890270000045700000
032004031012992990040000064400000
032004031012992990050000046100000
032004031012992990060000051100000
032004031133193190240000046000000
032004031133193190250000038700000
032004031133193190260000034600000
032004031094394390230000019700000
032004031094394390240000010500000
032004031174694690380000177900000
032004031174694690390000088100000
032004031174694690400000076800000
032004031174694690410000021200000
032004031084794790140000046800000
032004031084794790150000036300000
032004031084794790160000034900000
032004031195295290090000002000000
032004031195295290100000002400000
032004031100690690210000316000000
032004031100690690220000226300000
032004031100690690230000228100000
032004031101091090090000434900000
032004031101091090100000310500000
032004031101091090110000288200000
032004031111591590020001643100000
032004031111591590030001233400000
032004031111591590040001018300000
032004031112792790200000251100000
032004031112792790210000197400000
032004031112792790220000176200000
032004031113293290090000267600000
032004031113293290100000185900000
032004031113293290110000167200000
032004031113693690270001505700000
032004031113693690280000958400000
032004031113693690290000864800000
032004031090890890350011048900000
032004031090890890360007121300000
032004031092592590020000469600000
032004031094394390110000860700000
032004031094394390120000548200000
032004031091791790050000738200000
032004031090890890270000685400000
032004031091791790010000103000000
032004031092592590150000037600000
032004031094394390030000078000000
032004031053843840220000022900000
032004031053853850090000002600000
032004031040710710070000025500000
032004031140190190020000010000000
032004031070290290210000018900000
032004031170390390220000084900000
032004031010490490230000018100000
032004031080590590290000013200000
032004031100690690030000036400000
032004031090890890340000243200000
032004031080990990150000023700000
032004031101091090130000030500000
032004031011191190230000020200000
032004031171291290150000030300000
032004031071391390210000022800000
032004031011491490020000015600000
032004031071691690060000015500000
032004031091791790200000049700000
032004031011891890240000054400000
032004031071991990050000012300000
032004031142092090130000010400000
032004031012192190140000011200000
032004031022292290010000008300000
032004031012392390140000013800000
032004031082492490240000006900000
032004031092592590010000014900000
032004031162692690130000023900000
032004031112792790160000021000000
032004031122892890240000090700000
032004031012992990270000075100000
032004031153093090010000118800000
032004031133193190010000021400000
032004031113293290190000018800000
032004031033393390290000037600000
032004031083493490230000006400000
032004031113693690180000047900000
032004031083793790060000015100000
032004031063993990240000029800000
032004031084094090100000012400000
032004031014194190130000235300000
032004031084294290160000005500000
032004031094394390040000047300000
032004031024494490270000006800000
032004031074594590150000056700000
032004031174694690260000085100000
032004031040720720080000012200000
032004031084794790080000020100000
032004031144894890160000022400000
032004031084994990100000039900000
032004031025095090040000047900000
032004031185195190010000007700000
032004031195295290140000003800000
032004031195295290150000002200000
032004031040730730030000002700000
032004031053513510010000010600000
032004031070290290230000019700000
032004031080590590190000012500000
032004031011191190010000037600000
032004031071391390040000035900000
032004031071991990010000014600000
032004031082492490200000022600000
032004031082492490210000017900000
032004031082492490220000015700000
032004031122892890140000304100000
032004031122892890150000199000000
032004031012992990250000033200000
032004031084094090290000006400000
032004031084794790040000022000000
032004031185195190060000012900000
032004031195295290110000006200000
032004031053843840240000026000000
032004031053843840250000020600000
032004031040710710170000250500000
032004031040710710180000195000000
032004031040720720040000018100000
032004031140190190060000015900000
032004031170390390320000092500000
032004031010490490200000031600000
032004031010490490210000023800000
032004031010490490220000020100000
032004031080590590080000014100000
032004031090890890420000306200000
032004031080990990230000030000000
032004031011191190080000078800000
032004031011191190090000033600000
032004031011191190100000035700000
032004031171291290190000035500000
032004031011491490110000030100000
032004031011491490120000022400000
032004031011491490130000020100000
032004031011891890210000042000000
032004031011891890220000032900000
032004031040730730020000005100000
032004031071991990060000021600000
032004031142092090290000011300000
032004031012192190180000022900000
032004031012192190190000012900000
032004031012192190200000012200000
032004031022292290270000011900000
032004031012392390260000033300000
032004031082492490170000022300000
032004031092592590120000019900000
032004031112792790260000021300000
032004031122892890450000505800000
032004031122892890460000322000000
032004031122892890470000285900000
032004031012992990350000042800000
032004031012992990360000029500000
032004031012992990370000027300000
032004031113293290270000021300000
032004031033393390180000056900000
032004031083493490030000016000000
032004031113693690050000377300000
032004031083793790210000027900000
032004031063993990230000040600000
032004031084094090250000015100000
032004031014194190070000080600000
032004031014194190080000061100000
032004031014194190090000111500000
032004031084294290250000006300000
032004031024494490210000014500000
032004031084794790410000038000000
032004031144894890090000027900000
032004031025095090050000064600000
032004031053513510260000087400000
032004031053513510270000054900000
032004031170390390430000074000000
032004031171291290240000015100000
032004031122892890600000183700000
032004031122892890610000097700000
032004031122892890620000142600000
032004031174694690480000114200000
032004031083793790010000284700000
032004031174694690070000078600000
032004031174694690080000048800000
032004031174694690090000082200000
032004031111591590150000195300000
032004031111591590160000103000000
032004031111591590170000092900000
032004031112792790280000030300000
032004031112792790290000017100000
032004031112792790300000013200000
032004031113293290220000046900000
032004031113293290230000020600000
032004031113693690060000520000000
032004031113693690070000150500000
032004031113693690080000125100000
032004031040730730060000079500000
032004031084294290200000420500000
032004031084294290210000341600000
032004031084294290220000326300000
032004031033393390260000190400000
032004031033393390270000140300000
032004031033393390280000116700000
032004031122892890020000158700000
032004031053853850010000072200000
032004031053843840090000048100000
032004031040710710140000069100000
032004031070290290150000016500000
032004031080590590180000008800000
032004031100690690040000024600000
032004031090890890160000824600000
032004031080990990240000022800000
032004031101091090060000017900000
032004031101091090070000014100000
032004031011191190220000071600000
032004031071391390120000032800000
032004031011491490360000057800000
032004031111591590080000083200000
032004031071691690040000020200000
032004031091791790190000094700000
032004031011891890100000073200000
032004031071991990230000009200000
032004031142092090140000029300000
032004031012192190010000022600000
032004031022292290200000015200000
032004031012392390110000017700000
032004031082492490230000026500000
032004031092592590060000084900000
032004031162692690110000026300000
032004031112792790190000019200000
032004031122892890700000231000000
032004031012992990300000067400000
032004031153093090090000033200000
032004031133193190190000029900000
032004031113293290260000011200000
032004031033393390080000059100000
032004031083493490180000012400000
032004031113693690010000121400000
032004031083793790300000013200000
032004031084094090210000009300000
032004031014194190010000121200000
032004031084294290150000005300000
032004031094394390260000077400000
032004031024494490080000006300000
032004031074594590010000025800000
032004031084794790190000037300000
032004031144894890050000035200000
032004031025095090110000064500000
032004031185195190110000003700000
032004031195295290160000006400000
032004031053513510140000095200000
032004031174694690010000334200000
032004031080590590050000353100000
032004031080590590060000314000000
032004031080590590070000308800000
032004031080990990090000846800000
032004031080990990100000738900000
032004031080990990110000653600000
032004031082492490010000773200000
032004031082492490020000753100000
032004031082492490030000661000000
032004031162692690160000520100000
032004031162692690170000444100000
032004031162692690180000417000000
032004031153093090130002844900000
032004031153093090140002601600000
032004031153093090150002446200000
032004031083493490140000345800000
032004031083493490150000294800000
032004031083493490160000299300000
032004031083793790070000548600000
032004031083793790080000448200000
032004031083793790090000391900000
032004031063993990130001306900000
032004031063993990140001154800000
032004031063993990150001073900000
032004031084094090110000357100000
032004031084094090120000288100000
032004031084094090130000265800000
032004031084294290020000128300000
032004031084294290030000106600000
032004031084294290040000101200000
032004031084794790380001292300000
032004031084794790390001152200000
032004031084794790400001044600000
032004031084994990070000391500000
032004031084994990080000354900000
032004031084994990090000270800000
032004031185195190120000015300000
032004031185195190130000011600000
032004031122892890630023722100000
032004031122892890640020451100000
032004031122892890650019282300000
032004031070290290110000903800000
032004031070290290120000837200000
032004031070290290130000802000000
032004031071391390050000791700000
032004031071391390060000735800000
032004031071391390070000706100000
032004031071691690180000337400000
032004031071691690190000283200000
032004031071691690200000274800000
032004031071991990140000528000000
032004031071991990150000490700000
032004031071991990160000451500000
032004031074594590120001236400000
032004031074594590130001116900000
032004031074594590140001074100000
032004031033393390050005905500000
032004031033393390060005576200000
032004031033393390070005585100000
032004031022292290110000435600000
032004031022292290120000355000000
032004031022292290130000340000000
032004031024494490150000256900000
032004031024494490160000202100000
032004031024494490170000202100000
032004031025095090270001921500000
032004031025095090280001566700000
032004031025095090290001453800000
032004031100690690180001548800000
032004031100690690190001439100000
032004031100690690200001400600000
032004031101091090250001070900000
032004031101091090260000932800000
032004031101091090270000891600000
032004031025095090240000096100000
032004031010490490090000989600000
032004031010490490100000834800000
032004031010490490110000801600000
032004031011191190180003641200000
032004031011191190190003296600000
032004031011191190200003088900000
032004031011491490270004691000000
032004031011491490280004423800000
032004031011491490290004303900000
032004031011891890010003198000000
032004031011891890020003019200000
032004031011891890030002906100000
032004031012192190060001456000000
032004031012192190070001301600000
032004031012192190080001239200000
032004031012392390170002376100000
032004031012392390180002252900000
032004031012392390190002241000000
032004031012992990190004667600000
032004031012992990200004358800000
032004031012992990210004088700000
032004031014194190140007229300000
032004031014194190150006627300000
032004031014194190160006553800000
032004031133193190150001905900000
032004031133193190160001668100000
032004031133193190170001638700000
032004031090890890430000114600000
032004031090890890440000062100000
032004031091791790210000040600000
032004031091791790220000021700000
032004031091791790230000062900000
032004031092592590180000068300000
032004031094394390190000021800000
032004031122892890750000939200000
032004031174694690220000080100000
032004031174694690230000044700000
032004031174694690240000034600000
032004031174694690250000009200000
032004031053843840050000431100000
032004031053843840060000319600000
032004031100690690100000253900000
032004031100690690110000188100000
032004031100690690120000200400000
032004031101091090180000194300000
032004031101091090190000133600000
032004031101091090200000124500000
032004031122892890440002855300000
032004031170390390180001169800000
032004031174694690150001567800000
032004031174694690160001060100000
032004031053843840170000588200000
032004031053853850060000038700000
032004031053863860050000006400000
032004031053873870030000003900000
032004031053513510080000567800000
032004031053513510090000440600000
032004031053523520090000045400000
032004031080990990270000201300000
032004031071391390110000176800000
032004031084094090010000157600000
032004031195295290070000025100000
032004031195295290080000013800000
032004031122892890710002878800000
032004031153093090160000928000000
032004031153093090170000735300000
032004031153093090180000762400000
032004031090890890070000188800000
032004031090890890080000103000000
032004031090890890090000306400000
032004031053873870070000155400000
032004031133193190120005992900000
032004031133193190130005855600000
032004031011491490150000003700000
032004031111591590050000064600000
032004031111591590060000034400000
032004031111591590070000034100000
032004031071691690120000004300000
032004031091791790100000020400000
032004031091791790110000015000000
032004031011891890140000019700000
032004031053843840140000014000000
032004031011891890150000008800000
032004031011891890160000009600000
032004031071991990200000002700000
032004031142092090210000037300000
032004031142092090220000022600000
032004031142092090230000024500000
032004031012192190150000008300000
032004031022292290050000047500000
032004031022292290060000033800000
032004031012392390200000010400000
032004031012392390210000003900000
032004031082492490060000005800000
032004031092592590070000082100000
032004031162692690140000005300000
032004031162692690150000005400000
032004031112792790230000015500000
032004031122892890760000068900000
032004031122892890770000054800000
032004031122892890780000045800000
032004031012992990260000026000000
032004031153093090210000011300000
032004031153093090220000013700000
032004031153093090230000067700000
032004031133193190320000032700000
032004031133193190330000025400000
032004031133193190340000025500000
032004031113293290250000004900000
032004031033393390010000027000000
032004031033393390020000018800000
032004031033393390030000019400000
032004031083493490240000003600000
032004031113693690130000045200000
032004031083793790190000007700000
032004031063993990090000010700000
032004031063993990100000006800000
032004031063993990110000005900000
032004031084094090140000015700000
032004031014194190330000038600000
032004031014194190340000027600000
032004031084294290050000003600000
032004031094394390200000018900000
032004031024494490260000002700000
032004031074594590080000010100000
032004031074594590090000005900000
032004031174694690560000049500000
032004031174694690570000031000000
032004031174694690580000025600000
032004031084794790350000005400000
032004031084794790360000010000000
032004031084794790370000019100000
032004031144894890250000019100000
032004031084994990060000007900000
032004031025095090190000020500000
032004031025095090200000013700000
032004031025095090210000009400000
032004031185195190090000011000000
032004031195295290130000001200000
032004031053853850040000001000000
032004031053863860030000000700000
032004031040710710080000023700000
032004031040710710090000047300000
032004031053873870010000000200000
032004031040720720020000002700000
032004031040730730050000001000000
032004031053513510060000008900000
032004031053523520010000001900000
032004031053533530070000000800000
032004031090890890370067662300001
032004031090890890380061909900000
032004031090890890390060664900000
032004031091791790020010256900001
032004031091791790030009936200000
032004031091791790040009829400000
032004031092592590220007255400001
032004031092592590230006867400000
032004031092592590240006798100000
032004031094394390050009001700001
032004031094394390060008518400000
032004031094394390070008336900000
032004031053843840150000015600000
032004031070290290140000028400000
032004031170390390260000097900000
032004031170390390270000069300000
032004031100690690050000058000000
032004031090890890020000276500000
032004031101091090080000016900000
032004031111591590010000075700000
032004031071691690160000009100000
032004031022292290240000032600000
032004031022292290250000023800000
032004031022292290260000021100000
032004031012392390040000009600000
032004031122892890280000481800000
032004031122892890290000399400000
032004031122892890300000379400000
032004031094394390010000026600000
032004031074594590290000024700000
032004031174694690300000098700000
032004031174694690310000054200000
032004031174694690320000045100000
032004031174694690330000012700000
032004031025095090070000073400000
032004031053513510300000019300000
032004031053523520050000002300000
032004031053533530010000002300000
032004031140190190250000839800000
032004031140190190260000764900000
032004031140190190270000736500000
032004031142092090150004240100000
032004031142092090160004064000000
032004031142092090170003996200000
032004031144894890290002787200000
032004031144894890300002694400000
032004031144894890310002643400000
032004031140190190160004645200000
032004031140190190170004522100000
032004031140190190180004427300000
032004031142092090250011260600001
032004031142092090260010965400001
032004031142092090270010949600001
032004031144894890020025376900001
032004031144894890030025018200001
032004031144894890040024797000001
032004031140190190190001408100000
032004031140190190200001301600000
032004031140190190210001217200000
032004031142092090070002776700000
032004031142092090080002552500000
032004031142092090090002489400000
032004031144894890210005505500000
032004031144894890220005296100000
032004031144894890230005101000000
032004031140190190070000010100000
032004031142092090010000025400000
032004031142092090020000022500000
032004031142092090030000028900000
032004031144894890010000025800000
032004031040720720010000202100000
032004031170390390190003266100000
032004031170390390200002757800000
032004031170390390210002522100000
032004031171291290010001059300000
032004031171291290020000886200000
032004031171291290030000808000000
032004031174694690450007708600000
032004031174694690460006518200000
032004031174694690470006134500000
032004031170390390130000361600000
032004031171291290220000331300000
032004031174694690060001575900000
032004031170390390100000057300000
032004031170390390110000033600000
032004031170390390120000032500000
032004031171291290270000084300000
032004031171291290280000065200000
032004031011891890040000028500000
032004031012392390270000010400000
032004031012392390280000006400000
032004031012392390290000033700000
032004031122892890250000074800000
032004031122892890260000045100000
032004031010490490150000162600000
032004031011191190300000119200000
032004031011491490300000087400000
032004031011491490310000069000000
032004031011491490320000069200000
032004031011891890080000042800000
032004031011891890090000027100000
032004031012192190090000045800000
032004031012392390330000014200000
032004031012992990030000098800000
032004031014194190350000099400000
032004031010490490250000121900000
032004031010490490260000095000000
032004031010490490270000088300000
032004031033393390120000305900000
032004031033393390130000240400000
032004031033393390140000220200000
032004031053523520020000536000000
032004031122892890110000364400000
032004031122892890120000248900000
032004031122892890130000167400000
032004031053843840260000162700000
032004031053843840270000125200000
032004031053513510100000105500000
032004031053513510110000088200000
032004031053533530030000003700000
032004031140190190080000353300000
032004031140190190090000298800000
032004031140190190100000287700000
032004031142092090100001863300000
032004031142092090110001699600000
032004031142092090120001649500000
032004031144894890100001102200000
032004031144894890110000993600000
032004031144894890120000963800000
032004031040710710120000139500000
032004031040710710130000099700000
032004031040730730040000022800000
032004031111591590200000419500000
032004031112792790170000082600000
032004031113293290020000060000000
032004031113693690170000502600000
032004031122892890230000179100000
032004031153093090070000034300000
032004031153093090080000020400000
032004031122892890370002550400000
032004031122892890380002170900000
032004031122892890390002014300000
032004031053513510200000087300000
032004031053513510210000079900000
032004031170390390070001026800000
032004031170390390080000784100000
032004031170390390090000715300000
032004031171291290110000880600000
032004031171291290120000726400000
032004031171291290130000693200000
032004031174694690420003531300000
032004031174694690430002759800000
032004031174694690440002469700000
032004031111591590090011777900000
032004031111591590100010244700000
032004031111591590110009975400000
032004031112792790040003104500000
032004031112792790050003026900000
032004031112792790060002789300000
032004031113293290150003181600000
032004031113293290160002960500000
032004031113293290170002854000000
032004031113693690140009398100000
032004031113693690150008116500000
032004031113693690160007595700000
032004031053843840160000161200000
032004031053863860090000016300000
032004031053513510180000155000000
032004031053513510190000108700000
032004031011491490100000226700000
032004031111591590210000829400000
032004031111591590220000556100000
032004031011891890170000242400000
032004031071991990290000086900000
032004031162692690080000144500000
032004031112792790240000250800000
032004031122892890570001156500000
032004031122892890580000842200000
032004031122892890590000684400000
032004031014194190260000488000000
032004031014194190270000294500000
032004031144894890240000354400000
032004031053523520080000023300000
032004031053843840070011819300000
032004031053843840080011990700001
032004031053853850020002051400001
032004031053863860080000386600000
032004031053513510240006982100000
032004031053513510250006478600000
032004031053533530050000997700000
032004031053873870040000218200001
032004031153093090290000036600000
032004031033393390150000080300000
032004031033393390160000065700000
032004031033393390170000054900000
032004031024494490140000007900000
032004031133193190050000604700000
032004031133193190060000553900000
032004031133193190070000536000000
032004031092592590290000022600000
032004031092592590300000011600000
032004031092592590310000006900000
032004031092592590320000005200000
032004031024494490220000012300000
032004031074594590250000097600000
032004031074594590260000075800000
032004031074594590270000066300000
032004031174694690490000349200000
032004031174694690500000230100000
032004031174694690510000221100000
032004031084794790420000139100000
032004031084794790430000102100000
032004031084794790440000092500000
032004031144894890170000062500000
032004031144894890180000046400000
032004031144894890190000045600000
032004031084994990050000030800000
032004031025095090250000082800000
032004031025095090260000072100000
032004031195295290030000009600000
032004031195295290040000008800000
032004031053843840100000056100000
032004031053843840110000040500000
032004031053853850080000007600000
032004031053863860060000001800000
032004031053873870060000006600000
032004031053513510150000043800000
032004031053513510160000029200000
032004031053513510170000025400000
032004031053523520060000010500000
032004031140190190030000040700000
032004031140190190040000033200000
032004031140190190050000028300000
032004031070290290100000050900000
032004031170390390010000144600000
032004031170390390020000107300000
032004031170390390030000077400000
032004031170390390040000020700000
032004031010490490040000044200000
032004031080590590250000050300000
032004031080590590260000035700000
032004031100690690240000046800000
032004031090890890280000545600000
032004031090890890290000213100000
032004031090890890300000179200000
032004031090890890310000049000000
032004031080990990010000067400000
032004031080990990020000042900000
032004031101091090010000042700000
032004031171291290320000081900000
032004031171291290330000064800000
032004031171291290340000060100000
032004031011491490230000036300000
032004031011491490240000024900000
032004031111591590180000166700000
032004031111591590190000077600000
032004031071691690070000020700000
032004031091791790060000056800000
032004031091791790070000037400000
032004031053533530080000002600000
032004031091791790080000033100000
032004031142092090310000029800000
032004031142092090320000019900000
032004031142092090330000021300000
032004031022292290280000018000000
032004031012392390160000046100000
032004031082492490040000039400000
032004031112792790270000048800000
032004031122892890200001122800000
032004031122892890210000854600000
032004031122892890220000737100000
032004031012992990340000069200000
032004031153093090190000126400000
032004031133193190020000074700000
032004031133193190030000050500000
032004031133193190040000050300000
032004031113293290060000079500000
032004031113293290070000028200000
032004031113293290080000028800000
032004031083493490010000039900000
032004031083493490020000025200000
032004031113693690090000156900000
032004031113693690100000119800000
032004031113693690110000084600000
032004031083793790130000057200000
032004031133193190220012071400001
032004031133193190230011964700001
032004031083793790250000268800000
032004031083793790260000193300000
032004031083793790270000187400000
032004031033393390090000697200000
032004031033393390100000534900000
032004031033393390110000557800000
032004031053533530060000072100000
032004031053843840230000780900000
032004031053853850030000079600000
032004031053863860010000017000000
032004031053873870020000007400000
032004031053513510040000641600000
032004031084994990270000132900000
032004031084994990280000091500000
032004031084994990290000074800000
032004031080990990190000027000000
032004031084794790170000033500000
032004031092592590040000054100000
032004031092592590050000079100000
032004031112792790100000119700000
032004031112792790110000083500000
032004031112792790120000076800000
032004031122892890030000309500000
032004031122892890040000180000000
032004031122892890050000156500000
032004031012992990010000109300000
032004031012992990020000065800000
032004031133193190200000128300000
032004031113293290200000035900000
032004031113293290210000017500000
032004031033393390330000064000000
032004031033393390340000038800000
032004031083493490220000025000000
032004031113693690200000156400000
032004031113693690210000089900000
032004031113693690220000117800000
032004031083793790150000024800000
032004031063993990020000080800000
032004031063993990030000053000000
032004031063993990040000044900000
032004031084094090020000016700000
032004031084094090030000009300000
032004031084094090040000007400000
032004031014194190230000095300000
032004031014194190240000050400000
032004031014194190250000050000000
032004031084294290270000004600000
032004031084294290280000003100000
032004031084294290290000002900000
032004031094394390210000045000000
032004031094394390220000020000000
032004031024494490040000005300000
032004031024494490050000003800000
032004031074594590040000042400000
032004031174694690540000174100000
032004031174694690550000082300000
032004031084794790050000052400000
032004031084794790060000035100000
032004031084794790070000039600000
032004031144894890260000115600000
032004031144894890270000096100000
032004031144894890280000090500000
032004031025095090220000055100000
032004031053513510020000038700000
032004031053513510030000024000000
032004031091791790280000067700000
032004031091791790290000032500000
032004031091791790300000013300000
032004031091791790310000009800000
032004031053523520030001145700000
032004031144894890320000213600000
032004031144894890330000171200000
032004031144894890340000125100000
032004031080590590210000014000000
032004031122892890410000153400000
032004031122892890420000087400000
032004031074594590100000043300000
032004031074594590110000029600000
032004031025095090060000020500000
032004031122892890660000317900000
032004031053843840200000434900000
032004031053843840210000361300000
032004031053863860020000008500000
032004031090890890450000205200000
032004031091791790090000023700000
032004031092592590170000037500000
032004031094394390130000069200000
032004031153093090320000050800000
032004031053843840120000082600000
032004031053843840130000060200000
032004031140190190010000051400000
032004031070290290040000028900000
032004031170390390340000141800000
032004031170390390350000073500000
032004031010490490280000016700000
032004031080590590020000018600000
032004031090890890170002532600000
032004031080990990160000021100000
032004031101091090120000025900000
032004031011191190140000068200000
032004031011191190150000030700000
032004031171291290310000030400000
032004031071391390080000028800000
032004031011491490250000022000000
032004031011491490260000011800000
032004031071691690050000010600000
032004031011891890190000053000000
032004031011891890200000031200000
032004031071991990300000008700000
032004031142092090280000048700000
032004031012192190210000023200000
032004031012192190220000013500000
032004031022292290070000020200000
032004031082492490130000031800000
032004031092592590110000100800000
032004031162692690100000019900000
032004031112792790130000191400000
032004031112792790140000148400000
032004031112792790150000141800000
032004031122892890670000094500000
032004031012992990280000041400000
032004031012992990290000021300000
032004031153093090060000051100000
032004031133193190280000034600000
032004031033393390040000123300000
032004031083793790280000013000000
032004031063993990160000060900000
032004031084094090170000009800000
032004031014194190020000078700000
032004031014194190030000038900000
032004031094394390180000186100000
032004031024494490070000006700000
032004031074594590060000031500000
032004031174694690210000134100000
032004031084794790120000018900000
032004031084794790130000009000000
032004031144894890350000114700000
032004031025095090120000044300000
032004031053513510050000022400000
032004031091791790240000406400000
032004031053843840030010355800000
032004031053843840040010040700000
032004031053853850050001250600000
032004031040710710150016453800001
032004031040710710160015628400001
032004031053863860040000128500000
032004031053873870050000160300000
032004031040720720030001705300001
032004031040730730070002292300001
032004031140190190290004703500001
032004031140190190300004629100000
032004031140190190310004606300000
032004031070290290010010610000001
032004031070290290020010368800001
032004031070290290030010292900001
032004031170390390400040939500001
032004031170390390410040000800001
032004031170390390420039596500001
032004031010490490120012896000001
032004031010490490130012674800000
032004031010490490140012577500000
032004031080590590090006417700001
032004031080590590100006359800001
032004031080590590110006326200001
032004031100690690140017093400001
032004031100690690150016688100000
032004031100690690160016613200000
032004031080990990030011693600001
032004031080990990040011448400001
032004031080990990050011345700001
032004031101091090220010887300001
032004031101091090230010633400000
032004031101091090240010639200000
032004031011191190240020598800001
032004031011191190250019681900000
032004031011191190260019644900000
032004031074594590180015834300000
032004031174694690170063833400001
032004031174694690180061952500001
032004031174694690190061855700001
032004031084794790200015556100001
032004031091791790270003605000000
032004031011891890110018758500001
032004031011891890120018469300000
032004031011891890130018285000000
032004031071991990110005499800001
032004031071991990120005461700001
032004031071991990130005378900001
032004031142092090180005163800000
032004031142092090190005103500000
032004031142092090200005027100000
032004031012192190100008215000001
032004031012192190110007567500000
032004031012192190120007491500000
032004031022292290140004766100001
032004031022292290150004672800000
032004031022292290160004671900000
032004031012392390300013685900001
032004031012392390310013020200000
032004031012392390320012923600000
032004031082492490280014225800001
032004031082492490290013938800000
032004031082492490300013862200000
032004031162692690010008873200001
032004031162692690020008679100001
032004031162692690030008689000001
032004031112792790010011390200001
032004031112792790020011118400001
032004031112792790030011062700001
032004031122892890720150768600001
032004031122892890730147880500001
032004031122892890740147657600001
032004031012992990100025966900001
032004031012992990110024891300000
032004031012992990120024855600000
032004031153093090020040059400001
032004031153093090030039363300001
032004031153093090040038973800001
032004031113293290030012543900001
032004031113293290040012278100001
032004031113293290050012115100001
032004031033393390200029753500001
032004031033393390210029289600001
032004031033393390220029156800001
032004031083493490190005742800001
032004031083493490200005657400001
032004031083493490210005639500001
032004031113693690020025186900001
032004031113693690030024453200001
032004031113693690040024214900001
032004031083793790100012237800001
032004031083793790110012094400001
032004031083793790120011898600001
032004031063993990250018070600001
032004031063993990260017972300001
032004031063993990270017727200001
032004031084094090260004958200001
032004031053513510220017431300001
032004031053513510230016955700001
032004031084094090270004890000001
032004031084094090280004879400001
032004031014194190190030107300001
032004031014194190200028706100000
032004031014194190210028502700000
032004031084294290120002721600001
032004031084294290130002685000001
032004031084294290140002633600001
032004031024494490180003414400001
032004031024494490190003369700001
032004031024494490200003342800000
032004031074594590160016132900001
032004031074594590170015903800001
032004031171291290080013728800001
032004031171291290090013521800001
032004031171291290100013392000001
032004031071391390230013448900001
032004031071391390240013301600000
032004031071391390250013225200000
032004031011491490070016214200001
032004031011491490080015820300000
032004031011491490090015775400000
032004031111591590230029088600001
032004031111591590240027974700001
032004031111591590250027481300001
032004031071691690130006385700001
032004031071691690140006313800001
032004031071691690150006254400001
032004031091791790250003828600000
032004031091791790260003643100000
032004031071991990270000033800000
032004031071991990280000029800000
032004031040730730010000287600000
032004031010490490160000115300000
032004031010490490170000062700000
032004031011191190270001350900000
032004031011191190280000858900000
032004031011191190290000796900000
032004031011491490040000146900000
032004031011491490050000099700000
032004031011491490060000104900000
032004031011891890050000435500000
032004031011891890060000339500000
032004031011891890070000318800000
032004031012192190030000193200000
032004031012192190040000125700000
032004031012192190050000121100000
032004031012392390010000177800000
032004031012392390020000123900000
032004031012392390030000113000000
032004031012992990230000339100000
032004031012992990240000200100000
032004031014194190300000597700000
032004031014194190310000409900000
032004031014194190320000352800000
032004031090890890190160222500001
032004031090890890200154618000001
032004031090890890210151208800001
032004031091791790160018102000001
032004031091791790170017612100001
032004031091791790180017361100001
032004031092592590190010592700001
032004031092592590200010605200001
032004031092592590210010601000001
032004031094394390140019687200001
032004031094394390150019184600001
032004031094394390160018920600001
032004031140190190120005183400001
032004031140190190130004986700001
032004031140190190140004969200001
032004031142092090040008939000001
032004031142092090050008680800000
032004031142092090060008616800000
032004031144894890060017326100001
032004031144894890070016944300000
032004031144894890080016793700000
032004031174694690030000223700000
032004031174694690040000146500000
032004031174694690050000137600000
032004031040720720050000424200000
032004031040710710030003917400000
032004031040710710040003566800000
032004031012192190260014654500001
032004031012192190270014174800001
032004031012192190280014088300001
032004031022292290020005810400001
032004031022292290030005623800001
032004031022292290040005562300001
032004031082492490100014670700001
032004031082492490110014361900001
032004031082492490120014196900001
032004031162692690040007853900001
032004031162692690050007652000000
032004031162692690060007486700000
032004031122892890340148394800001
032004031122892890350143327100000
032004031122892890360140261300000
032004031012992990070035456200001
032004031012992990080034220000001
032004031012992990090033565900001
032004031153093090240024463700001
032004031153093090250023664000000
032004031153093090260023502200000
032004031133193190090010576700001
032004031133193190100010218900000
032004031133193190110010154000000
032004031033393390350029439400001
032004031033393390360028739700000
032004031033393390370028644800000
032004031083493490110004951400001
032004031083493490120004835800000
032004031083493490130004763200000
032004031083793790220008894500001
032004031083793790230008794300000
032004031083793790240008613400000
032004031063993990170014118900001
032004031063993990180013894500000
032004031063993990190013760700000
032004031084094090070003795800001
032004031084094090080003682200000
032004031084094090090003608500000
032004031084294290170002100000001
032004031084294290180002015700000
032004031084294290190002044000000
032004031024494490110003480000001
032004031024494490120003387300001
032004031024494490130003314400000
032004031074594590220016267600001
032004031074594590230015846000001
032004031074594590240015774800000
032004031174694690100058793300001
032004031174694690110057636800000
032004031174694690120056152500000
032004031084794790240014914000001
032004031084794790250014462400000
032004031084794790260014104200000
032004031084994990110004955000000
032004031084994990120005068100001
032004031084994990130004798400000
032004031025095090080022226800001
032004031025095090090021490900001
032004031025095090100021154300001
032004031185195190020001141300000
032004031185195190030001090200000
032004031195295290050001071300000
032004031195295290060000998200000
032004031053843840180013433100001
032004031053843840190013045100001
032004031053853850070001209500000
032004031040710710100013420800001
032004031040710710110012473300000
032004031053863860070000762600001
032004031040720720070001510000000
032004031040730730080002164800000
032004031053513510120013802900001
032004031053513510130012789700000
032004031053523520070001362500001
032004031053533530020000871400000
032004031070290290050010462300001
032004031070290290060010228100000
032004031070290290070010210600000
032004031170390390290035463300001
032004031170390390300034096200000
032004031170390390310033469000000
032004031010490490060013937400001
032004031010490490070013641600001
032004031010490490080013496800001
032004031080590590120003783600001
032004031080590590130003635300000
032004031080590590140003581000000
032004031100690690060020999900001
032004031100690690070020591000001
032004031100690690080020409700001
032004031080990990060008733600001
032004031080990990070008521600000
032004031080990990080008278900000
032004031101091090140013115100001
032004031101091090150012742100001
032004031101091090160012660600001
032004031011191190020030771800001
032004031011191190030029543600001
032004031011191190040028922300001
032004031171291290160013290700001
032004031171291290170012993000000
032004031171291290180012774500000
032004031071391390130014226800001
032004031071391390140014140600001
032004031071391390150013987300001
032004031011491490370023622300001
032004031011491490380022934800001
032004031011491490390022797200001
032004031071691690010005896600001
032004031071691690020005773700000
032004031071691690030005725800000
032004031071991990080004936200001
032004031071991990090004839100000
032004031071991990100004764900000
032004031011891890250025554300001
032004031011891890260024928000001
032004031011891890270024717200001
032004031012392390080022175600001
032004031012392390090021708200001
032004031012392390100021676500001
032004031014194190100061673200001
032004031014194190110059514100001
032004031014194190120059165600001
032004031185195190040000108400000
032004031185195190050000082000000
032004031111591590120026511000001
032004031111591590130024042800000
032004031111591590140023150100000
032004031112792790070008341100001
032004031112792790080008028900000
032004031112792790090007773600000
032004031113293290120006698900001
032004031113293290130006402100000
032004031113293290140006254500000
032004031113693690230019485700001
032004031113693690240019108900000
032004031113693690250017491100000
032004031011191190110000190200000
032004031011191190120000131000000
032004031011191190130000120700000
032004031011891890180000091300000
032004031012192190160000049100000
032004031012192190170000034800000
032004031070290290170000020900000
032004031070290290180000014700000
032004031070290290190000015000000
032004031080590590220000069200000
032004031080590590230000052300000
032004031080590590240000049200000
032004031080990990120000452400000
032004031080990990130000377800000
032004031080990990140000343000000
032004031071391390180000036400000
032004031071391390190000031000000
032004031071391390200000027300000
032004031071691690090000032400000
032004031071691690100000025000000
032004031071691690110000023000000
032004031071991990040000027700000
032004031082492490250000011700000
032004031082492490260000007000000
032004031082492490270000006800000
032004031122892890160000213300000
032004031122892890170000142100000
032004031122892890180000133400000
032004031083493490050000126400000
032004031083493490060000101000000
032004031083493490070000092000000
032004031083793790160000046500000
032004031083793790170000034300000
032004031083793790180000029300000
032004031084094090220000075300000
032004031084094090230000060300000
032004031084094090240000053900000
032004031084294290060000014000000
032004031084294290070000009000000
032004031084294290080000008200000
032004031074594590190000315300000
032004031074594590200000279900000
032004031074594590210000285800000
032004031084794790300000198000000
032004031084794790310000156300000
032004031084794790320000143300000
032004031084994990140000024500000
032004031084994990150000019500000
032004031084994990160000014800000
032004031040710710050000064700000
032004031040710710060000042700000
032004031071391390010000090400000
032004031071391390020000080700000
032004031071391390030000075200000
032004031171291290210000014700000
032004031122892890540000054900000
032004031122892890550000037100000
032004031122892890560000039900000
032004031174694690340000029400000
032004031084994990170000015900000
032004031084994990180000011700000
032004031084994990190000011900000
032004031040720720090000080200000
032004031040710710010001448100000
032004031040710710020001256900000
032004031012992990140000029100000
032004031012992990150000021400000
032004031040720720060000009800000
032004031082492490070001867400000
032004031082492490080001696600000
032004031082492490090001693000000
032004031084994990230000113700000
032004031084994990240000095700000
032004031084994990250000092300000
032004031133193190210012237500001
