041983051019990002240068379301960
041983051022290003080000331700017
041983051033390010000000931700047
041983051039990005640000069200005
041983051080990002240008324100939
041983051083490005740000608700014
041983051084990002240004866800776
041983051089990003080006519200735
041983051091790005450000043800007
041983051122890005870000336600000
041983051142090003080000079300000
041983051174690003080001339700015
041983051174690005740010572500212
041983051011490003080000324700002
041983051012190005960000083300001
041983051029990005560027919401871
041983051039990002240002042400069
041983051040790005960000404000014
041983051049990005870000090700000
041983051049990010000003826000134
041983051069990010000002302600136
041983051070290003080000193000006
041983051090890005340000065500000
041983051091790003080000144900005
041983051099990005870000027900000
041983051109990003080000176500010
041983051113690005990001072900017
041983051129990003080006587400051
041983051142090004420005850000175
041983051144890003730003666200048
041983051170390010000003403600152
041983051999990006390000039400003
041983051999990006400000139500000
041983051011190002240006819400094
041983051012390002240010228300349
041983051033390005560003385900104
041983051053590003910000052200001
041983051069990005960000415200010
041983051074590005560010457400653
041983051099990003080001946200025
041983051099990005340000091800004
041983051112790005960000236900011
041983051122890003540000238800000
041983051139990005740000075500002
041983051144890003080000173100000
041983051159990005960000359700008
041983051179990010000012948500595
041983051071690005560004559200557
041983051071990003080000250400035
041983051079990005870000016300000
041983051092590003080000261000014
041983051092590010000003647400502
041983051094390005740001509900066
041983051099990006800000772800057
041983051111590005560014765100352
041983051122890003870000176100003
041983051139990003730000347300001
041983051170390005890000034000001
041983051179990006840002934200038
041983051195290010000000395000005
041983051012990002750000048000000
041983051022290010000000598300128
041983051024490002240002483300467
041983051029990003080001878800107
041983051029990010000002488800343
041983051082490005560010880700712
041983051092590005740000397900002
041983051094390006800000721500053
041983051111590010000007087200206
041983051112790003710000066500001
041983051171290005740001357300024
041983051999990005560768319723325
041983051011490010000002058200105
041983051011890003080000541200027
041983051019990006240010952400136
041983051084290010000000803100246
041983051092590003500004606000676
041983051144890002240004780700027
041983051171290002240007375100464
041983051999990005990014330700757
041983051019990002740000053000002
041983051019990005160000196600007
041983051049990006460001483700040
041983051059990005960000007900000
041983051059990006520000738100003
041983051063990005890000007400000
041983051070290005740001337300049
041983051080990010000001681100477
041983051084990010000000489000052
041983051089990005890000027300000
041983051094390005340000026300004
041983051101090005560010097300906
041983051140190003080000215000002
041983051185190003080000172000002
041983051999990006850002256900012
041983051012990010000002578200166
041983051019990003870000006300000
041983051053890003080001163000040
041983051079990005340000053300000
041983051083490002240004811800697
041983051083790002630000096000020
041983051084290002240001872200343
041983051094390005560008371300260
041983051140190003780004703700244
041983051142090003780012548200397
041983051153090002240015203100221
041983051169990002240005131200576
041983051999990003850000119700000
041983051999990005340000304500007
041983051011490005560014015200445
041983051012190005560009918800471
041983051019990006030000882400062
041983051039990005560003385900104
041983051059990010000014105200372
041983051090890003500053603801124
041983051090890005250000062900000
041983051090890005900000094600000
041983051109990010000005698500402
041983051113690003080000381000002
041983051149990010000002831100264
041983051179990003470000045200000
041983051189990005960000154000002
041983051999990003080030827501299
041983051011890002240009988100463
041983051012390003080000213800002
041983051014190006240002186200022
041983051025090005330000081000003
041983051033390002240002042400069
041983051053890006690000099000000
041983051053890006850001090200009
041983051063990003080000603000018
041983051063990005740001218600019
041983051084790005560013026000524
041983051090890006280000389100000
041983051091790003720000843600041
041983051119990005560033533400929
041983051129990003350000118700000
041983051133190003080000038800001
041983051133190006890003318500082
041983051149990003730007289500122
041983051162690005560005820600353
041983051174690005520000173900009
041983051179990005960002081400083
041983051999990003710001874200021
041983051999990005160000196600007
041983051999990006130000825200017
041983051999990006690000099000000
041983051999990006890003380700085
041983051012990002740000053000002
041983051019990005870000286400000
041983051063990005560009905000342
041983051084990006150000150400016
041983051100690005740003195900133
041983051119990003380003763900150
041983051153090003080000477100000
041983051179990005250000029100000
041983051999990005330000081000003
041983051999990006140001370800063
041983051999990006320000708400021
041983051014190005560035151400653
041983051024490003080000243000021
041983051025090002240008544500423
041983051070290005960000029000002
041983051071690010000001025800156
041983051079990003870000219100008
041983051089990005750000004900000
041983051090890002240020313800113
041983051094390003080000270000005
041983051100690006390000016100000
041983051111590003080000564800009
041983051113690005560010048400185
041983051122890003080006587400051
041983051139990003080000038800001
041983051140190003730000602300004
041983051170390003870000128100002
041983051171290005560011247200450
041983051189990010000000140300000
041983051999990002670000191600050
041983051999990002730000291700001
041983051999990003350000118700000
041983051999990006520000738100003
041983051010490002240004923400281
041983051010490006240000253400008
041983051011490005890000012100000
041983051012390005960000077800004
041983051012990005560023336400557
041983051022290005560005211900629
041983051022290005960000099800008
041983051059990006130000825200017
041983051069990005890000007400000
041983051082490005960001194600132
041983051084790002240008402700729
041983051090890005870000027900000
041983051101090002240006360800582
041983051112790002680000742800018
041983051113290005560004013200208
041983051149990004420013647700326
041983051174690003430000006900000
041983051999990002320000019800000
041983051999990002740000053000002
041983051999990005520000173900009
041983051999990006460001483700040
041983051011190006280000065200000
041983051012990005740004575900152
041983051019990002750000048000000
041983051069990005560009905000342
041983051071990005740000619200026
041983051080990006390000003600001
041983051090890003460000008000000
041983051091790003500009459200907
041983051094390010000002888500385
041983051139990010000008300501222
041983051174690005960000549700014
041983051195290002240000345000006
041983051999990003720008522100157
041983051999990006070000128500002
041983051122890005740021100900141
041983051162690005740000242500004
041983051174690005890000109800000
041983051199990006080000045100000
041983051999990002750000048000000
041983051999990003730007636800123
041983051999990006770000099600000
041983051025090005170000539200002
041983051111590002680002332100061
041983051111590003710001031900018
041983051119990003710001874200021
041983051119990010000013338400416
041983051153090003870000057900000
041983051159990005740003195200040
041983051169990006180000902600098
041983051170390006280000169600000
041983051189990006070000128500002
041983051195290006080000045100000
041983051010490005960000050700002
041983051011190010000003649800112
041983051012990003080000598900007
041983051029990005170000579200004
041983051053590005560008891800114
041983051080590010000000953100143
041983051082490006150000323000016
041983051089990010000012074201723
041983051112790005990005296400219
041983051113690010000005179900152
041983051119990003080001254800018
041983051122890002730000228000000
041983051139990006890003318500082
041983051144890010000001739400113
041983051149990005560025728500351
041983051149990005740002079200015
041983051179990003110000052300000
041983051179990005560096194102579
041983051195290005560000811700014
041983051011190005740004512100071
041983051011890005960000142000001
041983051012190005160000196600007
041983051012390002730000030200001
041983051024490005590001031700343
041983051029990005740002388600042
041983051049990006450000177400005
041983051053590010000005568100185
041983051059990003910000052200001
041983051063990002240012013100445
041983051071390005740001572800037
041983051071990005960000135300010
041983051079990005560037271302450
041983051080590005750000004900000
041983051082490005950000219900008
041983051083490003080000154100010
041983051084290005560001835600359
041983051089990006150000473400032
041983051099990003720008522100157
041983051100690005560017513500853
041983051112790010000000846800038
041983051113290005740000217500002
041983051113690003710000775800002
041983051142090010000000841200134
041983051159990002240015203100221
041983051162690010000000721200096
041983051171290010000002125600083
041983051999990002240457300520671
041983051012190002240003937400184
041983051019990005960000544800008
041983051039990003080000228400008
041983051053590006130000825200017
041983051053890006400000139500000
041983051071390003870000094800003
041983051080590005560002801100390
041983051084790010000001024200154
041983051099990006280000389100000
041983051111590006280000073100000
041983051112790005740000289400003
041983051113290006320000322500019
041983051113690002240014107100363
041983051129990005560117174800652
041983051129990006280000784300000
041983051139990005560007580300258
041983051144890005740001444900012
041983051162690002240005131200576
041983051999990004490000008200005
041983051999990005750000009700000
041983051999990005950000219900008
041983051999990006440000095200002
041983051999990006990000475900000
041983051011490005740012347000163
041983051022290005590001041700108
041983051053590006850001166700003
041983051059990002530001926100030
041983051070290005340000053300000
041983051082490002240007814800731
041983051084790002630000196700032
041983051090890003720006108100035
041983051099990005740040203800369
041983051101090005740000829100038
041983051113690006770000099600000
041983051133190004420002078700059
041983051139990004420002078700059
041983051144890005560015207300170
041983051149990003780039224201261
041983051149990006280000209100000
041983051153090010000001829000049
041983051171290006840000467100003
041983051999990005250000371600001
041983051033390005640000069200005
041983051049990006440000095200002
041983051059990006400000139500000
041983051069990002240012013100445
041983051083790005740000297500003
041983051094390003720000818700026
041983051100690003080000030700003
041983051111590005340000063000002
041983051112790006880000035800000
041983051129990005960004524800010
041983051139990003780001349900063
041983051170390000070000073400000
041983051010490006030000882400062
041983051070290002240005954500311
041983051071390003080000355900020
041983051090890005740037333300286
041983051091790002240001515400045
041983051129990010000004047200351
041983051139990002240002058900075
041983051169990010000000721200096
041983051185190010000000140300000
041983051999990005740151302302529
041983051011190005960000191000000
041983051012390005750000004800000
041983051022290005740000651700024
041983051040790010000003826000134
041983051053590005960000007900000
041983051053890005560010741800288
041983051063990005960000415200010
041983051071690002240004852500751
041983051080990005560005255100399
041983051083490010000001017800249
041983051101090006890000062200003
041983051113690003380003203600125
041983051119990002240043622801530
041983051119990005740003143700034
041983051133190004490000008200005
041983051140190005740000113200000
041983051162690003080000274600016
041983051999990002680005002500117
041983051010490005560009364800454
041983051012190006280000072300000
041983051019990005890000304700002
041983051029990002240014318001329
041983051059990006690000099000000
041983051084090003080000454900047
041983051090890005560096674000839
041983051090890006330000064500000
041983051111590002240016221800525
041983051133190005560007580300258
041983051139990005640000384000011
041983051142090003730003021000070
041983051174690002240032053600743
041983051185190005960000154000002
041983051029990005960000099800008
041983051040790006460001483700040
041983051040790006820002799600136
041983051059990005740002343200030
041983051071390010000002659300109
041983051074590003870000117700005
041983051083490005960000068000005
041983051083790002240007551401121
041983051099990002240027586300495
041983051129990005890000042700000
041983051142090005740000521100003
041983051153090005560023449000357
041983051171290000070000219400005
041983051999990005420000009300000
041983051999990006080000045100000
041983051011490006240000772400019
041983051053590006520000738100003
041983051069990005410000045100000
041983051091790010000003500300439
041983051099990005250000062900000
041983051109990005740004025000171
041983051119990005960001134200037
041983051174690005560054222801424
041983051174690006840002095000021
041983051179990003870000128100002
041983051179990005740015923200297
041983051999990005900000094600000
041983051999990006170000084600001
041983051999990006240010952400136
041983051011190005560018562700352
041983051012190005890000003900000
041983051049990005740000725600004
041983051053890002240005737300173
041983051063990005410000045100000
041983051074590003080000718600058
041983051084090005960000295700016
041983051113290002320000019800000
041983051169990005740000242500004
041983051179990006280000169600000
041983051199990005560000811700014
041983051999990003430000006900000
041983051011890006240000116500002
041983051014190005740011580800278
041983051019990005420000009300000
041983051084790003870000009700000
041983051111590006320000340600002
041983051153090005610001235600005
041983051010490003080000131000010
041983051014190002240014842300223
041983051040790006440000095200002
041983051074590005960000586300025
041983051083490005560003479200275
041983051099990005450000438900008
041983051119990002320000019800000
041983051119990006320000708400021
041983051122890005250000218400000
041983051122890005890000042700000
041983051129990005740021100900141
041983051169990003080000274600016
041983051999990003780040574101324
041983051999990010000131598909935
041983051012990005890000197300002
041983051024490005170000040000002
041983051029990006280000282000000
041983051039990005740000604500016
041983051053890010000008537100187
041983051059990006390000019700002
041983051071390002240008728600408
041983051080990005740000738300009
041983051083790005560009852800970
041983051084790003080000934800051
041983051089990005740004214400086
041983051092590005560005287300266
041983051111590005740001406700016
041983051129990002730000228000000
041983051129990003870000176100003
041983051129990005250000218400000
041983051162690006180000902600098
041983051170390005560030724100705
041983051170390005740003993400061
041983051179990003080002922600049
041983051185190005740000042600000
041983051999990005640000499100017
041983051999990006820002799600136
041983051010490005740000842900028
041983051012990002240008953800185
041983051070290010000001237100060
041983051082490010000004470200182
041983051084090005740000133300001
041983051089990003870000031300001
041983051099990003460000008000000
041983051113690006320000045300000
041983051119990005340000101700003
041983051144890004420006713100137
041983051189990005560000807100012
041983051199990002240000345000006
041983051199990003080000058800000
041983051999990003440000031000002
041983051999990003910000052200001
041983051999990004420015726400385
041983051012990005420000009300000
041983051019990010000017789500955
041983051053590003080001391800024
041983051069990006140001370800063
041983051071690005740000692300050
041983051079990003080001575900127
041983051091790006800000051300004
041983051099990006330000064500000
041983051100690005960000017500000
041983051109990005560027610801759
041983051113290002680000354100009
041983051113290010000000224500020
041983051129990005870000336600000
041983051133190003780001349900063
041983051149990005340000051700000
041983051179990003430000006900000
041983051999990005450000438900008
041983051999990005610001235600005
041983051999990005890000525900003
041983051999990006150000473400032
041983051999990006180000902600098
041983051012990005870000140400000
041983051019990005560148550204411
041983051053590005740001230100006
041983051074590010000002520700180
041983051080590003080002226700355
041983051089990005950000219900008
041983051089990005960003124700518
041983051090890003850000119700000
041983051090890010000009811400860
041983051091790005740000962700015
041983051099990003850000119700000
041983051122890006280000784300000
041983051129990005340000006000000
041983051142090005250000009300000
041983051144890005340000030400000
041983051159990003080000477100000
041983051174690006990000475900000
041983051189990003080000172000002
041983051999990002530001926100030
041983051999990005870000757900000
041983051012990003870000006300000
041983051014190003080000407900003
041983051014190010000003192900149
041983051019990005750000004800000
041983051025090010000001196800137
041983051059990002240013324100280
041983051071690005960000944300105
041983051079990010000007983600639
041983051080990003080000682600014
041983051100690002240009405200424
041983051113690005960000132500003
041983051119990005990014330700757
041983051140190005560003383000054
041983051153090005960000359700008
041983051999990005170000579200004
041983051999990006800000772800057
041983051033390005740000604500016
041983051053590006390000019700002
041983051069990005740001218600019
041983051079990002240033731603240
041983051083790003080000653000065
041983051084090005560002869800370
041983051099990005560117651801683
041983051099990005900000094600000
041983051100690010000003160500239
041983051101090003790002091200199
041983051109990006890000062200003
041983051112790002240007866800326
041983051112790005560004706700184
041983051113290005340000038700001
041983051119990002680005002500117
041983051119990006770000099600000
041983051140190002240001837900065
041983051170390003080001298200018
041983051185190002240000459000007
041983051012390005560018762800659
041983051079990005960001694900142
041983051082490005740001089000032
041983051084290002630000140600088
041983051084990005560004771200596
041983051111590005960000764800023
041983051113690005740001230100013
041983051149990005250000061200001
041983051999990002630000472900152
041983051999990003380003763900150
041983051999990006330000064500000
041983051999990006840002934200038
041983051012390003440000031000002
041983051022290002240003290200439
041983051040790003080000509000008
041983051063990006140001370800063
041983051071390005560010914600455
041983051113290003080000255100007
041983051140190010000000250500017
041983051142090005340000021300000
041983051142090005640000045900001
041983051174690003110000052300000
041983051999990005590009292201116
041983051011490002240008686600181
041983051012190003080000147500002
041983051014190005870000146000000
041983051019990003440000031000002
041983051025090003080001304100069
041983051025090005560019646900727
041983051039990010000000931700047
041983051040790005870000090700000
041983051063990010000002302600136
041983051094390002240003516700179
041983051109990006390000016100000
041983051113690002680001573500029
041983051119990006880000035800000
041983051139990004490000008200005
041983051174690000070000126800002
041983051174690010000007419300360
041983051010490005890000091400000
041983051011190003080000217200005
041983051053890005740001113100024
041983051071390005870000016300000
041983051084090010000000691400091
041983051084990005960000975600166
041983051094390003500007098700508
041983051122890005960004524800010
041983051122890010000004047200351
041983051142090005560007138200127
041983051149990003080000467400002
041983051170390002240016635100510
041983051189990002240000459000007
041983051999990005410000045100000
041983051040790002240010425700258
041983051059990003080002554800064
041983051059990005560019633600402
041983051059990006850002256900012
041983051079990005740006181700233
041983051079990006170000084600001
041983051099990003500074767703215
041983051100690003790000035500000
041983051140190004420001084600014
041983051144890003780021972300620
041983051179990002240056063801717
041983051011890005740004409800184
041983051012390010000000751100035
041983051040790005740000725600004
041983051053590002530001926100030
041983051071690003080000058000008
041983051080990005960000590800199
041983051084090002240003660200756
041983051084990005740000143200006
041983051084990005890000027300000
041983051089990002240051155206803
041983051089990002670000191600050
041983051089990005560054771504595
041983051101090010000002538000163
041983051111590003380000560300025
041983051122890002240077893200557
041983051133190002240002058900075
041983051142090002240001163200005
041983051170390006840000372100014
041983051174690003470000045200000
041983051174690005250000029100000
041983051179990002730000033500000
041983051185190005560000807100012
041983051999990000070000419600007
041983051999990003110000052300000
041983051999990003470000045200000
041983051999990005960014562900840
041983051012990006240001623600044
041983051019990003080002582200058
041983051019990006280000185300000
041983051024490005740000103600009
041983051049990005960000404000014
041983051083790002670000191600050
041983051083790010000000944300129
041983051084290005740000012400001
041983051099990010000019847602186
041983051109990002240015766001006
041983051199990010000000395000005
041983051999990003870000618800014
041983051033390003080000228400008
041983051040790006450000177400005
041983051049990002240010425700258
041983051080590005740000125100008
041983051083490003870000021600001
041983051092590002240002240400158
041983051092590003720000751700055
041983051109990003790002126700199
041983051112790003080000053900000
041983051113290002240005427100316
041983051159990005610001235600005
041983051179990000070000419600007
041983051179990005520000173900009
041983051179990006990000475900000
041983051999990003460000008000000
041983051999990006030000882400062
041983051999990006450000177400005
041983051999990006880000035800000
041983051029990005330000081000003
041983051029990005590009292201116
041983051040790005560010520700203
041983051053590002240007586800107
041983051069990003080000603000018
041983051070290005560008616000401
041983051070290006170000084600001
041983051074590002240010676500785
041983051074590005740001960100071
041983051080590002240003851200711
041983051082490003080000357800023
041983051109990005960000017500000
041983051113290005990006464200475
041983051122890003350000118700000
041983051122890005340000006000000
041983051129990002240077893200557
041983051133190010000008300501222
041983051149990002240007781800097
041983051170390002730000033500000
041983051171290003080000284700016
041983051999990003790002126700199
041983051010490010000001405700109
041983051011890005560019438100820
041983051012190010000001904600100
041983051024490010000000693700078
041983051025090005590007218800665
041983051070290003870000006600000
041983051071990002240003519500985
041983051089990002630000472900152
041983051101090003080000145800007
041983051111590005990001497200046
041983051129990003540000238800000
041983051133190005640000384000011
041983051144890006280000209100000
041983051159990010000001829000049
041983051195290003080000058800000
041983051011490006280000047800000
041983051012190005740001869000061
041983051012390006240000302300001
041983051019990005740043594101026
041983051049990003080000509000008
041983051084790005740001066900012
041983051084990003080001009900164
041983051090890003080001270300001
041983051090890005450000369500001
041983051119990006280000195400000
041983051133190005740000075500002
041983051159990003870000057900000
041983051999990006280002214800000
041983051011190006240005465400034
041983051011890010000002249000179
041983051012190006240000232600006
041983051019990002730000030200001
041983051024490005560003060600515
041983051025090005740001633300009
041983051025090006280000282000000
041983051049990005560010520700203
041983051049990006820002799600136
041983051071990005560002724100384
041983051071990010000000540700134
041983051084090002630000039600012
041983051089990006390000003600001
041983051091790005560007319200318
041983051094390005450000025600000
041983051113690006280000122300000
041983051122890005560117174800652
041983051133190003730000347300001
041983051144890005250000051900001
041983051149990005640000045900001
041983051153090005740003195200040
041983051179990005890000143800001
041983051999990003500074767703215
041983051012390005740003456600089
041983051084290003080000045400006
041983051159990005560023449000357
041983051169990005560005820600353
041983051170390005960000712700014
041983051171290005960000819000055
041983051185190006070000128500002
041983051189990005740000042600000
041983051999990003540000238800000
