022019041010490000830007395200002
022019041011190000580000081200000
022019041011190000830009939400001
022019041011490000570000123300000
022019041011890000470000087600000
022019041012190001170003392000000
022019041012990001170011419900001
022019041019990000580000469700000
022019041019990001000000432600000
022019041029990001040000182500000
022019041040790000350001169200000
022019041049990001000000068600000
022019041053590000770009121600002
022019041053890000770007569500001
022019041071390001170004031300001
022019041071690000660000008400000
022019041071990001000000025400000
022019041071990001170002350100000
022019041074590000830008713400002
022019041074590000960012356100002
022019041080590000220001910200001
022019041083790000960005933100001
022019041084290001050000010300000
022019041084990000770000918700000
022019041091790000420001443400000
022019041091790000490008586300002
022019041094390000230005239500001
022019041094390000610000026000000
022019041094390000830002137600000
022019041099990000920096225700012
022019041111590000240000127200000
022019041111590000750010001900001
022019041112790000120000965800000
022019041113690000300000088600000
022019041122890000560001920800000
022019041133190000540000332500000
022019041153090000450000071200000
022019041162690000890000209800000
022019041169990000220003218100001
022019041170390000960025940400004
022019041171290000090000058600000
022019041171290000540000338100000
022019041179990000220048306800006
022019041179990000960074648600010
022019041195290000960000698900000
022019041999990000160000045900000
022019041999990000180000108100000
022019041999990000570000913000000
022019041999990000660001402200000
022019041999990000750023806100002
022019041999990000770289741900033
022019041014190000660000083000000
022019041014190000960041654300005
022019041019990000440000025700000
022019041024490000960002562900001
022019041025090000540000546900000
022019041040790000830008735200001
022019041049990001040000119700000
022019041053590000830008831300002
022019041063990000830007790200001
022019041063990001040000033200000
022019041069990001000000027400000
022019041069990001170004013900000
022019041071690001000000010900000
022019041071990000770001752400000
022019041080590000540000067300000
022019041082490000660000040200000
022019041084090000220001846000001
022019041084290000830001388700001
022019041084290000960001651300001
022019041084790000630000031300000
022019041084990000540000058500000
022019041084990000910000040500000
022019041090890000450000221300000
022019041094390001170002010500000
022019041099990000540006389500000
022019041099990000830020084100001
022019041099990001170014884400001
022019041100690000540000293800000
022019041100690001040000044900000
022019041101090001170002590300000
022019041109990000170000215000000
022019041111590000540000717600000
022019041112790001040000030600000
022019041113290000540000157600000
022019041113290001040000020200000
022019041113690001040000100700000
022019041139990000790006839300001
022019041139990000960009455100002
022019041139990001170001777100000
022019041140190000220000708200000
022019041140190000670000023500000
022019041140190001010000033800000
022019041144890000940013654700002
022019041144890001040000117700000
022019041144890001170001583900000
022019041159990001080000497600000
022019041159990001170014323400002
022019041171290001040000034100000
022019041174690000380000215600000
022019041195290001000000003900000
022019041999990000190000254100000
022019041999990000470000087600000
022019041999990000630000899100000
022019041011190001170008743800001
022019041011490000220007997800001
022019041012190000110000085600000
022019041014190001040000159200000
022019041022290000960004135400001
022019041024490000500000004700000
022019041029990000540000693400000
022019041029990001000000099300000
022019041029990001030000083500000
022019041033390000660000135900000
022019041033390000720000048000000
022019041039990000220010468800001
022019041053890000830007649100001
022019041059990001170006961400000
022019041063990000630000028600000
022019041063990001000000027400000
022019041069990000830007790200001
022019041070290000220004383500001
022019041070290001170003394800000
022019041071390001050000052900000
022019041074590000540000393100000
022019041079990000220020753000004
022019041080990000830005392600001
022019041083790001170002663100000
022019041084090000570000018400000
022019041084090001050000018300000
022019041089990000560000062300000
022019041089990000630000031300000
022019041090890000420008494500000
022019041091790000450000024000000
022019041091790000550000511200000
022019041094390000450000020000000
022019041094390001040000046200000
022019041099990000190000254100000
022019041109990000220011803500002
022019041111590000680000060000000
022019041112790000130000007300000
022019041112790000830006719100002
022019041113290000830006702000002
022019041122890001170052417600005
022019041144890000540000618700000
022019041144890000800012174000002
022019041149990000540001122700000
022019041153090001170014323400002
022019041159990000570000116200000
022019041162690000960005730700002
022019041174690001040000210800000
022019041195290001040000009900000
022019041999990000440000025700000
022019041999990000610000337300000
022019041011190000110000428400000
022019041011190000220013156700002
022019041011890000580000037300000
022019041012190000830004490900001
022019041012390000110000054500000
022019041012390000830007588500001
022019041012390001000000032500000
022019041019990000220081156200011
022019041022290000410000012700000
022019041022290000630000021600000
022019041022290001040000028400000
022019041024490000540000045200000
022019041025090000280000262600000
022019041025090000770007755500001
022019041025090001030000062100000
022019041025090001040000142800000
022019041029990000220015557600003
022019041040790000220009034000001
022019041040790000740009247700002
022019041049990000060002519100000
022019041049990000740009247700002
022019041053890001000000058200000
022019041059990000770016691100003
022019041063990000220005436100001
022019041063990000730000018700000
022019041071390000540000236000000
022019041079990000830026912500006
022019041079990001170018144400002
022019041082490000960009553600002
022019041082490001000000041900000
022019041084290000770000448100000
022019041084790000830007843300001
022019041084790001120000049000000
022019041084990001000000014100000
022019041090890001040000584500000
022019041092590000230001915000000
022019041092590000320001872300000
022019041092590001040000020400000
022019041094390000420000823400000
022019041100690000250000030800000
022019041100690001170004489000001
022019041101090000220004245200001
022019041101090000560000074300000
022019041101090000770002429200000
022019041113290000240000027200000
022019041113690000360000670500000
022019041119990000360001789900000
022019041119990001160000033500000
022019041133190001040000129500000
022019041133190001170001777100000
022019041139990001040000129500000
022019041140190000940003972200001
022019041142090000270011966800002
022019041144890000220002139200000
022019041153090000220015028900002
022019041162690000830004794700001
022019041169990000540000139400000
022019041169990000770002133100000
022019041170390001040000152700000
022019041171290001000000030200000
022019041171290001170003755100000
022019041199990001000000003900000
022019041999990000250000030800000
022019041999990000280000707200000
022019041999990000500000004700000
022019041999990000880000266300000
022019041999990001030000083500000
022019041011190000540001107900000
022019041011490000660000042600000
022019041012190000220004484200001
022019041014190000810017949700002
022019041019990000810065494400009
022019041019990001170061292100006
022019041024490000220001535700001
022019041025090000410000065800000
022019041053590000150003485300000
022019041053590000540000866900000
022019041053590000720000055900000
022019041053590001170003822900000
022019041053890000030000177400000
022019041053890000390000057100000
022019041053890000540000915700000
022019041059990000720000055900000
022019041074590001000000055900000
022019041080590000770000773000000
022019041080590000830003200100001
022019041082490000910000147600000
022019041083790000660000026500000
022019041084790000220006777500001
022019041084790000770003930500000
022019041084990000830003275000001
022019041089990000160000045900000
022019041090890000650000188200000
022019041091790000370011403100003
022019041092590000420000619400000
022019041092590000540000208900000
022019041099990000450000279100000
022019041101090000830005719500001
022019041109990000830014047300002
022019041109990000960025018000005
022019041111590001040000133100000
022019041113290000360000222000000
022019041113290000930006330400002
022019041129990001170052417600005
022019041140190001170000560800000
022019041153090000630000066300000
022019041159990000220015028900002
022019041162690001040000027500000
022019041169990000280000038500000
022019041171290000640000032900000
022019041171290000830006375600001
022019041174690001100000447300000
022019041174690001170017007000002
022019041179990000400000022200000
022019041195290000220000435100000
022019041195290000830000808700001
022019041999990000060002519100000
022019041999990000130000007300000
022019041999990000240000276000000
022019041010490000280000053600000
022019041010490000540000345200000
022019041011490000830008920300001
022019041011890000110000077900000
022019041011890000540000580400000
022019041011890000660000039100000
022019041012190000580000027200000
022019041012190000810003439600001
022019041012390000960015293200003
022019041012390001040000040100000
022019041019990000470000087600000
022019041019990001060000019000000
022019041024490001000000007400000
022019041033390001000000077700000
022019041039990000820010742600001
022019041039990000960020758600003
022019041039990001170007201800001
022019041053890000960014113200002
022019041059990000600000148600000
022019041063990000280000042700000
022019041074590001050000070300000
022019041079990000770012074700000
022019041080990000540000198100000
022019041080990000770002743600000
022019041082490000770003510300000
022019041083790000910000030900000
022019041083790001050000027500000
022019041084090001000000012700000
022019041084290001000000007700000
022019041084790000960009724400002
022019041084990001170001288700000
022019041089990000770015853500000
022019041091790000320003694700000
022019041091790000840001237700000
022019041091790001040000043300000
022019041099990000370102039200015
022019041100690000220007558300001
022019041100690001000000044200000
022019041109990000770006254400000
022019041111590000830017279900003
022019041111590000930021266500003
022019041112790000240000039100000
022019041112790000540000160200000
022019041113290001000000021300000
022019041113690000220006386700001
022019041113690000930018578500003
022019041129990000630000203800000
022019041140190000270004030000001
022019041140190000330002474700001
022019041149990000830009504100000
022019041153090000770008005300001
022019041159990000450000071200000
022019041162690001170001625500000
022019041170390000730000097300000
022019041171290000380000085900000
022019041185190000960001380000001
022019041189990000770000183800000
022019041189990001170000909200000
022019041199990001040000009900000
022019041999990000270039588400006
022019041999990000580000469700000
022019041999990001160000033500000
022019041011490000580000081600000
022019041011890001000000062400000
022019041012390001170004693400000
022019041012990000580000083500000
022019041012990000810011853700002
022019041012990001000000104600000
022019041019990000180000108100000
022019041024490001170000833600000
022019041025090000630000045300000
022019041029990001090000002800000
022019041029990001170009238800001
022019041033390001040000113300000
022019041040790000060002519100000
022019041040790000970013669800003
022019041053590000030000126300000
022019041053590000600000083100000
022019041053590001000000083700000
022019041059990000220015568200002
022019041059990000530003622500000
022019041059990001000000141900000
022019041069990000280000042700000
022019041080990000220004353300001
022019041080990000960006428700002
022019041084790000540000269900000
022019041084990000660000011600000
022019041089990001170018688200001
022019041091790000610000035300000
022019041092590001170000600500000
022019041094390000320005097900001
022019041099990000220047937400005
022019041099990000320061566500007
022019041100690000170000092000000
022019041109990000250000030800000
022019041109990001000000044200000
022019041112790000680000030400000
022019041113290001170000998400000
022019041113690000680000060100000
022019041133190000960009455100002
022019041142090000220001189200000
022019041142090000540000317100000
022019041142090000830002079700000
022019041149990001040000230600000
022019041149990001070000052800000
022019041153090001040000140600000
022019041153090001080000497600000
022019041159990000540001061100000
022019041179990000730000097300000
022019041179990001000000030200000
022019041185190000220000454600000
022019041195290000210000685700000
022019041199990000770000129200000
022019041999990000110001140700000
022019041999990000520010761900002
022019041011890000440000025700000
022019041022290000780001715100000
022019041022290001170001338900000
022019041024490000830001856600001
022019041029990000500000004700000
022019041039990000560000455400000
022019041049990000970013669800003
022019041063990000770003678400000
022019041069990000960009053400002
022019041071390000830006955900001
022019041071690000220001646700000
022019041071690000730000005600000
022019041071990001050000033500000
022019041079990000660000026600000
022019041083490000660000013300000
022019041083490000960003320900001
022019041083490001050000026500000
022019041084090000160000045900000
022019041084290000660000008100000
022019041084790001050000054500000
022019041090890000320050901600006
022019041090890000550005050500000
022019041090890001170011201900001
022019041091790001170001071500000
022019041094390000920008965000001
022019041100690000560000074500000
022019041100690000830008327800001
022019041111590000570000181400000
022019041112790000360000216800000
022019041113290000750001721300000
022019041122890000220079220300008
022019041122890000720000345600000
022019041129990000660000232900000
022019041139990000330004676500000
022019041144890000330009177100001
022019041149990000800022450500004
022019041149990000940025398900004
022019041169990000890000209800000
022019041169990001000000019900000
022019041170390000220017769100002
022019041171290000200001671300000
022019041174690000220025436000003
022019041179990000540003728600000
022019041179990000760038279800005
022019041185190000770000183800000
022019041185190000830000814700000
022019041199990000210000685700000
022019041199990000220000435100000
022019041999990000210000685700000
022019041999990000220415566500057
022019041999990000350001169200000
022019041999990000380000423600000
022019041999990000390000057100000
022019041999990000830437365300066
022019041999990000900005226600001
022019041999990001000002186300000
022019041999990001120000049000000
022019041011490000280000078800000
022019041011890000810007146600001
022019041014190000830016289100002
022019041019990001040000782600000
022019041022290000280000047400000
022019041022290000540000101300000
022019041024490000630000009600000
022019041033390000540000667000000
022019041039990000040000093200000
022019041049990001170005856700001
022019041059990000540001782600000
022019041059990000960029547400005
022019041063990000660000026000000
022019041063990000960009053400002
022019041069990000900005226600001
022019041070290000630000022400000
022019041070290000770002485500000
022019041071990000960004252100001
022019041079990000540001108800000
022019041079990000630000022400000
022019041079990000690000027700000
022019041080590000400000009600000
022019041080990000660000042100000
022019041082490000540000233800000
022019041083490001000000015900000
022019041083490001170001240700000
022019041083790000540000137000000
022019041083790000770001657500000
022019041089990001000000242800000
022019041090890000840015593500001
022019041090890000920076954800009
022019041091790000230003400900000
022019041092590000490004678100001
022019041094390000650000047100000
022019041099990000650000235300000
022019041101090000540000172400000
022019041101090001040000040700000
022019041111590000360000680600000
022019041111590001170003818700000
022019041112790000220001781200000
022019041112790000930006644100002
022019041119990000240000276000000
022019041119990000680000164800000
022019041119990000830045130000009
022019041119990001040000284600000
022019041122890001050000751200000
022019041129990000960103153400011
022019041142090000940007772000001
022019041159990000830018016300002
022019041162690000280000038500000
022019041179990000630000321600000
022019041179990001040000397600000
022019041185190001000000008700000
022019041195290001170000580700000
022019041999990000120009443300000
022019041999990000430002230900000
022019041999990000720000449500000
022019041999990001090000002800000
022019041010490000580000035300000
022019041010490001000000033500000
022019041010490001170006264800001
022019041011190001040000162000000
022019041011890001040000063000000
022019041012990000220015931600002
022019041014190000110000328800000
022019041014190000580000079900000
022019041019990000280000132400000
022019041019990000540006202700000
022019041022290000220002456800001
022019041033390000040000093200000
022019041040790001000000068600000
022019041040790001040000119700000
022019041053590001040000143900000
022019041063990001170004013900000
022019041069990000220005436100001
022019041069990001040000033200000
022019041071690000960004265400002
022019041071990000830002861800001
022019041082490001050000029900000
022019041083490000770000978700000
022019041084090001170001146800000
022019041084290001170000486600000
022019041089990000830039586600010
022019041089990001050000270100000
022019041089990001120000049000000
022019041090890000370071671400008
022019041091790000190000048500000
022019041094390000190000026300000
022019041099990000980000041700000
022019041101090000960009301600002
022019041129990001000000522100000
022019041133190000520010761900002
022019041140190000540000186900000
022019041142090000290000067800000
022019041142090000330009636400002
022019041142090001170000678300000
022019041153090000260000050400000
022019041162690000220003218100001
022019041169990000830004794700001
022019041170390000100000318300000
022019041170390000200003103000000
022019041174690000630000154200000
022019041179990000200017382100001
022019041179990000380000423600000
022019041189990000960001380000001
022019041189990001040000015700000
022019041999990000370102039200015
022019041999990000420011380700000
022019041999990000490050078700007
022019041999990001040004736300000
022019041999990001080000497600000
022019041010490000960009892400002
022019041011890000220009093500001
022019041019990000110001140700000
022019041019990000570000564500000
022019041019990000830078738400011
022019041024490000280000027200000
022019041024490001030000006600000
022019041025090000220011565100001
022019041025090001000000074900000
022019041033390000560000455400000
022019041033390000820010742600001
022019041040790000540000886400000
022019041040790001170005856700001
022019041053890000150010281100002
022019041053890000600000065500000
022019041059990000830016480400003
022019041071390000770002695200000
022019041071690001050000013500000
022019041074590001170006692700001
022019041079990000570000032500000
022019041080990001050000071500000
022019041082490000830006853000001
022019041082490001170003365300000
022019041083490000400000009900000
022019041083490000540000079900000
022019041083490000830003133200001
022019041084090000540000061100000
022019041089990000540001131900000
022019041089990000960045333900012
022019041092590000370007576000002
022019041092590000450000013800000
022019041092590000610000020500000
022019041092590000920003763700001
022019041094390000540000618900000
022019041109990000560000148800000
022019041109990001040000085600000
022019041113290000120000754800000
022019041119990001000000021300000
022019041129990000220079220300008
022019041139990000430002230900000
022019041144890000670000060300000
022019041149990000220004036600000
022019041153090000570000116200000
022019041159990000770008005300001
022019041170390000630000134500000
022019041170390001170011524900001
022019041174690000090000356300000
022019041174690000760021152700002
022019041195290000770000129200000
022019041999990000320061566500007
022019041999990000530003622500000
022019041999990000690000027700000
022019041010490000810002893400000
022019041011190000810011080700002
022019041011490001000000046900000
022019041012190000570000087100000
022019041012990000830014456200002
022019041014190000540001507300000
022019041014190001000000152700000
022019041033390000220010468800001
022019041039990000860011218000001
022019041049990000350001169200000
022019041053590000960015434200003
022019041053890000220007166700001
022019041059990000390000057100000
022019041069990000540000304900000
022019041069990000630000028600000
022019041071390000220005073300001
022019041071390000960010072000002
022019041071990000220002681700001
022019041074590000770004193400000
022019041080590001170001462300000
022019041082490000220005094500001
022019041083790000830006015400002
022019041084090000770000893100000
022019041084090000960002608800001
022019041084290000540000026300000
022019041084790000400000022900000
022019041084790001170004596500001
022019041084990000220001872900001
022019041084990001050000014700000
022019041089990000570000018400000
022019041090890000610000255500000
022019041099990001040000694400000
022019041101090000170000123000000
022019041119990000130000007300000
022019041119990000570000181400000
022019041119990000930052819500010
022019041122890000630000203800000
022019041122890000830070511900007
022019041122890001000000522100000
022019041129990000540005090900000
022019041129990000720000345600000
022019041129990000830070511900007
022019041133190000790006839300001
022019041139990000520010761900002
022019041139990000540000332500000
022019041140190001040000053600000
022019041142090000800007129600001
022019041149990000270039588400006
022019041159990000260000050400000
022019041169990001040000027500000
022019041170390000540001298200000
022019041171290000220005101700001
022019041171290000960009237900002
022019041174690000960039470300004
022019041179990000830049868000007
022019041999990000030000303700000
022019041999990000040000093200000
022019041999990000090000733200000
022019041999990000200017382100001
022019041999990000890000209800000
022019041999990001070000052800000
022019041999990001170268809200024
022019041010490000220005626800001
022019041011490000540000494600000
022019041011490000960016300000002
022019041012190001040000064600000
022019041012390000580000043700000
022019041012390001060000019000000
022019041012990000110000165500000
022019041012990000660000063100000
022019041012990001040000176900000
022019041014190000570000131700000
022019041019990000960156868200024
022019041022290000830002514900001
022019041024490000770000822400000
022019041024490001090000002800000
022019041025090000660000058900000
022019041025090000960017355700003
022019041025090001170007066300001
022019041029990000630000076500000
022019041029990000960024054000005
022019041039990000540000667000000
022019041039990000660000135900000
022019041040790000560000079600000
022019041049990000540000886400000
022019041053890001040000121200000
022019041059990000150013766400002
022019041059990001040000265100000
022019041069990000730000018700000
022019041069990000770003678400000
022019041070290001050000032400000
022019041071690000770000948200000
022019041071690001170001675500000
022019041079990001050000202600000
022019041080590000560000034700000
022019041080590001050000016900000
022019041080990001000000059700000
022019041084090000560000027600000
022019041084090000660000008900000
022019041084290000880000266300000
022019041084790001000000047300000
022019041089990000220028746800008
022019041099990000420011380700000
022019041099990000610000337300000
022019041100690000770003825200000
022019041109990001170007079300001
022019041112790000750002028200000
022019041112790001170001145000000
022019041113290000680000014300000
022019041113690000540000685900000
022019041113690000750010054700001
022019041119990000120009443300000
022019041129990000770061391100006
022019041129990001050000751200000
022019041139990001000000120300000
022019041140190000830002438500000
022019041142090001040000059300000
022019041149990000330021288200004
022019041153090000540001061100000
022019041159990000960019054000003
022019041162690000770002133100000
022019041162690001000000019900000
022019041169990000960005730700002
022019041171290000400000022200000
022019041174690000200012607800001
022019041179990001100000447300000
022019041189990001000000008700000
022019041999990000260000050400000
022019041999990000360001789900000
022019041999990000540032829900000
022019041011490000810007042700001
022019041011890000960017747800003
022019041012390000180000108100000
022019041012390000220006141300001
022019041012390000540000336900000
022019041012990000960025190800004
022019041014190000220018724300002
022019041014190001170013694900001
022019041022290001000000017000000
022019041024490001040000011300000
022019041029990000410000078500000
022019041029990000830014324200003
022019041033390001170007201800001
022019041049990000220009034000001
022019041049990000830008735200001
022019041053590000530003622500000
022019041063990000900005226600001
022019041070290000830005181700001
022019041071390000690000027700000
022019041071690000540000077600000
022019041071990000570000032500000
022019041074590000220006967800001
022019041079990000960038446100009
022019041080590000960002650300001
022019041080590001000000011300000
022019041084290000220000850100000
022019041089990000910000219000000
022019041094390000370011388700002
022019041094390000490005123900001
022019041111590000120004509500000
022019041111590000220008167700001
022019041113290000220002068900000
022019041113690000830014429000002
022019041119990000300000088600000
022019041133190000430002230900000
022019041142090000340000031300000
022019041142090001000000042900000
022019041144890000830004985900000
022019041144890001000000084400000
022019041149990000670000115100000
022019041159990001040000140600000
022019041170390000830017905600003
022019041174690000830025586800003
022019041189990000220000454600000
022019041999990000330025964700004
022019041999990000410000078500000
022019041999990000450000350300000
022019041999990000560003023600000
022019041999990000910000219000000
022019041999990001100000447300000
022019041010490001040000041200000
022019041011190000570000222400000
022019041011490001040000075600000
022019041011490001170005691900001
022019041012190000540000318200000
022019041012190000960009776600002
022019041012990000540001512200000
022019041014190000560000356700000
022019041029990000660000058900000
022019041033390000860011218000001
022019041033390000960020758600003
022019041039990000720000048000000
022019041039990001000000077700000
022019041039990001040000113300000
022019041049990000560000079600000
022019041053890001170003138500000
022019041069990000660000026000000
022019041070290000540000220500000
022019041070290000660000018200000
022019041070290001000000030400000
022019041071690000830003199700001
022019041071990000540000181600000
022019041079990001000000122600000
022019041080990001170002438200000
022019041083790000220004358000001
022019041089990000880000266300000
022019041090890000190000179300000
022019041091790000920006542200001
022019041092590000980000013700000
022019041109990000540000466200000
022019041113290001160000033500000
022019041113690000240000082500000
022019041113690001170002742600000
022019041119990000220018404500002
022019041119990001170008704700000
022019041122890000540005090900000
022019041122890000660000232900000
022019041122890000770061391100006
022019041129990000560001920800000
022019041133190000330004676500000
022019041140190000800003146900001
022019041149990001000000161100000
022019041153090000830018016300002
022019041153090000960019054000003
022019041170390000380000122100000
022019041170390000760012761500002
022019041179990000090000733200000
022019041179990001170032287000003
022019041185190001170000909200000
022019041199990000960000698900000
022019041999990000150013766400002
022019041999990000730000121600000
022019041999990000960751314200123
022019041011190000960021013100003
022019041011890000830009658800001
022019041011890001170007391400001
022019041012390000810004088000000
022019041019990000560000356700000
022019041019990000660000227800000
022019041022290001030000014800000
022019041025090000830009952700001
022019041029990000280000337200000
022019041029990000770010293000001
022019041053590000220008401500001
022019041059990000030000303700000
022019041063990000540000304900000
022019041070290000960007500500002
022019041079990000730000005600000
022019041083490000220001684300001
022019041083790001000000032200000
022019041084090000830002485300001
022019041084790000660000028200000
022019041084990000960003462800001
022019041089990000400000042400000
022019041089990000660000178900000
022019041090890000220037382000004
022019041090890000490031690400003
022019041092590000850001115300000
022019041094390000980000028000000
022019041099990000490050078700007
022019041100690000960015716400003
022019041113690000120003213200000
022019041119990000540001721300000
022019041119990000750023806100002
022019041122890000960103153400011
022019041133190001000000120300000
022019041144890000270023591600003
022019041144890001070000052800000
022019041149990000290000067800000
022019041149990001170002823000000
022019041159990000630000066300000
022019041162690000540000139400000
022019041169990001170001625500000
022019041171290000760004365600001
022019041174690000540002092300000
022019041185190001040000015700000
022019041189990000830000814700000
022019041199990000830000808700001
022019041199990001170000580700000
022019041999990000170000215000000
022019041999990000400000064600000
022019041999990001060000019000000
