101987061040139900000100048958007
101987061040139900000200028626004
101987061040139900000300013388002
101987061040139900008300012260001
101987061040299900000100011620002
101987061040299900000200006282001
101987061040299900000300004343001
101987061040539900000100020113003
101987061040539900000200007507001
101987061041009900000100010092003
101987061110049900000100024476003
101987061110049900000200006418001
101987061110069900000100032710003
101987061110129900000100030350004
101987061110129900000200014866001
101987061110159900000100018429002
101987061110159900000300007358001
101987061110209900000100018261001
101987061110209900008200043870004
101987061110279900000100013608001
101987061110279900000200009020001
101987061110279900008300010927001
101987061110319900000100016209002
101987061110319900008200010531001
101987061110329900000100012150001
101987061110329900008300011022001
101987061110339900000100022510003
101987061140029900000100012117002
101987061140079900000100006551001
101987061140139900000100005568001
101987061140219900000100058037005
101987061140219900000200038239003
101987061140219900008300059585005
101987061140389900000100011856001
101987061140389900000200009312001
101987061140429900000100011637001
101987061140429900008300010025001
101987061140529900000100012876002
101987061140539900000100014316002
101987061140549900000100011207001
101987061140559900000100006384001
101987061180239900000100013268001
101987061180239900000200007042001
101987061180879900000100085348007
101987061180879900000200060681004
101987061180879900000300013622001
101987061180879900003700012648001
101987061180879900008300025605002
101987061180899900000100012697002
101987061181229900000100018555002
101987061181229900000200007347001
101987061181409900000100014386001
101987061181409900000200008998001
101987061181409900008200007916001
101987061181479900000100014095001
101987061181479900000200008276001
101987061210079900000100013322003
101987061210109900000100009612002
101987061210109900000200003223001
101987061210419900000100034656007
101987061210419900000200014573002
101987061210419900000300009420001
101987061210419900008300006989001
101987061210509900000100008385001
101987061210549900000100014102002
101987061210549900000200007932001
101987061210549900008300005804001
101987061210729900000100016246003
101987061230029900000100011385002
101987061230059900000100018286002
101987061230059900000200011174001
101987061230099900000100008085001
101987061230249900000100016072001
101987061230249900000200008303001
101987061230289900000100010668001
101987061230289900000200006546001
101987061230509900000100038532004
101987061230509900000200028506002
101987061230509900008300011305001
101987061230559900000100010273001
101987061230559900008300006854001
101987061230609900000100011227001
101987061230609900000200007448001
101987061230929900000100014935002
101987061230929900008300007544001
101987061230959900000100018911002
101987061230959900000200011891001
101987061290159900000100025082002
101987061290159900008300010075001
101987061290679900000100116418010
101987061290679900000200049605004
101987061290679900000300021389002
101987061290679900008300031119002
101987061290699900000100027393002
101987061290699900000200012929001
101987061290699900000300009390001
101987061290699900008300010057001
101987061290849900000100011477002
101987061290949900000100017908002
101987061290949900000200009360001
101987061410249900008300009798001
101987061410329900000100010151001
101987061410399900000100009715001
101987061410559900000100013961001
101987061410609900000100013478001
101987061410659900000100012138001
101987061410689900000100023830002
101987061410919900000100185678009
101987061410919900000200089317004
101987061410919900008200069735003
101987061410919900008300067180003
101987061410959900000100049462004
101987061220489900000100012917003
101987061220489900000200003619001
101987061220489900000300004137001
101987061220489900002200008260002
101987061220489900004100004554001
101987061220669900000100003458002
101987061221129900000100007742003
101987061221259900000100015578004
101987061221259900000200007350002
101987061221259900000300005422001
101987061221259900002200005361001
101987061221259900004100003127001
101987061221309900000100005431001
101987061221309900000200003449001
101987061221309900002200003334001
101987061440139900000100013241005
101987061440139900000200010718004
101987061440139900000300004908001
101987061440509900000100005795002
101987061440509900000200003875002
101987061440509900002200002239001
101987061442169900000100012593004
101987061442169900000200008895003
101987061442169900000300002886001
101987061442169900002200004118001
101987061442169944216100002674001
101987061500679900000100012027002
101987061500679900000300005410001
101987061500959900000100008732002
101987061500679900002200005614001
101987061500749900000100006781001
101987061500949900000100004761001
101987061500959900002200006887001
101987061502519900000100005163001
101987061502519900002200005104001
101987061502979900000100136956007
101987061502979900000200051692002
101987061502979900000300034567002
101987061502979900002200080443004
101987061502979900004100021791001
101987061020039900000100036394006
101987061020039900000200028239004
101987061020039900000300008385001
101987061020039900000400006121001
101987061020089900000100006124001
101987061020089900000200003940001
101987061020099900000100009463002
101987061020099900000200005431001
101987061020379900000100017013003
101987061020379900000200007548001
101987061020699900000100012030002
101987061020699900000200010649002
101987061130059900000100022132003
101987061130059900000200013792001
101987061130059900000300008559001
101987061130349900000100023034003
101987061130349900000200018367002
101987061130349900000300006509001
101987061130349913034100012513001
101987061130399900000100005641001
101987061130399913039100003618001
101987061130539900000100011762001
101987061130539900000200006659001
101987061130719900000100026435003
101987061130719900000200011454001
101987061130719900000300007676001
101987061130879900000100011906001
101987061130879900000200008622001
101987061130939900000100008664001
101987061130939900000200007144001
101987061160789900000100018695005
101987061160789900000200022003005
101987061161349900000100008627002
101987061161349900000200008674002
101987061161909900000100009262003
101987061161909900000200007880002
101987061162039900000100011321003
101987061162039900000200014991003
101987061191309900000100022699005
101987061191309900000200028562007
101987061191309900000300007474002
101987061191309900000400005064001
101987061191909900000100002089001
101987061191909900000200003520003
101987061192579900000100001706001
101987061192579900000200004657005
101987061451219900000100011264001
101987061451219900000200008013001
101987061451249900000200015948002
101987061451429900000100008636001
101987061451429900000200007522001
101987061451659900000100031972003
101987061451659900000200025053003
101987061451659900000300010855001
101987061451689900000100029656005
101987061451689900000200032758004
101987061451739900000100011125001
101987061451739900000200015820002
101987061050149900000100006689002
101987061050149900000200007445002
101987061050149900000300006502001
101987061050169900000100004500001
101987061050169900000200006344002
101987061050169900000300005210001
101987061050199900000100010164002
101987061050199900000200013452004
101987061050199900000300020498006
101987061051869900000100003704001
101987061051869900000200005008001
101987061051869900000300006762002
101987061090189900000100008928001
101987061090189900000200006474001
101987061090189900000300006978001
101987061090569900000200003544002
101987061090599900000100027894004
101987061090599900000300012716001
101987061090599900006100045411006
101987061091949900000100002354001
101987061091949900000200003286001
101987061092199900000100007997002
101987061092199900000200004155001
101987061093309900000100002757001
101987061093309900000200002863001
101987061099039900000100005064001
101987061099039900000200006786001
101987061240089900000100011615002
101987061240089900000200009747001
101987061240109900000100010095001
101987061240109900000200011841001
101987061240569900000100003967001
101987061240899900000100042573005
101987061240899900000200029931003
101987061240899900000300013935001
101987061240899924089100026108003
101987061241159900000100031690004
101987061241159900000200016245002
101987061241159900000300011665001
101987061241159900000400006464001
101987061241399900000200003714001
101987061340179900000200002066001
101987061340229900000200002939001
101987061340479900000200004281002
101987061340569900000100006608002
101987061340569900000200007546002
101987061340569900000300002779001
101987061340729900000200003275001
101987061341209900000100017555005
101987061341209900000200019221005
101987061341209900000300007985002
101987061341209900000400005379001
101987061341579900000200006018002
101987061370469900000100010000002
101987061370469900000300005121001
101987061371079900000100009766001
101987061371079900000200007104001
101987061371079900000300005317001
101987061372469900000100008022002
101987061372469900000200005911001
101987061372749900000100045896005
101987061372749900000200041677005
101987061372749900000300027292003
101987061373769900000100003998001
101987061373769900000200008325002
101987061400639900000100004411002
101987061400639900000200003398001
101987061400639900000500005920002
101987061401709900000100001108001
101987061401859900000100003557001
101987061401859900000500003965002
101987061401949900000100012571005
101987061401949900000200007030002
101987061401949900000300010579004
101987061401949900000400004234001
101987061401949900000500007268002
101987061401959900000100002872001
101987061401959900000500002138001
101987061420209900000100003053002
101987061420209900000200005502003
101987061420439900000100003131002
101987061420439900000200004147002
101987061420439900000300002075001
101987061421739900000100009994005
101987061421739900000200013376008
101987061421739900000300003597002
101987061470859900000100010556003
101987061470859900000200009385003
101987061470859900000300003354001
101987061470869900000100006215001
101987061470869900000200007012002
101987061471869900000100079802006
101987061471869900000200066111005
101987061471869900000300047679004
101987061490219900000100008761002
101987061490219900000200011961002
101987061492199900000100003301001
101987061490219900000300004894001
101987061491669900000100002544001
101987061491669900000200003698001
101987061492199900000200005185001
101987061492509900000100002791001
101987061492509900000200003924001
101987061492759900000100023025005
101987061492759900000200028303007
101987061492759900000300011366002
101987061080199900002600475554012
101987061080069900001000018688001
101987061080199900000200075634001
101987061080199900001000346786008
101987061080199900014700107348002
101987061080229900001000014221001
101987061080969900001000036379001
101987061080969900002600042557001
101987061081019900001000044515001
101987061081019900002600151175005
101987061081019900014700045751001
101987061081029900001000018002001
101987061081139900001000034730001
101987061081219900001000036562001
101987061081219900002600034529001
101987061081879900001000040368001
101987061081879900002600049724001
101987061081879900014700065638002
101987061082119900001000027370001
101987061082119900002600045748001
101987061082119900014700025438001
101987061082799900001000034089001
101987061082799900002600048547002
101987061082989900001000031915001
101987061083059900001000014434001
101987061083079900002600014677001
101987061170229900001000018443003
101987061170229900002600012118001
101987061170669900001000018313003
101987061170669900002600011018001
101987061170799900001000032311005
101987061170799900002600025717003
101987061171149900001000013698002
101987061171419900001000010811001
101987061171419900002600005746001
101987061171809900001000021305003
101987061171809900002600012446002
101987061250409900001000015901002
101987061250409900002600008156001
101987061250409900014800005336001
101987061250589900001000005126001
101987061250729900001000010813003
101987061251209900000200006254001
101987061251209900001000030658006
101987061251209900002600028262005
101987061252039900001000004160001
101987061252079900001000005336001
101987061252099900001000001547001
101987061252349900001000004480001
101987061252439900001000001462001
101987061431239900001000027649004
101987061431239900002600024742004
101987061431489900000200006120001
101987061431489900001000023475003
101987061431489900002600022991003
101987061431559900000200010570001
101987061431559900001000025990003
101987061431559900002600019990003
101987061431619900001000013047002
101987061431619900002600007866001
101987061431639900001000011050001
101987061431639900002600007469001
101987061060119900000100016542002
101987061060119900000200008650001
101987061060159900000100033477003
101987061060159900000200018170002
101987061060159900000300009696001
101987061060369900000100012470001
101987061060369900000200006273001
101987061060449900000100011383001
101987061060449900000300006150001
101987061060509900000100005508001
101987061060639900000100008843001
101987061060709900000100009896001
101987061060749900000100011451001
101987061060839900000100025852002
101987061060839900000200012339001
101987061060839900000400009907001
101987061060959900000100009207001
101987061061539900000100015658002
101987061061589900000100016296002
101987061061589900000300007087001
101987061100379900000100030250004
101987061100379900000200019748003
101987061100379900000300008491001
101987061100679900000100014050002
101987061100679900000200008651001
101987061101319900000100014328002
101987061101319900000200005923001
101987061101489900000100024558004
101987061101489900000200014793002
101987061101489900000300010226001
101987061101959900000100017280002
101987061101959900000200008526001
101987061102039900000100002235001
101987061150099900000200015177001
101987061150099900002700012447001
101987061150199900000200009601001
101987061150199900009700011349001
101987061150289900002700006122001
101987061150289900009700010386001
101987061150309900000200032727003
101987061150309900002700066493006
101987061150369900000200024828002
101987061150369900000300008545001
101987061150369900002700020823002
101987061150369900009800010687001
101987061150579900000200010152001
101987061150579900002700019406001
101987061150579900009700010561001
101987061150789900000200032874003
101987061150789900002700032167002
101987061150789900009700022607002
101987061270169900000200012039002
101987061270189900000200003100001
101987061270289900000200031713004
101987061270289900000300006402001
101987061270289900002700017132002
101987061270289900009700022445003
101987061270309900000200023116004
101987061270309900002700010463002
101987061270319900000200010695001
101987061270319900002700006092001
101987061270319900009700005736001
101987061270659900000200013553003
101987061320069900002700003462001
101987061320069900013700004242001
101987061320099900002700003780001
101987061320099900013700006550001
101987061320199900009700005510001
101987061320199900013700007325001
101987061320549900000300008050001
101987061320549900002700022649003
101987061320549900009700011370002
101987061320549900013700040906007
101987061320639900013700006775001
101987061320699900009700004124001
101987061320699900013700005589001
101987061320859900002700004090001
101987061320859900013700008870002
101987061360069900000200020701002
101987061360069900002700011293001
101987061360179900009900003558001
101987061360249900000200015688002
101987061360389900000200030150003
101987061360389900000300012007001
101987061360389900002700028296002
101987061360389900010100013774001
101987061360429900000200017002002
101987061360559900000200019331002
101987061360579900000200047107004
101987061360579900000300014721001
101987061360579900002700051496004
101987061360579900002900022082001
101987061030099900000100029734002
101987061030099900000200017070001
101987061030149900000100058974004
101987061030149900000200038811002
101987061030149900000300026393002
101987061030639900000100018024002
101987061030639900000200014814001
101987061030659900000100053684004
101987061030659900000200026153001
101987061030659900000300017407001
101987061030669900000100036019002
101987061030669900000200019472001
101987061030669900000300012922001
101987061030999900000100023676001
101987061030999900000200031085002
101987061031399900000100019341002
101987061031409900000100011160001
101987061031409900000200008856001
101987061120039900000100003575001
101987061120409900000100044592006
101987061120409900000200032720004
101987061120409900000300014525001
101987061120729900000100005792001
101987061120809900000100002842001
101987061120829900000100023903003
101987061120829900000200018733003
101987061121009900000100004331001
101987061121049900000100005494001
101987061121389900000100010412001
101987061121389900000200007826001
101987061121409900000100002318001
101987061460179900000100038204002
101987061461319900000100024075001
101987061461319900000200017443001
101987061461459900000100029252002
101987061461479900000100021910001
101987061461849900000100014348001
101987061462139900000100021084001
101987061462209900000100025382002
101987061462359900000100014533001
101987061462509900000100266871009
101987061462509900000200122930004
101987061462509900000300065572002
101987061462509900003400111395003
101987061462509900007500054029001
