062003051350019900000100001966000
062003051350019900000200001186000
062003051350019900000600000260000
062003051350019900003200000005000
062003051350019900003900000058000
062003051350019900007600000125000
062003051350019900122900000004000
062003051350019900123000000003000
062003051350019900123300000034000
062003051350019900123400000000000
062003051350019900123500000002000
062003051350019900267000000012000
062003051350029900000100004232000
062003051350029900000200001386000
062003051350029900000600006019000
062003051350029900003200000023000
062003051350029900003900000210000
062003051350029900007600000085000
062003051350029900122900000020000
062003051350029900123000000012000
062003051350029900123300000204000
062003051350029900123400000000000
062003051350029900123500000017000
062003051350029900267000000022000
062003051350039900000100000695000
062003051350039900000200001013000
062003051350039900000600000501000
062003051350039900003900000070000
062003051350039900266600000290000
062003051350039900266700000029000
062003051350049900000100002461000
062003051350049900000200004309000
062003051350049900000600003155000
062003051350049900007600000135000
062003051350049900011100006050000
062003051350049900123800001595000
062003051350049900267100000309000
062003051350049900267200000445000
062003051350059900000100000575000
062003051350059900000200000286000
062003051350059900000600000307000
062003051350059900003200000000000
062003051350059900003900000014000
062003051350059900007600000005000
062003051350059900122900000002000
062003051350059900123000000002000
062003051350059900123300000021000
062003051350059900123400000000000
062003051350059900123500000001000
062003051350059900267000000001000
062003051350069900000100007716000
062003051350069900000200005200000
062003051350069900000600005474000
062003051350069900003200000027000
062003051350069900003900000453000
062003051350069900007600000263000
062003051350069900122900000037000
062003051350069900123000000079000
062003051350069900123300000392000
062003051350069900123400000000000
062003051350069900123500000020000
062003051350069900267000000013000
062003051350079900000100000236000
062003051350079900000200000079000
062003051350079900000600000185000
062003051350079900003900000005000
062003051350079900266600000022000
062003051350079900266700000005000
062003051350089900000100002920000
062003051350089900000200000779000
062003051350089900000600000832000
062003051350089900003200000004000
062003051350089900003900000046000
062003051350089900007600000031000
062003051350089900122900000006000
062003051350089900123000000008000
062003051350089900123300000071000
062003051350089900123400000000000
062003051350089900123500000001000
062003051350089900267000000004000
062003051350099900000100008123000
062003051350099900000200004066000
062003051350099900000600002862000
062003051350099900003200000020000
062003051350099900003900000173000
062003051350099900007600000120000
062003051350099900122900000053000
062003051350099900123000000014000
062003051350099900123300000326000
062003051350099900123400000000000
062003051350099900123500000004000
062003051350099900267000000013000
062003051350109900000100000132000
062003051350109900000200000234000
062003051350109900000600001035000
062003051350109900007600000017000
062003051350109900011100000679000
062003051350109900123800000134000
062003051350109900267100000015000
062003051350109900267200000432000
062003051350119900000100006411000
062003051350119900000200003974000
062003051350119900000600003234000
062003051350119900003200000021000
062003051350119900003900000295000
062003051350119900007600000252000
062003051350119900122900000038000
062003051350119900123000000054000
062003051350119900123300000351000
062003051350119900123400000000000
062003051350119900123500000016000
062003051350119900267000000014000
062003051350129900000100003242000
062003051350129900000200000627000
062003051350129900000600001475000
062003051350129900003200000006000
062003051350129900003900000053000
062003051350129900007600000022000
062003051350129900122900000008000
062003051350129900123000000006000
062003051350129900123300000749000
062003051350129900123400000000000
062003051350129900123500000011000
062003051350129900267000000004000
062003051350139900000100002846000
062003051350139900000200000887000
062003051350139900000600001606000
062003051350139900003200000001000
062003051350139900003900000049000
062003051350139900007600000183000
062003051350139900122900000006000
062003051350139900123000000011000
062003051350139900123300000108000
062003051350139900123400000000000
062003051350139900123500000001000
062003051350139900267000000001000
062003051350149900000100002446000
062003051350149900000200001091000
062003051350149900000600001381000
062003051350149900003900000163000
062003051350149900266600000344000
062003051350149900266700000089000
062003051350159900000100000687000
062003051350159900000200002145000
062003051350159900000600002070000
062003051350159900003900000135000
062003051350159900266600000345000
062003051350159900266700000022000
062003051350169900000100094830000
062003051350169900000200044265000
062003051350169900000600024160000
062003051350169900003200000372000
062003051350169900003900005049000
062003051350169900007600003165000
062003051350169900122900000618000
062003051350169900123000000451000
062003051350169900123300005456000
062003051350169900123400000000000
062003051350169900123500000219000
062003051350169900267000000217000
062003051350179900000100002843000
062003051350179900000200002431000
062003051350179900000600003242000
062003051350179900003900000385000
062003051350179900266600001294000
062003051350179900266700000372000
062003051350189900000100001054000
062003051350189900000200001585000
062003051350189900000600001159000
062003051350189900007600000061000
062003051350189900011100001499000
062003051350189900123800000447000
062003051350189900267100000043000
062003051350189900267200000094000
062003051350199900000100009192000
062003051350199900000200002603000
062003051350199900000600006539000
062003051350199900003200000017000
062003051350199900003900000322000
062003051350199900007600000110000
062003051350199900122900000013000
062003051350199900123000000018000
062003051350199900123300000115000
062003051350199900123400000000000
062003051350199900123500000014000
062003051350199900267000000073000
062003051350209900000100001051000
062003051350209900000200002110000
062003051350209900000600002007000
062003051350209900003200000004000
062003051350209900003900000030000
062003051350209900007600000023000
062003051350209900122900000006000
062003051350209900123000000012000
062003051350209900123300000343000
062003051350209900123400000000000
062003051350209900123500000001000
062003051350209900267000000002000
062003051350219900000100005450000
062003051350219900000200002143000
062003051350219900000600001513000
062003051350219900003200000015000
062003051350219900003900000354000
062003051350219900007600000096000
062003051350219900122900000026000
062003051350219900123000000019000
062003051350219900123300000348000
062003051350219900123400000000000
062003051350219900123500000009000
062003051350219900267000000003000
062003051350229900000100008918000
062003051350229900000200002848000
062003051350229900000600010688000
062003051350229900003200000025000
062003051350229900003900000337000
062003051350229900007600000164000
062003051350229900122900000059000
062003051350229900123000000435000
062003051350229900123300000307000
062003051350229900123400000000000
062003051350229900123500000032000
062003051350229900267000000050000
062003051350239900000100003921000
062003051350239900000200001191000
062003051350239900000600003763000
062003051350239900003200000004000
062003051350239900003900000090000
062003051350239900007600000054000
062003051350239900122900000018000
062003051350239900123000000008000
062003051350239900123300000149000
062003051350239900123400000000000
062003051350239900123500000003000
062003051350239900267000000007000
062003051350249900000100000630000
062003051350249900000200001069000
062003051350249900000600000569000
062003051350249900007600000040000
062003051350249900011100002890000
062003051350249900123800000448000
062003051350249900267100000029000
062003051350249900267200000074000
062003051350259900000100001167000
062003051350259900000200000239000
062003051350259900000600000259000
062003051350259900003200000002000
062003051350259900003900000024000
062003051350259900007600000011000
062003051350259900122900000005000
062003051350259900123000000003000
062003051350259900123300000033000
062003051350259900123400000000000
062003051350259900123500000001000
062003051350259900267000000002000
062003051350269900000100023409000
062003051350269900000200006492000
062003051350269900000600014088000
062003051350269900003200000080000
062003051350269900003900001007000
062003051350269900007600000556000
062003051350269900122900000105000
062003051350269900123000000091000
062003051350269900123300003191000
062003051350269900123400000000000
062003051350269900123500000068000
062003051350269900267000000071000
062003051350279900000100003649000
062003051350279900000200002885000
062003051350279900000600000904000
062003051350279900003200000005000
062003051350279900003900000087000
062003051350279900007600000066000
062003051350279900122900000007000
062003051350279900123000000022000
062003051350279900123300000178000
062003051350279900123400000000000
062003051350279900123500000002000
062003051350279900267000000005000
062003051350289900000100001151000
062003051350289900000200001621000
062003051350289900000600000357000
062003051350289900007600000042000
062003051350289900011100000887000
062003051350289900123800000291000
062003051350289900267100000019000
062003051350289900267200000023000
062003051350299900000100000150000
062003051350299900000200000599000
062003051350299900000600000809000
062003051350299900007600000011000
062003051350299900011100000885000
062003051350299900123800000152000
062003051350299900267100000006000
062003051350299900267200000007000
062003051350309900000100001216000
062003051350309900000200001528000
062003051350309900000600001956000
062003051350309900003900000148000
062003051350309900266600000593000
062003051350309900266700000041000
062003051350319900000100002403000
062003051350319900000200000787000
062003051350319900000600001736000
062003051350319900003200000008000
062003051350319900003900000106000
062003051350319900007600000044000
062003051350319900122900000013000
062003051350319900123000000056000
062003051350319900123300000167000
062003051350319900123400000000000
062003051350319900123500000004000
062003051350319900267000000000000
062003051350329900000100001612000
062003051350329900000200000967000
062003051350329900000600000289000
062003051350329900003200000004000
062003051350329900003900000021000
062003051350329900007600000023000
062003051350329900122900000007000
062003051350329900123000000004000
062003051350329900123300000026000
062003051350329900123400000000000
062003051350329900123500000002000
062003051350329900267000000003000
062003051350339900000100002014000
062003051350339900000200000945000
062003051350339900000600001310000
062003051350339900003200000002000
062003051350339900003900000091000
062003051350339900007600000041000
062003051350339900122900000014000
062003051350339900123000000014000
062003051350339900123300000101000
062003051350339900123400000000000
062003051350339900123500000006000
062003051350339900267000000000000
062003051350349900000100000249000
062003051350349900000200000314000
062003051350349900000600000895000
062003051350349900007600000092000
062003051350349900011100000765000
062003051350349900123800000094000
062003051350349900267100000009000
062003051350349900267200000033000
062003051380019900000100000787000
062003051380019900000200004530000
062003051380019900000600001766000
062003051380019900003200000009000
062003051380019900003900000126000
062003051380019900007600000065000
062003051380019900011000000070000
062003051380019900122700000010000
062003051380019900123000000011000
062003051380019900124200000014000
062003051380019900124300000031000
062003051380029900000100000044000
062003051380029900000200000675000
062003051380029900000600000126000
062003051380029900011000000017000
062003051380039900000100000024000
062003051380039900000200000497000
062003051380039900000600000115000
062003051380039900011000000006000
062003051380049900000100001476000
062003051380049900000200000796000
062003051380049900000600000853000
062003051380049900003200000001000
062003051380049900003900000041000
062003051380049900007600000108000
062003051380049900011000000024000
062003051380049900122700000009000
062003051380049900123000000011000
062003051380049900124200000005000
062003051380049900124300000003000
062003051380059900000100000168000
062003051380059900000200001177000
062003051380059900000600001943000
062003051380059900003200000005000
062003051380059900003900000024000
062003051380059900007600000024000
062003051380059900011000000172000
062003051380059900122700000008000
062003051380059900123000000016000
062003051380059900124200000003000
062003051380059900124300000016000
062003051380069900000100002816000
062003051380069900000200004580000
062003051380069900000600005901000
062003051380069900003200000035000
062003051380069900003900000417000
062003051380069900007600000193000
062003051380069900011000000146000
062003051380069900122700000030000
062003051380069900123000000066000
062003051380069900124200000019000
062003051380069900124300000612000
062003051380079900000100000176000
062003051380079900000200000216000
062003051380079900000600000623000
062003051380079900003900000023000
062003051380079900124400000497000
062003051380089900000100000587000
062003051380089900000200001085000
062003051380089900000600001779000
062003051380089900003900000052000
062003051380089900124400000103000
062003051380099900000100000396000
062003051380099900000200000370000
062003051380099900000600001284000
062003051380099900003900000051000
062003051380099900124400000096000
062003051380109900000100000257000
062003051380109900000200001641000
062003051380109900000600000970000
062003051380109900003200000001000
062003051380109900003900000120000
062003051380109900007600000025000
062003051380109900011000000016000
062003051380109900122700000002000
062003051380109900123000000005000
062003051380109900124200000002000
062003051380109900124300000015000
062003051380119900000100001337000
062003051380119900000200004158000
062003051380119900000600003105000
062003051380119900003200000010000
062003051380119900003900000154000
062003051380119900007600000166000
062003051380119900011000000110000
062003051380119900122700000042000
062003051380119900123000000064000
062003051380119900124200000009000
062003051380119900124300000016000
062003051380129900000100000098000
062003051380129900000200000503000
062003051380129900000600001095000
062003051380129900003200000001000
062003051380129900003900000024000
062003051380129900007600000012000
062003051380129900011000000078000
062003051380129900122700000001000
062003051380129900123000000016000
062003051380129900124200000002000
062003051380129900124300000002000
062003051380139900000100000409000
062003051380139900000200000375000
062003051380139900011000000279000
062003051380139900123100001091000
062003051380149900000100000318000
062003051380149900000200000312000
062003051380149900000600000563000
062003051380149900003900000025000
062003051380149900124400000054000
062003051380159900000100000232000
062003051380159900000200000796000
062003051380159900000600002303000
062003051380159900003200000001000
062003051380159900003900000042000
062003051380159900007600000019000
062003051380159900011000000020000
062003051380159900122700000001000
062003051380159900123000000010000
062003051380159900124200000000000
062003051380159900124300000009000
062003051380169900000100000315000
062003051380169900000200000395000
062003051380169900000600000344000
062003051380169900003900000021000
062003051380169900124400000056000
062003051380179900000100001496000
062003051380179900000200004016000
062003051380179900000600004436000
062003051380179900003200000011000
062003051380179900003900000188000
062003051380179900007600000094000
062003051380179900011000000085000
062003051380179900122700000021000
062003051380179900123000000117000
062003051380179900124200000011000
062003051380179900124300000021000
062003051380189900000100000140000
062003051380189900000200001100000
062003051380189900000600002216000
062003051380189900003200000001000
062003051380189900003900000042000
062003051380189900007600000021000
062003051380189900011000000025000
062003051380189900122700000001000
062003051380189900123000000010000
062003051380189900124200000001000
062003051380189900124300000015000
062003051380199900000100000802000
062003051380199900000200003987000
062003051380199900000600002860000
062003051380199900003200000007000
062003051380199900003900000042000
062003051380199900007600000057000
062003051380199900011000000041000
062003051380199900122700000005000
062003051380199900123000000015000
062003051380199900124200000009000
062003051380199900124300000007000
062003051380209900000100001658000
062003051380209900000200002313000
062003051380209900000600004002000
062003051380209900003200000012000
062003051380209900003900000203000
062003051380209900007600000106000
062003051380209900011000000446000
062003051380209900122700000022000
062003051380209900123000000055000
062003051380209900124200000005000
062003051380209900124300000013000
062003051380219900000100000049000
062003051380219900000200000851000
062003051380219900000600000392000
062003051380219900011000000014000
062003051380229900000100001196000
062003051380229900000200005624000
062003051380229900000600006422000
062003051380229900003200000006000
062003051380229900003900000197000
062003051380229900007600000038000
062003051380229900011000000052000
062003051380229900122700000015000
062003051380229900123000000033000
062003051380229900124200000006000
062003051380229900124300000099000
062003051380239900000100009758000
062003051380239900000200020060000
062003051380239900000600028541000
062003051380239900003200000117000
062003051380239900003900002094000
062003051380239900007600001178000
062003051380239900011000001475000
062003051380239900122700000161000
062003051380239900123000000609000
062003051380239900124200000254000
062003051380239900124300000184000
062003051380249900000100002766000
062003051380249900000200001185000
062003051380249900000600004892000
062003051380249900003900000258000
062003051380249900124400000358000
062003051380259900000100000349000
062003051380259900000200002378000
062003051380259900000600001415000
062003051380259900003200000000000
062003051380259900003900000068000
062003051380259900007600000025000
062003051380259900011000000039000
062003051380259900122700000003000
062003051380259900123000000007000
062003051380259900124200000000000
062003051380259900124300000086000
062003051380269900000100002554000
062003051380269900000200004310000
062003051380269900000600013332000
062003051380269900003200000013000
062003051380269900003900002418000
062003051380269900007600000224000
062003051380269900011000000181000
062003051380269900122700000023000
062003051380269900123000000788000
062003051380269900124200000010000
062003051380269900124300000025000
062003051380279900000100000953000
062003051380279900000200000848000
062003051380279900000600001828000
062003051380279900003900000108000
062003051380279900124400000058000
062003051380289900000100002171000
062003051380289900000200005193000
062003051380289900000600006644000
062003051380289900003200000008000
062003051380289900003900000345000
062003051380289900007600000104000
062003051380289900011000000247000
062003051380289900122700000011000
062003051380289900123000000058000
062003051380289900124200000010000
062003051380289900124300000018000
062003051380299900000100000301000
062003051380299900000200000279000
062003051380299900000600000285000
062003051380299900003900000010000
062003051380299900124400000008000
062003051380309900000100000163000
062003051380309900000200000403000
062003051380309900000600000924000
062003051380309900003900000025000
062003051380309900124400000023000
062003051380319900000100002693000
062003051380319900000200006842000
062003051380319900000600009751000
062003051380319900003200000024000
062003051380319900003900000568000
062003051380319900007600000436000
062003051380319900011000000311000
062003051380319900122700000025000
062003051380319900123000000098000
062003051380319900124200000012000
062003051380319900124300000033000
062003051380329900000100001050000
062003051380329900000200003125000
062003051380329900000600002034000
062003051380329900003200000005000
062003051380329900003900000485000
062003051380329900007600000090000
062003051380329900011000000085000
062003051380329900122700000014000
062003051380329900123000000034000
062003051380329900124200000003000
062003051380329900124300000027000
062003051380339900000100000242000
062003051380339900000200001120000
062003051380339900000600001662000
062003051380339900003900000026000
062003051380339900124400000188000
062003051380349900000100000231000
062003051380349900000200001074000
062003051380349900000600001874000
062003051380349900003200000001000
062003051380349900003900000044000
062003051380349900007600000021000
062003051380349900011000000021000
062003051380349900122700000003000
062003051380349900123000000007000
062003051380349900124200000001000
062003051380349900124300000036000
062003051380359900000100000334000
062003051380359900000200001005000
062003051380359900000600002380000
062003051380359900003200000002000
062003051380359900003900000056000
062003051380359900007600000022000
062003051380359900011000000021000
062003051380359900122700000004000
062003051380359900123000000012000
062003051380359900124200000000000
062003051380359900124300000031000
062003051380369900000100000249000
062003051380369900000200002985000
062003051380369900000600000857000
062003051380369900011000000096000
062003051380379900000100002477000
062003051380379900000200002372000
062003051380379900000600004540000
062003051380379900003900000161000
062003051380379900124400000308000
062003051380389900000100016782000
062003051380389900000200020669000
062003051380389900000600042940000
062003051380389900003200000158000
062003051380389900003900002856000
062003051380389900007600001626000
062003051380389900011000004174000
062003051380389900122700000151000
062003051380389900123000001539000
062003051380389900124200000141000
062003051380389900124300000495000
062003051380399900000100001027000
062003051380399900000200000770000
062003051380399900000600003495000
062003051380399900003200000006000
062003051380399900003900000090000
062003051380399900007600000066000
062003051380399900011000000795000
062003051380399900122700000010000
062003051380399900123000000286000
062003051380399900124200000006000
062003051380399900124300000005000
062003051380409900000100000155000
062003051380409900000200000548000
062003051380409900000600002388000
062003051380409900003200000000000
062003051380409900003900000012000
062003051380409900007600000010000
062003051380409900011000000009000
062003051380409900122700000002000
062003051380409900123000000001000
062003051380409900124200000002000
062003051380409900124300000006000
062003051380419900000100000324000
062003051380419900000200000839000
062003051380419900000600002993000
062003051380419900003200000004000
062003051380419900003900000075000
062003051380419900007600000040000
062003051380419900011000000087000
062003051380419900122700000003000
062003051380419900123000000015000
062003051380419900124200000004000
062003051380419900124300000006000
062003051380429900000100000264000
062003051380429900000200001397000
062003051380429900000600001425000
062003051380429900003200000000000
062003051380429900003900000030000
062003051380429900007600000017000
062003051380429900011000000173000
062003051380429900122700000003000
062003051380429900123000000003000
062003051380429900124200000002000
062003051380429900124300000000000
062003051380439900000100001329000
062003051380439900000200002537000
062003051380439900000600006089000
062003051380439900003200000018000
062003051380439900003900000268000
062003051380439900007600000119000
062003051380439900011000000572000
062003051380439900122700000019000
062003051380439900123000000049000
062003051380439900124200000040000
062003051380439900124300000116000
062003051380449900000100000189000
062003051380449900000200000580000
062003051380449900000600000965000
062003051380449900003200000000000
062003051380449900003900000008000
062003051380449900007600000005000
062003051380449900011000000126000
062003051380449900122700000005000
062003051380449900123000000002000
062003051380449900124200000000000
062003051380449900124300000000000
062003051380459900000100000264000
062003051380459900000200000645000
062003051380459900000600001624000
062003051380459900003900000048000
062003051380459900124400000042000
062003051380469900000100000812000
062003051380469900000200001340000
062003051380469900000600003240000
062003051380469900003200000008000
062003051380469900003900000121000
062003051380469900007600000101000
062003051380469900011000000113000
062003051380469900122700000001000
062003051380469900123000000039000
062003051380469900124200000017000
062003051380469900124300000009000
062003051380479900000100000477000
062003051380479900000200000269000
062003051380479900000600000664000
062003051380479900003900000021000
062003051380479900124400000018000
062003051380489900000100000382000
062003051380489900000200000409000
062003051380489900011000000097000
062003051380489900123100000841000
062003051380499900000100000059000
062003051380499900000200000877000
062003051380499900000600001054000
062003051380499900011000000013000
062003051380509900000100000051000
062003051380509900000200001264000
062003051380509900000600000481000
062003051380509900011000000017000
062003051380519900000100000484000
062003051380519900000200002621000
062003051380519900000600002207000
062003051380519900003200000001000
062003051380519900003900000047000
062003051380519900007600000019000
062003051380519900011000000035000
062003051380519900122700000004000
062003051380519900123000000008000
062003051380519900124200000002000
062003051380519900124300000002000
062003051380529900000100000096000
062003051380529900000200000633000
062003051380529900000600000192000
062003051380529900003200000000000
062003051380529900003900000015000
062003051380529900007600000003000
062003051380529900011000000009000
062003051380529900122700000001000
062003051380529900123000000006000
062003051380529900124200000002000
062003051380529900124300000026000
062003051380539900000100000328000
062003051380539900000200000689000
062003051380539900000600001420000
062003051380539900003900000039000
062003051380539900124400000072000
