042003051011890015470000024600003
042003051014190019180000330600004
042003051019990000710050054501089
042003051024490001430000003900000
042003051040790010590000064900003
042003051049990010260000089300003
042003051063990019380000822600015
042003051063990019710000089500002
042003051063990019750000033200000
042003051069990019590000113100000
042003051071390010810000033200001
042003051071690001790000033000006
042003051079990008260000048600003
042003051080590001640000018800001
042003051080590001720000027000002
042003051084290011940000003900000
042003051084790011170000019200001
042003051084990011030000071100005
042003051089990011030000071100005
042003051089990011040000115800016
042003051090890020970000110000007
042003051090890022980000222500005
042003051100690013000000077800002
042003051109990012780000034700004
042003051109990012850000061100003
042003051111590016110000084800004
042003051119990015710000057800004
042003051129990023840000168400004
042003051129990024420000005800005
042003051133190006890000029600008
042003051140190003610000004100001
042003051170390008820000080000002
042003051170390009340000025300001
042003051174690021140000290400006
042003051179999999990006842900114
042003051189990001320000140200000
042003051012990022580000172300000
042003051033390000220000066700000
042003051033390013020000338100007
042003051033390013090000049400002
042003051053590000390000639300001
042003051053590026630000083000002
042003051053890012300000332500001
042003051069990019720000015300000
042003051071690014700000009300001
042003051079990021420000076500005
042003051080990000020006905200444
042003051084090001790000111600002
042003051084290012260000006100001
042003051089990011050000358500035
042003051089990011610000035700005
042003051091790024850000044500005
042003051092590018640000041300005
042003051092590018830000015100003
042003051094390017270000107600003
042003051094390017970000064000001
042003051100690013250000060100005
042003051109990009810000009100004
042003051112790000800000148900001
042003051113690015760000134100005
042003051144890000010011820800090
042003051149990003910000051800006
042003051149999999990004063300180
042003051153090012520000009900001
042003051159990000850004176800037
042003051169990014020000006100001
042003051174690021670000009500003
042003051174690023270000267200006
042003051179990022280000380900003
042003051195290001790000041700000
042003051010490013690000017000001
042003051011490000330000036700000
042003051012390013400000024800002
042003051022290025820000015400003
042003051053890000390001272600007
042003051059999999990003212700014
042003051070290021400000016900002
042003051071690014880000009100002
042003051079990000020053473603224
042003051079990014740000005300003
042003051080590001780000016400001
042003051084990001900000028500008
042003051084990011080000025100003
042003051089990001190004579100230
042003051089990001900001397700065
042003051091790000510001628400025
042003051109990012810000046500003
042003051111590015560000032700002
042003051119990015810000406600008
042003051122890024200000084000004
042003051133190003930001044000017
042003051139990005630000059800007
042003051149990004690000033700005
042003051153090000180000676300000
042003051159990012580000045100000
042003051170390001790000023300002
042003051170390009320000066500002
042003051170390009440000088700002
042003051179990023010000048200004
042003051199990000190000016500000
042003051010490000710001214900027
042003051011190008470000071400000
042003051011490000710012325100170
042003051011490019900000237100005
042003051011890000710004464300146
042003051012990022690000062300005
042003051024490014250000010400001
042003051025090014310000026100003
042003051033390001040000425000002
042003051039990013330000039000003
042003051040790010450000046300002
042003051069990019670000014300001
042003051071390000340000048000000
042003051071390010640000008700001
042003051071990001720000000100000
042003051080590001840000004800003
042003051080990011240000007400004
042003051084290012170000016500002
042003051084990011050000358500035
042003051092590019530000021900001
042003051099990018030000046900007
042003051099990021470000206100025
042003051100690012780000034700004
042003051100690012910000018100002
042003051101090009720000010700002
042003051101090009740000235100006
042003051111590015930000030200002
042003051113290000630005105600192
042003051113290023510000011400001
042003051113290023560000079900006
042003051113690016150000233700004
042003051113690016240000150400002
042003051119990000080032533100595
042003051129990000180004868600004
042003051140190000320000055300000
042003051140190003410000004900000
042003051144890004900000034400004
042003051159990000340000013900000
042003051159990012460000132000003
042003051170390009430000023300002
042003051189990000010002089700019
042003051189990011480000057300000
042003051199990001370000073900000
042003051010490013590000020700001
042003051011890015510000023600004
042003051012990022540000065900000
042003051012990022670000145800002
042003051024490014240000000600000
042003051029990001030008893900196
042003051029990014370000067400005
042003051039990013070000038100001
042003051040790000020009575700168
042003051070290021510000256300004
042003051071690014610000009700002
042003051079990000010043993202603
042003051079990020570000110300003
042003051080990011220000032800010
042003051082490001690000044400002
042003051082490010410000010100000
042003051083490000020004566600311
042003051083790009960000033100002
042003051084090006660000004900001
042003051084290011660000404000021
042003051089990011130000041700005
042003051092590027370000032000002
042003051094390017680000017700001
042003051099990018360000105900012
042003051100690012850000061100003
042003051101090009880000018400003
042003051111590015830000123100002
042003051112790015570000539400015
042003051113290023440000297700000
042003051122890000340000970700008
042003051122890024280000016100005
042003051129990023870000196300007
042003051133190000230001071900022
042003051140190003470000025600002
042003051171290008980000210800005
042003051179990000010105275402555
042003051179990000920013930700298
042003051999990001180001641100072
042003051999990027370002327800112
042003051999999999990150368904844
042003051010490013840000060000005
042003051011490019810000218300008
042003051011890000130002604600093
042003051011890014670000159900004
042003051014190018690000109100003
042003051024490000010002850900381
042003051029990014310000026100003
042003051033390013180000042600003
042003051039990000730007658700104
042003051039990013010000238700001
042003051040790001070003308800095
042003051040790009550000673100003
042003051053590026740000101900001
042003051053599999990000611100000
042003051059990012770000084400004
042003051069990000020010297300256
042003051071390000370000008100000
042003051071990014200000013400000
042003051074590020320000007400001
042003051080999999990000344400019
042003051082490010080000110000000
042003051083790010890000002900000
042003051084090010800000003600001
042003051084290000020001655800137
042003051084790001790000115200013
042003051084990011150000010000001
042003051099990020970000110000007
042003051111590000010024233300587
042003051111590015220000089900003
042003051111590015590000941200006
042003051111590015630000887400013
042003051111590015820000090600003
042003051119990001290000358700012
042003051122890000010139919500899
042003051122890025470000070100004
042003051133190000160009996200335
042003051133190008020000043000009
042003051153090012620000286700005
042003051159990000010034163400377
042003051169990001310001266700065
042003051170390009010000082000003
042003051174690008900000351300003
042003051174690023320000076700004
042003051179990000490001400700036
042003051185190000010002089700019
042003051999990001120006659200276
042003051012390000130002339800052
042003051012990000340000173300002
042003051014190018680000241900007
042003051022290025690000004800001
042003051025090015080000024000003
042003051040790000440002339900015
042003051049990009650001526200033
042003051059990001110001172100027
042003051069990000320000022300000
042003051069990001130000010100000
042003051071690014560000006000002
042003051071990013790000011000002
042003051079990014650000025500005
042003051080590000020003289300363
042003051083490001980000022800002
042003051083490002080000050800004
042003051084790011320000009800001
042003051109990013030000038400003
042003051109990013210000041600003
042003051111590000800000988500006
042003051122890000020113947000727
042003051129990000340000970700008
042003051139990007000000057900011
042003051139990007430000035400007
042003051153090012470000050200001
042003051159990012610000159500003
042003051170390000920004166300098
042003051174690000110005764800079
042003051179990023300000080000006
042003051999990000060028370100458
042003051999990000230040831700892
042003051011190000010017169700173
042003051012390001410000096700000
042003051014190018490000138400002
042003051014190018950000096500005
042003051022290025790000005600001
042003051025090000320000022500000
042003051029990025650000012500002
042003051039990001060000143800001
042003051039990013320000015900002
042003051053590000020011251700131
042003051059990012760000296900009
042003051063990000320000022300000
042003051063990019780000007800000
042003051071990013680000011000004
042003051074590020570000110300003
042003051080590001670000006300002
042003051084290011780000006500002
042003051084790001700000124200000
042003051089990010960000021900006
042003051089990011690000035700006
042003051092590023200000010700002
042003051094390000040010988000715
042003051111590015610000052500002
042003051113290023380000095600008
042003051119990016130000306000005
042003051139990000830002216000043
042003051139999999990004731300805
042003051140190001710000005400000
042003051142090003340000021000007
042003051144890004690000033700005
042003051162690013980000025000002
042003051162690013990000034600004
042003051170399999990001368600008
042003051171290009290000007400004
042003051171290009510000173400003
042003051174690021900000040200003
042003051179990009070000150500004
042003051195290001690000013900000
042003051999990000150001048900055
042003051011190001480000099800001
042003051012190013450000035500001
042003051012390015210000041900001
042003051012990001720000037400001
042003051012990021540000059900003
042003051014199999990001547400003
042003051019990009030000269300005
042003051019990014710000356700012
042003051022290001430000009200000
042003051024490000020002930000375
042003051025090000020017923400773
042003051040790009650001526200033
042003051063990019800000077300003
042003051071690014460000005000001
042003051071990014070000038300002
042003051074590020290000103300004
042003051079990001180000168200002
042003051080990011520000015100002
042003051082490010380000006000001
042003051083790010970000001400000
042003051084790011360000337700000
042003051084990000010006320900907
042003051084990011040000115800016
042003051089990000020055876503960
042003051090890000010029460300197
042003051094390017490000013700002
042003051099990018050000163500007
042003051099990025920000180100008
042003051100690027510000024000002
042003051113290023450000012800000
042003051113690016080000073100002
042003051119990016720000092000004
042003051122890024260000090500004
042003051133190000640006280200260
042003051140190003640000009200000
042003051144890004090000101800003
042003051144890004500000010100003
042003051159990012590000006100000
042003051162690013940000163100003
042003051162690014110000004600001
042003051195290001390000739200007
042003051999990000030139487102198
042003051999990000100003048500149
042003051011490000010011559500182
042003051011490001470000145500000
042003051011890014990000017900004
042003051012190013380000195600007
042003051012990022730000026700001
042003051025090014930000020500003
042003051029990000720002456900037
042003051033390013330000039000003
042003051039990002040000025900001
042003051040790010770000024600002
042003051053590000760000476300000
042003051059990012970000161900004
042003051063990019760000033700001
042003051069990001710000012100000
042003051071990014210000000800000
042003051074590000340000064800004
042003051074590020590000040600001
042003051082490000370000009000000
042003051083490001180000174900005
042003051084290012130000003600000
042003051084290012250000005400001
042003051084790011310000003700004
042003051091790025260000103400008
042003051091790026230000026200003
042003051092590018180000022600003
042003051094390017710000029500001
042003051099990025050000072400006
042003051111590015320000107100003
042003051111590015500000082900003
042003051113690016270001037300002
042003051122890024410000005500005
042003051133190005630000059800007
042003051144890004770000040000007
042003051153090012530000235500003
042003051174690022160000110200002
042003051010490001410000270600008
042003051011190008510000131000000
042003051011190026780000118100000
042003051011490013310000021800000
042003051012990019860000020600001
042003051025090014360000008500001
042003051049990010580000016400003
042003051053590026980000139400007
042003051059990012740000152700008
042003051063990001710000012100000
042003051069990019700000004100001
042003051071690001690000014300000
042003051071690014570000014000003
042003051071690014720000005400002
042003051074590001590000440700025
042003051079990020290000103300004
042003051080590001740000009800001
042003051080590001850000012400003
042003051080590001870000049000002
042003051080990000340000061400004
042003051082490010070000008000000
042003051083490000790000442700006
042003051084090011880000009100002
042003051084790000020011888000429
042003051084790011200000002900001
042003051084790011270000299300005
042003051100690012900000028700003
042003051101090010010000034800003
042003051109990012950000039800003
042003051113690015800000161000003
042003051133199999990004731300805
042003051140190003250000007600000
042003051142090002620000020400012
042003051144890003880000094900003
042003051144890005220000269300009
042003051153090012650000048200000
042003051170390000240005094000053
042003051170390009160000107600003
042003051171290009170000019300000
042003051189990011440000358900003
042003051999990000040078987103687
042003051999990000470033586100397
042003051012190013370000165600006
042003051012390014510000070400001
042003051012990000610021544900467
042003051014190019090000106500004
042003051019990000200002636300020
042003051022290000120001813700226
042003051022290001030001126700089
042003051024490001030000422200025
042003051049990010770000024600002
042003051053590026810000389300005
042003051053590026890000046700003
042003051059990001100001395100011
042003051059990026990000030500004
042003051069990019710000089500002
042003051070290021270000123300002
042003051071390010840000090700003
042003051079990014420000330700018
042003051080990011600000109400002
042003051080990011680000016500002
042003051084090011810000035300006
042003051091790025050000072400006
042003051091790026530000221700010
042003051092590017960000008800002
042003051092590021460000021800005
042003051094390017770000044000004
042003051109990000010024461801217
042003051109990009800000152200007
042003051119990000010069542202042
042003051119990015760000134100005
042003051122890025590000107200005
042003051129990000820026304000132
042003051129990024910000226100008
042003051133190006020000029800007
042003051133190007790000034500007
042003051142090002590000077700004
042003051144890004490000190100004
042003051144890004620000072300003
042003051149990002620000020400012
042003051149990004770000040000007
042003051162690014140000002200000
042003051169990013990000034600004
042003051179990023320000076700004
042003051189990011420000092200000
042003051011190008810000078000000
042003051011490019870000065300001
042003051011890014630000032200006
042003051012190000610010034400411
042003051012990021700000104400005
042003051012990021990000225300004
042003051012990022520000091800003
042003051019990019910000144100006
042003051025090001430000113100000
042003051029990000020026301601726
042003051039990027490000480600000
042003051049990010170000036200003
042003051053590026960000249000007
042003051059990026870000126100003
042003051063990000020010297300256
042003051071390004030000010500001
042003051071390010830000038300003
042003051071990000020005134900624
042003051071990014190000036100001
042003051074590000020016448300914
042003051080990001180000842200054
042003051084290007420000001600000
042003051084790000320000046600000
042003051084790011390000154300005
042003051092590000430003524100237
042003051092590021470000206100025
042003051094390017570000085000001
042003051094390017870000027100003
042003051094390018480000046000001
042003051099990000470033586100397
042003051100690000560003192400130
042003051100690013030000038400003
042003051101090009760000034300001
042003051101090009950000026700003
042003051111590000630019406100334
042003051111590015400001138100024
042003051113690016140000152700003
042003051122890024700000327800004
042003051129990024280000016100005
042003051129990024620000461400004
042003051133190002260001434400018
042003051133190006450000027100007
042003051133190006790000047200007
042003051139990007790000034500007
042003051142090002640000015300007
042003051144890005140000045200003
042003051149990003180000016400005
042003051153090012640000053500000
042003051159990012530000235500003
042003051162690014060000009400001
042003051999990001030008893900196
042003051010490013560000147600003
042003051011890014970000032200004
042003051012390000710003903100104
042003051014190018620000029800001
042003051019990015260000090100007
042003051019990018660000315200011
042003051025090000120004997800348
042003051025090001030007345000082
042003051033390013360000012100001
042003051059990012440000137800005
042003051070290021480000026100002
042003051080590001520000028900001
042003051082490010500000005400000
042003051084790000790001506100028
042003051084790001180000186700001
042003051090890016390000037900004
042003051091790026470000018300003
042003051091790026560000008300004
042003051092590000040007871400898
042003051092590018630000023900003
042003051100690013160000028400003
042003051111590015450000094900002
042003051119990016480000186000004
042003051129990000010139919500899
042003051139990005390000042700009
042003051139990006020000029800007
042003051140190003330000016200003
042003051149990002640000015300007
042003051153090012560000124000004
042003051162690001450000000800000
042003051162690013970000001800000
042003051174690022280000380900003
042003051199990000020000336500003
042003051010490013530000012400002
042003051010490013620000187800002
042003051010490013650000015900000
042003051011190001400000068700000
042003051011490019920000046500001
042003051012190001410000039700002
042003051014190018890000039300001
042003051033390013320000015900002
042003051039990000220000066700000
042003051040790010440000130200006
042003051049990001070003308800095
042003051063990019640000168400002
042003051070290008260000048600003
042003051071690014400000006900001
042003051071990013720000039300002
042003051071990013920000003900001
042003051074599999990000169400002
042003051083790001200000559700038
042003051084090012110000013500002
042003051084290027220000002500000
042003051090890017890000131100003
042003051092590018280000008200003
042003051094390017190000259800008
042003051094390027370001276800075
042003051099990000740000349600006
042003051100690000010014804700531
042003051100690012980000032300004
042003051111590015540000728600010
042003051113690000080012427400173
042003051113690000630013113200197
042003051119990016600000063100005
042003051129990024410000005500005
042003051142090002580000019200007
042003051149990002690000022700005
042003051153090000020022449300283
042003051153090012500000029500004
042003051153090012550000044400000
042003051159990012660000109600001
042003051174690021800000019500005
042003051010490000130001216500037
042003051011190008950000111900000
042003051011890015040000016600005
042003051012390014710000320200009
042003051012990022240000062400004
042003051012990022360000372500004
042003051012990022490000128100005
042003051022290001460000005800000
042003051022290025650000012500002
042003051029990025760000010500002
042003051033390013070000038100001
042003051039990013040000135600004
042003051039990013290000040900002
042003051049990000010017943500366
042003051071390010680000004800000
042003051071390010870000031600002
042003051071399999990000006600000
042003051074590020370000059700002
042003051080590001620000006300004
042003051080990000010009819301024
042003051080990011690000035700006
042003051082490010420000015400001
042003051083790000790000371500007
042003051084090011860000013000005
042003051084090012040000030800003
042003051090890000700086523801163
042003051090890000740000297900005
042003051090890027370000988100034
042003051091790025020000014800003
042003051094390017900000013800002
042003051101090009710000028400002
042003051109990013240000171800007
042003051111590015700000161600002
042003051113290023540000022300003
042003051113690015980000203800003
042003051113699999990001149300007
042003051129990024200000084000004
042003051133190003920000844900015
042003051144899999990000591800023
042003051149990002530000050300008
042003051149990005190000065800006
042003051153090001460000019400000
042003051169990001450000000800000
042003051169990014010000002200000
042003051169990014130000002100000
042003051169990014170000001100001
042003051170390008580000086600003
042003051171290009260000036900002
042003051174690000020045735701078
042003051179990008760000523900007
042003051185190000880000032200000
042003051185190001350000172200001
042003051999990000120008585700907
042003051999990000430041996101282
042003051010490001790000007100000
042003051010490013630000022800001
042003051011890014480000038700003
042003051011890014490000038200003
042003051012190013410000035200001
042003051012390001470000049600000
042003051014190000710013307000282
042003051014190018330000193100002
042003051019990014630000032200006
042003051025090014300000028100001
042003051033390000730007658700104
042003051040790010630000166800003
042003051059990000060028370100458
042003051059990000390001911900008
042003051071990000340000102100010
042003051080590001760000017300004
042003051080990011340000036300004
042003051083490001900000119200014
042003051089999999990004992900367
042003051092590018240000011400002
042003051099990017360000183200022
042003051099990017910000374000025
042003051109999999990001206800060
042003051112790016600000063100005
042003051113290023410000030200002
042003051113290023470000049100004
042003051113290023500000028400000
042003051142090000650009020400130
042003051149990000050007562300629
042003051149990003230000038200005
042003051169990000010007976500523
042003051169990014140000002200000
042003051169990014150000009400003
042003051171290000240001126600013
042003051999990001310001266700065
042003051011190026690000006300001
042003051014190017350000047400001
042003051014190018570000035400001
042003051014190019160000126200002
042003051019990008960001030100010
042003051019990018720000273900008
042003051019990019860000105600007
042003051022290025560000001800000
042003051022290025710000020300002
042003051029990014300000028100001
042003051039990001790000076300002
042003051040790010300000059600002
042003051053590026660000207200005
042003051053590026770000247600008
042003051053590026990000030500004
042003051053890000020014180000299
042003051069990008300000002700000
042003051070290000320000029000000
042003051070290021340000014900000
042003051071390010600000016200003
042003051071990014180000000800000
042003051079990010840000090700003
042003051080590001500000024100002
042003051080590001730000005800002
042003051080599999990000133900008
042003051080990011510000021100003
042003051083490001930000008000004
042003051083490002240000015500002
042003051084090000790000402000013
042003051084090012050000011000002
042003051084090012320000118200003
042003051084790001200000169700014
042003051084790001900001250000043
042003051090890022630000055000005
042003051091790000470002108800066
042003051091790024840000005000004
042003051092590018710000027200003
042003051094390000700009893500384
042003051094399999990000335300002
042003051101090000560001471500064
042003051101090001280000098200004
042003051101090010030000019300001
042003051111590015710000057800004
042003051122890024740000019500007
042003051140190002260000297700004
042003051140190003190000019500002
042003051144890004380000276700003
042003051144890004400000094600003
042003051144890004510000020300003
042003051159990012480000093000003
042003051159990012520000009900001
042003051999990001270003563300098
042003051010490013580000011600000
042003051010490013830000020500002
042003051011490019790000080300001
042003051014190018650000043100001
042003051019990022190000599500010
042003051019990027330000376200009
042003051022290008300000026000000
042003051024490001460000003700000
042003051025090014330000053600001
042003051029990015080000024000003
042003051039990000330000052900000
042003051039990013050000027400002
042003051059990000010022859600256
042003051063990001130000010100000
042003051063990019680000068600005
042003051069990019730000058500002
042003051071390010690000019100001
042003051071690000780000298200012
042003051071990001180000052400001
042003051074590020490000030400002
042003051080590000010006016400900
042003051082490000010012265300799
042003051089990011810000035300006
042003051090890022350000045700004
042003051092599999990000177200002
042003051099990027370002327800112
042003051101090000150000905300050
042003051101090009690000046500006
042003051101090009750000012700001
042003051109990013060000060400005
042003051112790016480000186000004
042003051113290013310000013100000
042003051113690016130000306000005
042003051129990025470000070100004
042003051139990006910000028100007
042003051149990005220000269300009
042003051159990012400000006200000
042003051159990012470000050200001
042003051159990012560000124000004
042003051170390009070000150500004
042003051171290000420000678500013
042003051171290008280000065900001
042003051171290009450000030300001
042003051185190000020000290500002
042003051199990019070001544000015
042003051011190001410003777300022
042003051011190001470000137100000
042003051011490000130003465400076
042003051011490019830000040500001
042003051011890000010015548200535
042003051012190013430000158100003
042003051012990021810000068700001
042003051019990000010120410702342
042003051019990018680000241900007
042003051053590026950000105700002
042003051070290021550000001300000
042003051071690014650000025500005
042003051071990013700000019600001
042003051074590000010014284000800
042003051074590020440000019000002
042003051080590001590000011200002
042003051080990011330000008400005
042003051084290012210000114300001
042003051089990011390000154300005
042003051091790000700008302900378
042003051099990017190000259800008
042003051099990021860000093700006
042003051099990026530000221700010
042003051100690013220000078100004
042003051101090000020011898000882
042003051111590015870000026100002
042003051119990016110000084800004
042003051119990016150000233700004
042003051139990000640006280200260
042003051142090003180000016400005
042003051153090012510000006800000
042003051159990012640000053500000
042003051011490019880000071600003
042003051011890014470000033000003
042003051012190000710002343600074
042003051012190013420000044300002
042003051012390015170000003300000
042003051012990000010022654000295
042003051012999999990000753100000
042003051019990015100000175400006
042003051033390000010023547700346
042003051039990001040000425000002
042003051063990019670000014300001
042003051070290001150000088000000
042003051071390000010011212600422
042003051082490000020011737400680
042003051083790010960000021900006
042003051084290012120000004600000
042003051084790011250000021400003
042003051084990011060000004100001
042003051084990011100000013500002
042003051084990011140000014600003
042003051089990011220000032800010
042003051090890001250000144400004
042003051091790000040010866600927
042003051091790027020000019900003
042003051094390017360000183200022
042003051099990018450000102800005
042003051109990010010000034800003
042003051111590015660000081800003
042003051119990015570000563900015
042003051119990016200000253000005
042003051122890023810000162400007
042003051122890023870000196300007
042003051122899999990009242300181
042003051133190007170000042200007
042003051133190007220000031800007
042003051133190007430000035400007
042003051139990003930001044000017
042003051140190003860000012500003
042003051140190027240000035500004
042003051142090002830000009100005
042003051153090012450000450700001
042003051153090012660000109600001
042003051162690014130000002100000
042003051169990014050000006200001
042003051170390008650000099500003
042003051170390009110000141600002
042003051174690022960000100500006
042003051174690023300000080000006
042003051189990011460000069600000
042003051999990002260003123500048
042003051011890014730000031700002
042003051011890015090000103600002
042003051012990023110000053600004
042003051014190018930000042200001
042003051029990014360000008500001
042003051033390013340000036400003
042003051049990010590000064900003
042003051049999999990001425900016
042003051071990014120000005100001
042003051074590020390000026900001
042003051074590020480000022000001
042003051079990001590000440700025
042003051083790027150000003900000
042003051084790001710000030600000
042003051090890000470029169500298
042003051090890017450000115600003
042003051091790024830000027900003
042003051091790024960000021900005
042003051099999999990012312200358
042003051101090009800000152200007
042003051109990009740000235100006
042003051113290023580000156600003
042003051129990000020113947000727
042003051140190000010004645500089
042003051142099999990000795000035
042003051144890004580000207700003
042003051149990004740000024800007
042003051153090000010034163400377
042003051162690014090000217500000
042003051169990000860000464200004
042003051171290009470000019700000
042003051174690000300000418200008
042003051179990021800000019500005
042003051189990001350000172200001
042003051999990000920013930700298
042003051010490027330000376200009
042003051011490019910000144100006
042003051012390015150000069400001
042003051012990022470000031100003
042003051019990013500001896100031
042003051022290025780000011300000
042003051033390013140000162800004
042003051040790010170000036200003
042003051049990009550000673100003
042003051049990010300000059600002
042003051053590000010016708000164
042003051059990026890000046700003
042003051069990019740000013900001
042003051070290000180000066300000
042003051071390010860000012400001
042003051071690014590000020600002
042003051074590020410000017600002
042003051080590001750000020000001
042003051080990011700000004700003
042003051084790011290000018500001
042003051092590017950000025700005
042003051092590019570000013400001
042003051094390018070000061900004
042003051109990013220000078100004
042003051133190007830000087000007
042003051140190003390000007500001
042003051144890004740000024800007
042003051149990000840009013400079
042003051149990002520000010400005
042003051162690014150000009400003
042003051169990013950000018900001
042003051171290000320000019300000
042003051171290008620000027400002
042003051179990000110008653900131
042003051195290000190000016500000
042003051010490013780000038000006
042003051010490013800000026100000
042003051014190018780000025900002
042003051014190019000000092200005
042003051019990022950000985400026
042003051025090001690000035600000
042003051029990014260000015500002
042003051039999999990000183700000
042003051040790010270000112600003
042003051049990010370000150900002
042003051053890012630000014800000
042003051053890012740000152700008
042003051069990019380000822600015
042003051071390010850000050500000
042003051071990027110000003200000
042003051079990010830000038300003
042003051079990013680000011000004
042003051079990021360000027900003
042003051082490001710000004300000
042003051083499999990000149900005
042003051083790009990000016100004
042003051084290000790000064000000
042003051084790011410000013800003
042003051084790011470000018000002
042003051089990000790006014100148
042003051090890018050000163500007
042003051090890021860000093700006
042003051111590015270000136300006
042003051113290000800000083600000
042003051113290023570000009200000
042003051122890024910000226100008
042003051129990025590000107200005
042003051133190007910000037300007
042003051144890005120000130900004
042003051170390009100000054000003
042003051171290009490000014300000
042003051174690023220000069900002
042003051179990008450000309900005
042003051179990008650000099500003
042003051010490013730000024900003
042003051010490013870000010700000
042003051011190008960001030100010
042003051012190000130003289900140
042003051012390015140000306900006
042003051014190016730000045500001
042003051014190018410000076500003
042003051014190018610000026700003
042003051024490000120001774200333
042003051025090000720001672900011
042003051033390000140000882300003
042003051059990026930001002600005
042003051063990000030001371400015
042003051069990001120006659200276
042003051071390010790000030100002
042003051071990027120000002700001
042003051084090011840000036300005
042003051084090011960000009300003
042003051089990001790000324900023
042003051091790026450000097300004
042003051094390027460000077400001
042003051100690012950000039800003
042003051101090000570000102000007
042003051101090009780000025400001
042003051109990009830000023200004
042003051111590015720000265400009
042003051113690001790000095500001
042003051119999999990007615500117
042003051122890001790001122700012
042003051129990023780000065800006
042003051129990024260000090500004
042003051129990024740000019500007
042003051159990001460000019400000
042003051162690000010007976500523
042003051162690014000000011200002
042003051162690014100000034500001
042003051169990013980000025000002
042003051174690021650000239100005
042003051174699999990003074400027
042003051185190000370000012900000
042003051195290019150000010100000
042003051999990000020799917823224
042003051011190008440000095800000
042003051011490001410000121200002
042003051011490019890000016400003
042003051012190013470000017200000
042003051012990023140000014700004
042003051029990025770000051100003
042003051029990025820000015400003
042003051039990013350000091900004
042003051040790010210000227100005
042003051049990010210000227100005
042003051053590026870000126100003
042003051053890012430000213800001
042003051053890012700000083900000
042003051053890012720000068300005
042003051059990012380000302200005
042003051063990019690000062700001
042003051069990000030001371400015
042003051070290008240000038200003
042003051071990000320000009600000
042003051079990013910000038100004
042003051083490002060000007400001
042003051083790000370000018100000
042003051084090011820000011700005
042003051084290005970000002200000
042003051084290012080000010300002
042003051092590000470000743700011
042003051094390000430004345900224
042003051094390016460000060800002
042003051101090009840000038000001
042003051109990009970000030900003
042003051119990000630045315700927
042003051119990015540000728600010
042003051122890024620000461400004
042003051133190005540000009300009
042003051139990003990000071500008
042003051142090002690000022700005
042003051149990002260001689100030
042003051149990002610000013300007
042003051162690001310001266700065
042003051170390008450000309900005
042003051171299999990000049000000
042003051185190011440000358900003
042003051185190011480000057300000
042003051999990001410005893100057
042003051011190008480000049400001
042003051011490019850000045000002
042003051012990022190000599500010
042003051014190018880000209800008
042003051019999999990014668400293
042003051022290025610000006300000
042003051029990014330000053600001
042003051033399999990000183700000
042003051049990010530000029500002
042003051053590026900000860600015
042003051059990012720000068300005
042003051059990026810000389300005
042003051063990008300000002700000
042003051063990019730000058500002
042003051070290021420000076500005
042003051071990013770000003700002
042003051074590020270000027200001
042003051079990000340000214900014
042003051079990020360000018100003
042003051080990011560000014800003
042003051082490010330000009800000
042003051083490002030000036800001
042003051083490002050000008300001
042003051084290012030000031300005
042003051089990009860000741000058
042003051090890019930000015400005
042003051090890022150000026900004
042003051092590022800000005400001
042003051094390000010003246800066
042003051100690000150000143600005
042003051101090009810000009100004
042003051113690016170000132500002
042003051122890027070000020700005
042003051142090002650000007700005
042003051144890000100001873200081
042003051149990003340000021000007
042003051170390008310000017800003
042003051171290008720000024300002
042003051171290009460000026300001
042003051179990008980000210800005
042003051011890014550000197700004
042003051011899999990001132500028
042003051024490000320000002700000
042003051029990025490000007200002
042003051040790010370000150900002
042003051049990009590000196600006
042003051049990010100000070600003
042003051070290021310000096500001
042003051071390000550000215100006
042003051071390010880000006400001
042003051071690014420000330700018
042003051079990021270000123300002
042003051080590000790000652200035
042003051080590001890000010900003
042003051080990011070000927400010
042003051080990011760000025900004
042003051082490001170000278700003
042003051082490010290000004400000
042003051090890023050000151000003
042003051092590023290000024700001
042003051094390017670000018900003
042003051111590015430000134800004
042003051112790000010011643800428
042003051113290000080003960000122
042003051122890023780000065800006
042003051133190003980000031700007
042003051133190003990000071500008
042003051140190003360000023100002
042003051140190003590000011200004
042003051153090012580000045100000
042003051159990012670000175300002
042003051169990014040000009300001
042003051169990026730000002300001
042003051171290009300000015500002
042003051174690000490001400700036
042003051174690023130000053400003
042003051174690023520000022400003
042003051999990001200000745200055
042003051010490013860000017700001
042003051011890000610018679400782
042003051011890015050000174000005
042003051019990001410005893100057
042003051019990018880000209800008
042003051029990014340000082500004
042003051049990010220000108900003
042003051053590012370000145900002
042003051053890000320000009800000
042003051063990019590000113100000
042003051070290000010008482100321
042003051071390000020014546200557
042003051071690000010005509100631
042003051071690000320000005000000
042003051071990000780000686900013
042003051074590000780001589000040
042003051079990001790000036900006
042003051079990021510000256300004
042003051084290009560000004900002
042003051084990001190000379400051
042003051090890023040000150500003
042003051099990019630000185200019
042003051099990022450000156600006
042003051100690012930000134900003
042003051112790000630007690800204
042003051113690016220000068800004
042003051139990006790000047200007
042003051140190003230000038200005
042003051142090002530000050300008
042003051153090012480000093000003
042003051169990014090000217500000
042003051170390008780002210600039
042003051170390009150000281800002
042003051179990021140000290400006
042003051999990001790002342800054
042003051010490000610010496200451
042003051011190008560000064900000
042003051029990014350000004800002
042003051029990025520000014100007
042003051033390001050001562100029
042003051039990013190000067100001
042003051039990013280000049300001
042003051040790001270003563300098
042003051053590001110001172100027
042003051053890012600000351400006
042003051053890012730000022500002
042003051059990026770000247600008
042003051059990026830000104700003
042003051063990001120006659200276
042003051069990019640000168400002
042003051071390010660000015300003
042003051071390010720000072100002
042003051071390010740000015500002
042003051071690000020006622600710
042003051071690014580000000200000
042003051071990014080000003700001
042003051074590020540000029100001
042003051079990000190000039800003
042003051080590001180000127900010
042003051080590001830000022000001
042003051082490010060000338000012
042003051083790010130000099400003
042003051084090011970000017100002
042003051084790011530000004400001
042003051089990011270000299300005
042003051089990011730000102200006
042003051090890020650000201500004
042003051090890021920000009300004
042003051091790025910000008700003
042003051100690012800000016600004
042003051113290023420000014800001
042003051113690015880000075800002
042003051113690015960000064800002
042003051119990015430000134800004
042003051133190007000000057900011
042003051139990007130000035400009
042003051140190000650003521500036
042003051140190003870000004700001
042003051142090002520000010400005
042003051142090002610000013300007
042003051153090000340000013900000
042003051153090000850004176800037
042003051153090012390000048900000
042003051153090012540000042500000
042003051153090012590000006100000
042003051159990000320000035800000
042003051169990014100000034500001
042003051199990001390000739200007
042003051011890014920000034700002
042003051012190013440000066600003
042003051012990000710006978800199
042003051022290025760000010500002
042003051033390013350000091900004
042003051039990000010023547700346
042003051040790009590000196600006
042003051040790010090000133300006
042003051053590000060010906300146
042003051053890012750000053100000
042003051053890012760000296900009
042003051063990019650000060500004
042003051063990019660000061600004
042003051069990019780000007800000
042003051079990008240000038200003
042003051079990010660000015300003
042003051084290000010002773500497
042003051090890022680000014900004
042003051092590000510001719800062
042003051094390000470001564100022
042003051094390017800000016800003
042003051099990025930000141600008
042003051100690000020018740900860
042003051100690001280000389700009
042003051101090000010009657100686
042003051101090010020000061200001
042003051111590015460000046500004
042003051113290023390000007700001
042003051119990015590000941200006
042003051119990015630000887400013
042003051119990016220000068800004
042003051119990023380000095600008
042003051129990001300000214300005
042003051129990023810000162400007
042003051139990003920000844900015
042003051162690000860000464200004
042003051169990014110000004600001
042003051179990021650000239100005
042003051011190008920000139000002
042003051011490019860000085000006
042003051014190018720000273900008
042003051022290025770000051100003
042003051025090014320000005400003
042003051040790010260000089300003
042003051049990010250000053200004
042003051053590026610000194900001
042003051071990000010004505400429
042003051071990013900000019500002
042003051071990014230000016700003
042003051080590001800000004900003
042003051080990027040000024900003
042003051082490010350000022600002
042003051082490010460000002000000
042003051083790009860000741000058
042003051084090000020003276100274
042003051084090011990000026900002
042003051089990001200000745200055
042003051090899999990007856800110
042003051091790025000000022300003
042003051101090000290000463800005
042003051113290000320000012500000
042003051113290001290000330100012
042003051113690000480000047100002
042003051113690015810000406600008
042003051122890000820026304000132
042003051122890024100000352300012
042003051139990000160009996200335
042003051144890005060000015500005
042003051144890005190000065800006
042003051153090012610000159500003
042003051162690013950000018900001
042003051170390009210000055000001
042003051170390009350000078500003
042003051171290000010013028300550
042003051179990008380000362000004
042003051999990000130033297000667
042003051999990009860000741000058
042003051011190008460000165300000
042003051011490019840000041000004
042003051011490019990000030600000
042003051011890014910000036900005
042003051011890015000000022300002
042003051014190001410000407000007
042003051014190018660000315200011
042003051019990013380000195600007
042003051022290025850000013300002
042003051025090000010015744600541
042003051029990025710000020300002
042003051033390000020023043900426
042003051033390001060000143800001
042003051033390013190000067100001
042003051039990013140000162800004
042003051049990010520000092700006
042003051049990010560000103200003
042003051053590026880000070200001
042003051059990026660000207200005
042003051069990019770000111100003
042003051071390010900000013600000
042003051071690014800000025200002
042003051071990001160000091300000
042003051074590020280000022100002
042003051074590020530000022400001
042003051079990000780004858800112
042003051080990000790000907100015
042003051080990011620000017200004
042003051082490010230000005000000
042003051083490000010005044400568
042003051083490001920000029300002
042003051083490027260000012600004
042003051083790009890000321700003
042003051084990000020004246700519
042003051091790023860000096400004
042003051092590019630000185200019
042003051094390018140000230300007
042003051099990021530000214200007
042003051100690012810000046500003
042003051109990000560004663900194
042003051111590000080012693400211
042003051129990024560000112400004
042003051142090002260000769800025
042003051144890000230021106200256
042003051144890004480000121000004
042003051144890004800000064900007
042003051149990000100002463400103
042003051149990002580000019200007
042003051162690000020006632000332
042003051169990014000000011200002
042003051171290009000000075300001
042003051174690000240008443700105
042003051174690021070000014200003
042003051179990009510000173400003
042003051185190011460000069600000
042003051189990000370000012900000
042003051999990000080032533100595
042003051010490001470000069500000
042003051011490019820000019900001
042003051012190001470000132800000
042003051014190018500000199700003
042003051014190018770000021200002
042003051019990000610149090504117
042003051022290025490000007200002
042003051022290025740000006200001
042003051025090001790000098600002
042003051029990014250000010400001
042003051033390013280000049300001
042003051053590012380000302200005
042003051053590026590000086500000
042003051069990000010013390700424
042003051071990013930000015800001
042003051080590001790000021300002
042003051083490001910000042400003
042003051083790000020008311400803
042003051083790009920000003500003
042003051084790000010014129600807
042003051084790001690000022200000
042003051091790026200000040300004
042003051094390017550000049700002
042003051101090009970000030900003
042003051122890001300000214300005
042003051129990024110000053500005
042003051133190005250000159800008
042003051142090002450000025200004
042003051153090012490000038500001
042003051162690001440000048000000
042003051162690014040000009300001
042003051162690026730000002300001
042003051170390000020029280400583
042003051179990000300000418200008
042003051179990009290000007400004
042003051999990000050007604800630
042003051010490013550000009600000
042003051011190008370000051400002
042003051011890014790000025400003
042003051012390015200000110000002
042003051012390015240000049500001
042003051019990013370000165600006
042003051039990000140000882300003
042003051053590012330000846100002
042003051069990019660000061600004
042003051069990019750000033200000
042003051074590020380000031700002
042003051079990010600000016200003
042003051083490002090000015300002
042003051090890000430028356500519
042003051090890022450000156600006
042003051091790025930000141600008
042003051092590018360000105900012
042003051101090009730000016600003
042003051101090009910000009300003
042003051101090009980000012400003
042003051109990012890000107800004
042003051109990012930000134900003
042003051112790016720000092000004
042003051113690016100000096700002
042003051122890000180004868600004
042003051129990024100000352300012
042003051142090000230013242600476
042003051149990002630000048900005
042003051153090012400000006200000
042003051169990013970000001800000
042003051171290000920002018400034
042003051189990000020000290500002
042003051195290000020000336500003
042003051999990001900001397700065
042003051011190008770000104600002
042003051012390001460000050300000
042003051025090000400000241300000
042003051025090001460000074800000
042003051029990000010022083501296
042003051033390013080000108900003
042003051049990010630000166800003
042003051053890000060017463800312
042003051053890000580000050000001
042003051053890000760000407800001
042003051059990000020025431700430
042003051069990019800000077300003
042003051080590001570000013700001
042003051080590001650000010600002
042003051080990011570000010000004
042003051080990011710000031300002
042003051082490001190004199700179
042003051082490001790000020700000
042003051083790010930000006300004
042003051083790010950000006800000
042003051084290012070000014500005
042003051091790024370000048800004
042003051094390016640000027400002
042003051100690012840000018900002
042003051100690013060000060400005
042003051101090009870000012500001
042003051109990000150001048900055
042003051109990012800000016600004
042003051109990013250000060100005
042003051119990023400000117400005
042003051133190006130000042600009
042003051140190000230005411000138
042003051140190003560000020300003
042003051144890005050000010700003
042003051149990000010021245800232
042003051149990000650025110000296
042003051159990000180000676300000
042003051159990012540000042500000
042003051170390009270000046200001
042003051174690000920007746000166
042003051174690023430000100500002
042003051179990022960000100500006
042003051011190001490000236100004
042003051011890001410000796800015
042003051011890014710000036500003
042003051012390015190000017500000
042003051033390001790000076300002
042003051033390013040000135600004
042003051039990001050001562100029
042003051040790010530000029500002
042003051049990000440002339900015
042003051059990012330000846100002
042003051063990019740000013900001
042003051069990019690000062700001
042003051070290021360000027900003
042003051071690014740000005300003
042003051071990014030000004000001
042003051074590020310000018100001
042003051082490010240000017800002
042003051083490002110000006700003
042003051083790001710000004600000
042003051084090011980000022500003
042003051084790011230000029700001
042003051089990010060000338000012
042003051089990011070000927400010
042003051089990011840000036300005
042003051089990012030000031300005
042003051091790024450000052000003
042003051091790026310000020400003
042003051094390016630000044300004
042003051094390016700000123800003
042003051099990000040078987103687
042003051100690012890000107800004
042003051100690012990000089500002
042003051111590001790000196000005
042003051122890023840000168400004
042003051122890025420000063300006
042003051139990007220000031800007
042003051140190000900001131700004
042003051162690013960000028300001
042003051169990014060000009400001
042003051170390008380000362000004
042003051170390008660000030200002
042003051171290008970000021500000
042003051171290009500000058800000
042003051195290019070001544000015
042003051012190000010008005000192
042003051012190013390000049200001
042003051012990001410000383800001
042003051019990013780000038000006
042003051022290025520000014100007
042003051025090014290000003000000
042003051029990026680000006500002
042003051033390027490000480600000
042003051039990013340000036400003
042003051040790010580000016400003
042003051049990010450000046300002
042003051059990026900000860600015
042003051069990001790000074700000
042003051069990019650000060500004
042003051071390010780000008400000
042003051071690014760000019100001
042003051080590001660000008000002
042003051080990011400000020000002
042003051082490000340000006100001
042003051084090011950000005300001
042003051084290011450000003700000
042003051084990000790000489100011
042003051089990027540000450700032
042003051091790025920000180100008
042003051113690016160000113000003
042003051119990015400001138100024
042003051119990023560000079900006
042003051122890024110000053500005
042003051122890024560000112400004
042003051129990027070000020700005
042003051139990006890000029600008
042003051140190003320000003000000
042003051142090000010004779500053
042003051144890000650012568100130
042003051149990002480000023700006
042003051169990000020006632000332
042003051174690022420000058300002
042003051179990000020085441802064
042003051179990008580000086600003
042003051179990023270000267200006
042003051999990001190004579100230
042003051011199999990000226300000
042003051011490019980000027000002
042003051011890014900000043500004
042003051012390000010012038300343
042003051012990022950000985400026
042003051019990015140000306900006
042003051022290000720000300900005
042003051063990000010013390700424
042003051070290000020010721600419
042003051071990013910000038100004
042003051074590020420000023600002
042003051074590020520000022400002
042003051079990014230000016700003
042003051082490010340000016400001
042003051083490001950000017800004
042003051083490002100000010800004
042003051084090000010004227800690
042003051084090011500000202800002
042003051084290012240000001500001
042003051084790011180000026400002
042003051084990011120000010100003
042003051099990000010036055300350
042003051101099999990000076400004
042003051109990000570000102000007
042003051113290000010011825600586
042003051113690015770000206700002
042003051139990003980000031700007
042003051139990007910000037300007
042003051140190003290000006100003
042003051140199999990000006900000
042003051142090002920000005400005
042003051159990012490000038500001
042003051159990012570000029600000
042003051162690014020000006100001
042003051171290009410000009900002
042003051179990008900000448900003
042003051189990000880000032200000
042003051999990001070003308800095
042003051010490000320000006300000
042003051011190001420000080900000
042003051011190008880000145500001
042003051011490000320000010900000
042003051011890014850000087800004
042003051012990000130003973100070
042003051024490000720000483100021
042003051033390013290000040900002
042003051039990013360000012100001
042003051040799999990001425900016
042003051053590026650000128100000
042003051053890012420000027600000
042003051053890012440000137800005
042003051070290021370000008500001
042003051071990022600000002000000
042003051074590020300000033100002
042003051079990000550000215100006
042003051082490000180000135900002
042003051082490010480000054700000
042003051083490002070000019300002
042003051083790010650000007800001
042003051083790010980000012500004
042003051084090011800000019800003
042003051109990012980000032300004
042003051112790000080003452300089
042003051113690000010021839500441
042003051113690015990000150600002
042003051119990015270000136300006
042003051119990023470000049100004
042003051129990001790001122700012
042003051129990023550001028500006
042003051139990005250000159800008
042003051142090000100000590200022
042003051142090002730000059000009
042003051142090002800000021900004
042003051144890004930000007100005
042003051153090012570000029600000
042003051162690014170000001100001
042003051199990001690000013900000
042003051999990000110008653900131
042003051011190008500000331900006
042003051025090014340000082500004
042003051029990014320000005400003
042003051029999999990000610900004
042003051039990000020023043900426
042003051040790010100000070600003
042003051053590026920000119000001
042003051053890012970000161900004
042003051059990026910000326200005
042003051071390000320000008900000
042003051080990011610000035700005
042003051080990011670000019000002
042003051080990011730000102200006
042003051082490010400000008100001
042003051083490002230000013500001
042003051084090012020000017500003
042003051084790011210000006400003
042003051090890000040049261101147
042003051090890021530000214200007
042003051092590000700005664900356
042003051099990016340000045800007
042003051099990022980000222500005
042003051100690013150000030600002
042003051109990000290000463800005
042003051113690000800000743300004
042003051113690015520000096700001
042003051140190000170000619100000
042003051142090002370000112200004
042003051149990002460000019900007
042003051153090012460000132000003
042003051159990012550000044400000
042003051170390008680000033200003
042003051171290008760000036100002
042003051171290008900000058300000
042003051174690000010057108401244
042003051179990009160000107600003
042003051010490013500001896100031
042003051011490000610013970800416
042003051012190013400000030900000
042003051019990000130033297000667
042003051019990019900000237100005
042003051025090016300000002800001
042003051029990014930000020500003
042003051033390000330000052900000
042003051033390002040000025900001
042003051039990013020000338100007
042003051040790010560000103200003
042003051049990000020009575700168
042003051053890012270000020200000
042003051059990026960000249000007
042003051063990019720000015300000
042003051071390000780001098500022
042003051071390010920000045600002
042003051082490010190000091000003
042003051083490000340000033900005
042003051083490002150000019600004
042003051092590017910000374000025
042003051099990018140000230300007
042003051100690013130000026200002
042003051109990001280000487900013
042003051113290023400000117400005
042003051129990023800000016900006
042003051133190000100000585100046
042003051139990007170000042200007
042003051140190000050000410300105
042003051140190003550000008300001
042003051142090000840002242100037
042003051159990012510000006800000
042003051162690014010000002200000
042003051170390000010035138700761
042003051171290009140000031000000
042003051174690008760000487800005
042003051174690020870000131100002
042003051179990009130000102300004
042003051185190001320000140200000
042003051011890014960000067900004
042003051012990001470000781100001
042003051014190000130011067800125
042003051019990008500000331900006
042003051029990014860000037700003
042003051040790000010017943500366
042003051040790010520000092700006
042003051049990010510000067300003
042003051053890000010006151600092
042003051059990000590000471000007
042003051074590000190000037500003
042003051074590020350000008400002
042003051074590020360000018100003
042003051079990014570000014000003
042003051079999999990001970700093
042003051080990011770000023600003
042003051083490001790000028500006
042003051084090012090000004400001
042003051084290011850000006000002
042003051084290012200000003300001
042003051084290012230000004500000
042003051084790011540000004900005
042003051089990000010071077507418
042003051089990000190000172900005
042003051089990000340000119800010
042003051090890018450000102800005
042003051091790000430005228400299
042003051091790024990000053200003
042003051099990000430041454901279
042003051111590015640000119400003
042003051139990005540000009300009
042003051139990006450000027100007
042003051142090002630000048900005
042003051142090002710000008700005
042003051144890002260000621600001
042003051144890004240000060400003
042003051999990000010787576223615
042003051010490013890000040800003
042003051011190000130005339900074
042003051011190009030000269300005
042003051012390015160000112900005
042003051012990000200002636300020
042003051014190000610038595400696
042003051022290026680000006500002
042003051025090014860000037700003
042003051029990025850000013300002
042003051033390013050000027400002
042003051039990013090000049400002
042003051040790010250000053200004
042003051049990010200000136800004
042003051053590026930001002600005
042003051059990012370000145900002
042003051071990027130000002500001
042003051082490010310000014300001
042003051083790009930000018900001
042003051083790022820000011200002
042003051084099999990000108100001
042003051089990001180001369600070
042003051089990011660000404000021
042003051091799999990000993600037
042003051092590017970000022600002
042003051099990000700110385102281
042003051100690012940000161200006
042003051100690013240000171800007
042003051101090009770000016400002
042003051101090009830000023200004
042003051109990000020030638901742
042003051113690015780000062200003
042003051119990015720000265400009
042003051122890024420000005800005
042003051133190005390000042700009
042003051139990000100000585100046
042003051139990006130000042600009
042003051144890000840005639600038
042003051149990002730000059000009
042003051149990005060000015500005
042003051153090012670000175300002
042003051159990000020022449300283
042003051159990012500000029500004
042003051171290008610000019900002
042003051171290008740000137400003
042003051179990008740000137400003
042003051199990019150000010100000
042003051010490000010011756200377
042003051012390015130000028100001
042003051022290000010003488000374
042003051025090011300000003600000
042003051029990001790000098600002
042003051029990014270000165900005
042003051040790010200000136800004
042003051049990010440000130200006
042003051053890001100001395100011
042003051063990019700000004100001
042003051071390001180000088000001
042003051071690001180000012300000
042003051074590001140000033400002
042003051080590001560000014500001
042003051083490001960000055600001
042003051083490002210000004900002
042003051084090011870000004500004
042003051084290012100000010500003
042003051092590000460000039400001
042003051092590019360000010800002
042003051099990022630000055000005
042003051109990009690000046500006
042003051111599999990001536800020
042003051113690015920000210700002
042003051119990001790000379400007
042003051122890023550001028500006
042003051122890023800000016900006
042003051129999999990009242300181
042003051133190006910000028100007
042003051133190007130000035400009
042003051139990000230001071900022
042003051139990002260001434400018
042003051139990007830000087000007
042003051139990008020000043000009
042003051142090002480000023700006
042003051144890000050006317500486
042003051153090000320000035800000
042003051159990012390000048900000
042003051159990012450000450700001
042003051169990013960000028300001
042003051170390009130000102300004
042003051170390009240000028800001
042003051011190000610018113600307
042003051011190008690000080500002
042003051012390015180000021900001
042003051012390015260000090100007
042003051012990021770000048800001
042003051014190000010021679800245
042003051022290000020005448200578
042003051025090014270000165900005
042003051025090014280000026300000
042003051025090014350000004800002
042003051025090014370000067400005
042003051029990000120008585700907
042003051033390013010000238700001
042003051039990013080000108900003
042003051053590026910000326200005
042003051053890000590000471000007
042003051053890012770000084400004
042003051063990020220000014100000
042003051069990020220000014100000
042003051070290021320000023300000
042003051083490001200000010400002
042003051083490002220000014600003
042003051084090011900000005300001
042003051084090011930000008100002
042003051090890021940000016500004
042003051091790025900000012200003
042003051100690013210000041600003
042003051111590015840000135400003
042003051112790000320000012300000
042003051112790001790000087900001
042003051113690016120000043700002
042003051113690016200000253000005
042003051133190000830002216000043
042003051140190003440000018000001
042003051140190003620000006400001
042003051142090000050000834500038
042003051142090002460000019900007
042003051142090003910000051800006
042003051171290008630000050400001
042003051174690022070000058300002
042003051195290001370000073900000
042003051011190000710005517700087
042003051011890015100000175400006
042003051012390000610017655800587
042003051024490014260000015500002
042003051040790010510000067300003
042003051049990010090000133300006
042003051049990010270000112600003
042003051063990001790000074700000
042003051069990019680000068600005
042003051070290000780001186200025
042003051080590001530000034300001
042003051080990011090000007700003
042003051083490002160000004800003
042003051083790000010010480301226
042003051084090014220000013800005
042003051084290000950000002000001
042003051084290012220000029800000
042003051084990027540000450700032
042003051094390018030000046900007
042003051099990025260000103400008
042003051129990024700000327800004
042003051129990025420000063300006
042003051159990012620000286700005
042003051162690014050000006200001
042003051169990013940000163100003
042003051174690023010000048200004
042003051010490013490000009700000
042003051011190008840000225200002
042003051011490020000000145900003
042003051011890014830000183600002
042003051019990019810000218300008
042003051039990013180000042600003
042003051040790010220000108900003
042003051049990001270003563300098
042003051053590026830000104700003
042003051059990012600000351400006
042003051059990026980000139400007
042003051063990019770000111100003
042003051069990019760000033700001
042003051071390010730000067000001
042003051071390010910000011300001
042003051074590020470000030500002
042003051080590001600000010100002
042003051080990011640000006700004
042003051082490000790001179400033
042003051083790010140000015800005
042003051083790010940000012700003
042003051083790011000000002900001
042003051084090000190000172900005
042003051084990011130000041700005
042003051090890016340000045800007
042003051092590019190000048500005
042003051100699999990000445900008
042003051109990012940000161200006
042003051119990000800001964300011
042003051149990000230039759800870
042003051149990004800000064900007
042003051159990012650000048200000
042003051169990001440000048000000
042003051171290000020010425700403
042003051179990000240014664300171
042003051185190011420000092200000
042003051199990001790000041700000
