071987061010490001090000011000000
071987061011190001140000018300000
071987061011490000090000079600000
071987061011490000130000011000000
071987061011490001140000009600000
071987061011890000370001158700000
071987061011890001050000304900000
071987061012190000030001241200000
071987061012190000370000202300000
071987061012190001160000021700000
071987061014190001120000167100000
071987061019990000130000110700000
071987061022290000090000056000000
071987061022290000220001589000000
071987061022290000370000087300000
071987061022290001050000037100000
071987061024490000180000002300000
071987061024490000320000008800000
071987061025090000050000295100000
071987061025090000190000047100000
071987061025090001060000015400000
071987061029990000380000102900000
071987061039990000180000020200000
071987061049990000310000086900000
071987061053590000010010359200000
071987061053590000090000306900000
071987061053590000100000033900000
071987061053590000190000027200000
071987061053590000340000017300000
071987061053890000370000103600000
071987061053890000380000015400000
071987061059990000030012559800000
071987061063990000020010720700000
071987061063990000050000472000000
071987061063990000100000012700000
071987061063990001090000028400000
071987061069990000980000008400000
071987061069990001150000208000000
071987061070290000230000009600000
071987061071390000370000081000000
071987061071690000020004744100000
071987061071690000190000023200000
071987061071690000210000004800000
071987061071690000690000021300000
071987061071990000010003150100000
071987061074590000020010067500000
071987061074590000130000004800000
071987061074590001130000024600000
071987061079990000340000028500000
071987061080590000020003487700000
071987061080590001090000002800000
071987061080990000230000034900000
071987061080990000310000088200000
071987061010490000090000057200000
071987061010490000980000009000000
071987061010490001060000010500000
071987061010490001080000014600000
071987061011190000090000136900000
071987061011190001080000031400000
071987061011490000340000008300000
071987061011490001050000260200000
071987061011490001160000030100000
071987061011890000220000011900000
071987061011890001080000015500000
071987061011890001090000008600000
071987061011890001160000034600000
071987061012190000090000091300000
071987061012390000310000087400000
071987061012390000690000037500000
071987061012990000090000144600000
071987061014190000050000323200000
071987061019990001150003278900000
071987061022290000190000009000000
071987061022290001090000006200000
071987061024490000310000039900000
071987061024490000370000076600000
071987061024490000980000002600000
071987061025090000340000011900000
071987061025090001080000043600000
071987061025090001090000019300000
071987061029990000020015639600000
071987061029990000100000066300000
071987061029990000340000018200000
071987061033390000050000293100000
071987061033390000130000014400000
071987061033390000670000010500000
071987061033390001120000163300000
071987061033390001160000088400000
071987061039990000690000121000000
071987061039990001130000075400000
071987061040790001060000016600000
071987061049990000050000530000000
071987061049990000090000147100000
071987061053590000050001681500000
071987061053590000130000945000000
071987061053590000310000155400000
071987061053890000220000010600000
071987061053890001150000134100000
071987061059990001090000057800000
071987061063990000690000050100000
071987061063990001130000022400000
071987061063990001150000208000000
071987061069990000090000205200000
071987061069990001080000025200000
071987061069990001140000007300000
071987061070290000130000003000000
071987061010490000190000017000000
071987061011190000130000019800000
071987061011190000340000021500000
071987061011190001120000129800000
071987061011890000090000124100000
071987061011890000210000006300000
071987061012190000130000010300000
071987061012190000310000086100000
071987061012390000090000095700000
071987061012390000190000044000000
071987061012390000340000009500000
071987061012390000380000014600000
071987061014190000100000026600000
071987061014190001080000029900000
071987061019990000200000948400000
071987061019990000820017300200000
071987061019990001080000159700000
071987061019990001130000611500000
071987061022290000020002666800000
071987061022290000040000451900000
071987061022290000130000003000000
071987061025090000200000142400000
071987061029990000200000226800000
071987061029990000980000019000000
071987061033390000230000047600000
071987061039990000820000015900000
071987061039990001090000033300000
071987061040790001160000044000000
071987061049990000100000105400000
071987061049990000210000014200000
071987061049990000670000013600000
071987061049990000820000029300000
071987061049990001090000020100000
071987061053590001150000342600000
071987061053890000180000013100000
071987061053890000210000011300000
071987061059990000040002735600000
071987061059990000190000046300000
071987061059990000670000025500000
071987061059990001080000043700000
071987061063990000230000053700000
071987061063990000310000128600000
071987061063990001140000007300000
071987061069990001050000353100000
071987061069990001060000010500000
071987061070290000200000076600000
071987061071390001150000088700000
071987061071990001120000021000000
071987061074590000220000007900000
071987061079990000030009555500000
071987061079990001140000023500000
071987061080590001080000003400000
071987061080990000020007255400000
071987061010490000210000007000000
071987061010490000670000021300000
071987061010490001050000114300000
071987061011190000100000018200000
071987061011190000200000126300000
071987061011190000320000056700000
071987061011490000190000026500000
071987061011490000200000079000000
071987061011490001090000011300000
071987061011890000030002934200000
071987061011890000040003170100000
071987061011890000980000009700000
071987061012190000200000054400000
071987061012190000820000898000000
071987061012190001130000048000000
071987061012190001150000153400000
071987061012390001150000147800000
071987061012990000180000029200000
071987061012990001130000077000000
071987061014190001150000648000000
071987061019990000050001479500000
071987061022290000340000003000000
071987061022290001150000037000000
071987061024490001140000001900000
071987061025090000980000011900000
071987061025090001140000010500000
071987061029990000220009111100000
071987061029990001090000028200000
071987061039990000100000021200000
071987061039990000190000068100000
071987061039990000670000010500000
071987061049990000020012023200000
071987061053590000040001807000000
071987061053890000320000023600000
071987061053890000820000013800000
071987061059990000340000025800000
071987061063990000380000041500000
071987061063990001050000353100000
071987061069990000020010720700000
071987061069990000380000041500000
071987061069990000690000050100000
071987061069990001120000144400000
071987061070290000020005570400000
071987061070290000030001857900000
071987061070290000100000005100000
071987061070290001080000006800000
071987061070290001140000003400000
071987061070290001150000071700000
071987061071390000340000006900000
071987061071390001060000007100000
071987061071690000180000002800000
071987061071690000230000008200000
071987061074590000210000004900000
071987061010490000040001302700000
071987061010490000050000175100000
071987061010490001140000011000000
071987061011190000310000177800000
071987061011190000380000043400000
071987061011190000980000019300000
071987061011890000180000042900000
071987061012190000180000013100000
071987061012190000210000006800000
071987061012190000320000020500000
071987061012390001130000062500000
071987061014190000020014249200000
071987061019990000380000202600000
071987061019990001110000379300000
071987061019990001160000297200000
071987061024490000020002834700000
071987061024490000130000002700000
071987061025090000210000016100000
071987061025090001110000032800000
071987061029990000670000014100000
071987061029990001050000425500000
071987061033390000090000562900000
071987061033390000190000068100000
071987061033390000340000013300000
071987061039990000010024432300000
071987061039990000020014932100000
071987061039990000090000562900000
071987061039990000310000206900000
071987061039990000320000068000000
071987061040790000020012023200000
071987061040790000980000012400000
071987061040790001090000020100000
071987061049990000200000124300000
071987061049990001130000034700000
071987061053590000370000196700000
071987061053890000020004171500000
071987061053890000090000119600000
071987061053890000100000017700000
071987061059990000310000256400000
071987061059990000980000038900000
071987061059990001060000045800000
071987061059990001140000035800000
071987061063990000030002947700000
071987061069990000320000029000000
071987061070290000190000029500000
071987061070290000320000013400000
071987061070290000370000149400000
071987061070290001120000051900000
071987061071690000050000323000000
071987061071990000100000004200000
071987061074590000090000036100000
071987061074590000230000018200000
071987061074590000980000006500000
071987061011190001090000020000000
071987061011490000220000011100000
071987061011490001110000018200000
071987061011890000100000010200000
071987061011890000200000120800000
071987061011890000340000009800000
071987061011890000820001368400000
071987061012190000190000014900000
071987061012190000670000017900000
071987061012190001060000008500000
071987061012390000210000005600000
071987061012990000210000014600000
071987061012990001080000025400000
071987061012990001140000015200000
071987061014190001060000020500000
071987061024490000100000005400000
071987061024490000210000003900000
071987061024490001120000025400000
071987061025090000180000019100000
071987061025090000690000122000000
071987061029990000040002178900000
071987061029990000210000022800000
071987061029990000310000244600000
071987061029990000320000078500000
071987061033390000180000020200000
071987061040790000460001906600000
071987061040790000690000102900000
071987061049990000040000738900000
071987061053590000030008612300000
071987061053590000380000056100000
071987061053590001050000061000000
071987061053590001090000040200000
071987061053890001110000015400000
071987061059990000180000052200000
071987061059990001130000081500000
071987061063990000180000011100000
071987061063990000220000012100000
071987061069990000130000009200000
071987061070290000670000003500000
071987061070290001130000013200000
071987061071390000010012659600000
071987061071390000050000436600000
071987061071390000200000089200000
071987061071690000980000002000000
071987061071690001120000011600000
071987061071690001130000011100000
071987061071990000050000230800000
071987061071990000180000006400000
071987061071990000210000003700000
071987061071990000980000001800000
071987061071990001060000002700000
071987061071990001110000006500000
071987061074590001150000081500000
071987061010490001110000018500000
071987061010490001120000027700000
071987061011190000180000036400000
071987061011190000190000036000000
071987061011490001120000125500000
071987061012190000100000008100000
071987061012190000220000009300000
071987061012190001080000011200000
071987061012390000010016861200000
071987061012390000670000026300000
071987061012390001120000026900000
071987061012990000050000223100000
071987061012990001150000319600000
071987061014190000040008815100000
071987061014190000210000013600000
071987061014190000220000022300000
071987061014190000820005102100000
071987061014190001050000289500000
071987061019990000090000990400000
071987061019990000100000116000000
071987061022290000100000019700000
071987061024490000010003047300000
071987061024490000030000846700000
071987061024490000090000013500000
071987061024490000690000016300000
071987061024490000820000004500000
071987061024490001050000100700000
071987061025090000030004867500000
071987061025090001150000212600000
071987061029990000190000064600000
071987061040790000200000124300000
071987061040790001140000011600000
071987061049990001060000016600000
071987061049990001140000011600000
071987061053590000690000094800000
071987061053590001060000032700000
071987061053890000190000019100000
071987061053890001140000013000000
071987061059990000380000071500000
071987061063990001060000010500000
071987061070290001060000004500000
071987061071390001120000027000000
071987061071690000820000003600000
071987061071690001060000004700000
071987061071690001110000006600000
071987061074590000380000017700000
071987061074590000690000046400000
071987061079990000040004262800000
071987061079990000090000153100000
071987061079990000220000039200000
071987061080590000090000016400000
071987061080590000190000013700000
071987061080590001140000002500000
071987061010490000020004826900000
071987061010490000100000012100000
071987061011190000820005176200000
071987061011490000100000012900000
071987061011490000230000036100000
071987061011490001060000009600000
071987061011890000010017074800000
071987061012190000340000009000000
071987061012390000130000010200000
071987061012390000370000154300000
071987061012390000980000011900000
071987061012990000190000066400000
071987061012990000230000038900000
071987061012990001160000044200000
071987061014190000190000059300000
071987061014190001140000018200000
071987061019990000020065741000000
071987061019990001090000109900000
071987061019990001140000099000000
071987061022290000050000170600000
071987061022290000230000018600000
071987061022290000320000009600000
071987061024490000670000001500000
071987061024490001090000002700000
071987061024490001130000008700000
071987061029990001060000023500000
071987061029990001080000061600000
071987061039990000130000014400000
071987061040790000040000738900000
071987061040790000090000147100000
071987061040790000320000028300000
071987061040790000340000014400000
071987061040790001760000988500000
071987061049990000010011442000000
071987061049990000340000014400000
071987061049990001160000044000000
071987061053590000220000024100000
071987061053590000670000018300000
071987061053890001120000047000000
071987061059990000050001731900000
071987061059990000200000558900000
071987061063990000580001455300000
071987061063990000980000008400000
071987061069990000100000012700000
071987061070290000090000042800000
071987061070290000220000006400000
071987061070290001050000168200000
071987061071690001080000002900000
071987061071990000190000026900000
071987061071990000340000003000000
071987061071990000370000044600000
071987061071990001140000002300000
071987061074590000370000110200000
071987061010490000200000058500000
071987061011190000030002825800000
071987061011190000050000180900000
071987061011190001110000090400000
071987061011190001130000090100000
071987061011190001160000049800000
071987061012390000200000060000000
071987061012390000230000031700000
071987061012990000040004855700000
071987061012990000340000015200000
071987061012990001110000118600000
071987061014190000180000045300000
071987061014190000200000304000000
071987061014190000340000023300000
071987061014190001090000021900000
071987061014190001110000040600000
071987061019990000010149152500000
071987061019990000040033392400000
071987061019990000370004246600000
071987061022290000200000051900000
071987061022290001160000014400000
071987061024490000050000078100000
071987061024490000200000032500000
071987061024490001150000021900000
071987061025090000130000013000000
071987061025090000310000160500000
071987061025090000320000060100000
071987061029990000010024526400000
071987061029990000690000169800000
071987061033390000040005650900000
071987061033390000320000068000000
071987061033390001090000033300000
071987061039990000030008343300000
071987061039990000050000293100000
071987061039990000980000019300000
071987061039990001150000247500000
071987061040790000010011442000000
071987061040790000370000111500000
071987061040790000380000015600000
071987061049990000030003977900000
071987061049990000220000018600000
071987061049990000510000053300000
071987061053890000230000025600000
071987061053890000310000101000000
071987061053890001080000013900000
071987061059990000130008908300000
071987061063990000200000100800000
071987061069990000030002947700000
071987061069990001090000028400000
071987061070290000050000155000000
071987061070290000690000034500000
071987061070290000820000004500000
071987061071390000180000010400000
071987061010490000010009905200000
071987061010490000220000009000000
071987061011190000040003543400000
071987061011190000210000014500000
071987061011190001050000147000000
071987061011490000210000008800000
071987061011490000320000038800000
071987061011890000310000118800000
071987061011890000380000020800000
071987061011890001120000110500000
071987061011890001150000338100000
071987061012190000380000012600000
071987061012390001050000292100000
071987061012990000020009201200000
071987061012990000380000047500000
071987061012990000820002060200000
071987061014190000030003038000000
071987061014190000230000071600000
071987061014190000310000186300000
071987061014190001160000055200000
071987061019990000310001029600000
071987061019990000320000295800000
071987061019990000340000105300000
071987061022290000180000005600000
071987061022290000210000002800000
071987061022290001110000017400000
071987061024490000190000008500000
071987061025090000100000041200000
071987061025090000230000056600000
071987061029990000030007264400000
071987061029990000090000298500000
071987061029990000180000027000000
071987061029990001120000395500000
071987061033390000310000206900000
071987061033390000370000646700000
071987061039990000230000047600000
071987061039990000370000646700000
071987061040790000130000010100000
071987061040790000820000029300000
071987061053590001140000022800000
071987061059990000370000300300000
071987061059990001050000139400000
071987061059990001120000791500000
071987061063990000040000994600000
071987061063990000320000029000000
071987061063990000340000007800000
071987061063990000820000009400000
071987061063990001120000144400000
071987061069990000190000073300000
071987061069990000200000100800000
071987061069990000230000053700000
071987061069990000580001455300000
071987061069990000670000004000000
071987061010490000180000012900000
071987061010490000230000027400000
071987061010490000320000021900000
071987061010490001150000204000000
071987061011190000670000085400000
071987061011190000690000089800000
071987061011490000370000358600000
071987061011490000670000035500000
071987061011490000820001623200000
071987061011890000320000027500000
071987061011890000670000021600000
071987061011890000690000070700000
071987061012190000980000009900000
071987061012190001090000009200000
071987061012390000020009443500000
071987061012390000040003773900000
071987061012990000220000017300000
071987061014190000130000021700000
071987061014190000370001465400000
071987061019990000220000112400000
071987061019990001060000097000000
071987061022290000030001550200000
071987061022290000820000003100000
071987061024490001060000004100000
071987061024490001160000010200000
071987061025090000010017054600000
071987061025090000020010138100000
071987061025090000040001615800000
071987061025090001160000058700000
071987061029990000230000085500000
071987061029990001140000016100000
071987061033390000020014932100000
071987061033390000030008343300000
071987061033390000210000012600000
071987061033390000380000064100000
071987061033390001050000287600000
071987061033390001150000247500000
071987061039990000200000219000000
071987061039990000210000012600000
071987061040790000210000014200000
071987061049990000180000024500000
071987061049990000460001906600000
071987061049990000690000102900000
071987061049990001110000024800000
071987061053590000020006290900000
071987061053590000820000063700000
071987061053590001160000080800000
071987061053890000040000928600000
071987061059990000690000140000000
071987061063990000190000073300000
071987061063990000210000008600000
071987061069990000210000008600000
071987061069990001160000035800000
071987061010490000340000008700000
071987061010490000370000133500000
071987061011190000020006543300000
071987061011190001060000013500000
071987061011490000050000181000000
071987061011490000180000070000000
071987061011490000310000118500000
071987061011490000690000055200000
071987061011890000020009637500000
071987061011890000050000184500000
071987061012190000010010385400000
071987061012190001050000089000000
071987061012190001120000022700000
071987061012190001140000006000000
071987061012390000050000091700000
071987061012390001140000010000000
071987061012990000010022272100000
071987061012990000310000164400000
071987061012990001090000018000000
071987061012990001120000153400000
071987061014190000980000015300000
071987061019990000030022303400000
071987061019990000190000297800000
071987061019990000230000335300000
071987061019990001050001671500000
071987061019990001120000763600000
071987061024490000380000008800000
071987061029990000050000543800000
071987061033390000980000019300000
071987061033390001060000018600000
071987061033390001080000056200000
071987061039990000040005650900000
071987061039990000220000017600000
071987061039990000340000013300000
071987061039990000380000064100000
071987061040790000050000530000000
071987061040790000100000105400000
071987061040790000220000018600000
071987061040790001050000078100000
071987061040790001110000024800000
071987061049990000980000012400000
071987061049990001150000258700000
071987061053590000200000465900000
071987061053590000210000023600000
071987061053590000320000050900000
071987061053590001080000029800000
071987061053590001110000039300000
071987061053890000200000093000000
071987061059990000020010462400000
071987061059990000210000034900000
071987061059990000220000034700000
071987061063990000010010754100000
071987061063990001160000035800000
071987061010490001160000034300000
071987061011190000010019442800000
071987061011490000010016876700000
071987061011490000020007847400000
071987061011490000030003543800000
071987061011890000130000010100000
071987061011890001060000010700000
071987061012390000320000025600000
071987061012390001090000009900000
071987061012990000030003939200000
071987061012990000200000145400000
071987061014190000010036334300000
071987061014190000090000261000000
071987061014190000670000055300000
071987061014190001130000122400000
071987061019990000210000077200000
071987061022290000010004424500000
071987061022290001120000093000000
071987061029990000130000018700000
071987061029990000370000853300000
071987061033390000100000021200000
071987061033390000690000121000000
071987061033390001110000258800000
071987061039990001140000012400000
071987061040790000190000028800000
071987061040790001150000258700000
071987061049990000320000028300000
071987061049990000370000111500000
071987061049990000380000015600000
071987061049990001050000078100000
071987061053590001130000056800000
071987061053890000670000007200000
071987061053890000690000045200000
071987061053890001050000078400000
071987061053890001060000013100000
071987061053890001130000024700000
071987061059990001110000054700000
071987061069990000050000472000000
071987061069990001110000044500000
071987061070290000040001024900000
071987061070290000340000007700000
071987061071390000030002646400000
071987061071390000040001102000000
071987061071390000320000018700000
071987061071390000820000009000000
071987061071390001090000006400000
071987061071390001130000035400000
071987061071690000090000013100000
071987061071990000820000004300000
071987061074590000030003046400000
071987061074590000820000007000000
071987061079990000020031501700000
071987061080590000310000016800000
071987061010490000130000013100000
071987061011190001150001250300000
071987061011490000380000021900000
071987061011890000190000033700000
071987061012190000020003992000000
071987061012190000040001414900000
071987061012190001110000013100000
071987061012390000820000612300000
071987061012390001060000008100000
071987061012390001080000014000000
071987061012990000690000096800000
071987061012990001050000174500000
071987061012990001060000015600000
071987061014190000320000065100000
071987061014190000690000121700000
071987061019990000670000353300000
071987061022290001060000004000000
071987061022290001080000011900000
071987061022290001130000014400000
071987061024490000340000003300000
071987061025090000670000010000000
071987061025090001050000287700000
071987061025090001120000277100000
071987061029990000820000023900000
071987061033390000220000017600000
071987061033390001130000075400000
071987061033390001140000012400000
071987061039990001110000258800000
071987061040790000670000013600000
071987061040790001130000034700000
071987061049990001760000988500000
071987061053590000230000051200000
071987061053590001120000744500000
071987061053890000050000050400000
071987061059990000100000051600000
071987061059990001150000476700000
071987061063990001080000025200000
071987061069990000010010754100000
071987061069990000040000994600000
071987061069990000310000128600000
071987061069990000370000309000000
071987061069990000820000009400000
071987061070290000010008449200000
071987061070290000210000005000000
071987061071390000090000033600000
071987061071390000190000060000000
071987061071390000230000027200000
071987061071390000380000023600000
071987061071390001140000007300000
071987061071690000040000296800000
071987061071990000380000009600000
071987061074590000040001497300000
071987061074590000320000012600000
071987061010490000380000009200000
071987061010490000690000037300000
071987061011190000370000334600000
071987061011490000040006516600000
071987061011490000980000010100000
071987061011490001130000115700000
071987061011490001150000217700000
071987061011890000230000059900000
071987061011890001130000051100000
071987061012190000230000022800000
071987061012190000690000033200000
071987061012390000180000011000000
071987061012390000220000009800000
071987061012990000320000039700000
071987061012990000980000018100000
071987061019990000180000260800000
071987061022290000310000044200000
071987061022290000380000015400000
071987061022290000670000002600000
071987061022290000690000031500000
071987061022290000980000004500000
071987061022290001140000003700000
071987061024490000040000111200000
071987061024490001080000006100000
071987061024490001110000005400000
071987061025090000090000229000000
071987061025090000370000689400000
071987061025090000380000078700000
071987061025090001130000048600000
071987061029990001110000055600000
071987061029990001130000071700000
071987061029990001150000271500000
071987061033390000010024432300000
071987061033390000820000015900000
071987061039990001060000018600000
071987061039990001160000088400000
071987061040790000030003977900000
071987061040790000180000024500000
071987061040790000230000038400000
071987061040790000510000053300000
071987061049990000130000010100000
071987061049990000190000028800000
071987061053890000030003947500000
071987061053890000340000008500000
071987061053890000980000014600000
071987061053890001090000017600000
071987061053890001160000054700000
071987061059990000090000426500000
071987061059990000230000076800000
071987061059990000820000077500000
071987061059990001160000135500000
071987061063990000090000205200000
071987061063990000130000009200000
071987061010490000030002427600000
071987061010490000310000090300000
071987061010490000820000459800000
071987061010490001130000044700000
071987061011190000220000021700000
071987061011190000230000046900000
071987061011490001080000017700000
071987061011890001110000057600000
071987061011890001140000010700000
071987061012190000050000120000000
071987061012390000030002353600000
071987061012390000100000009800000
071987061012390001110000022300000
071987061012390001160000027300000
071987061012990000100000018100000
071987061012990000130000014500000
071987061012990000370000439200000
071987061012990000670000090000000
071987061014190000380000032600000
071987061019990000690000542200000
071987061019990000980000103300000
071987061024490000220000979000000
071987061024490000230000010300000
071987061025090000220006543100000
071987061025090000820000016300000
071987061029990001160000083300000
071987061033390000200000219000000
071987061039990001050000287600000
071987061039990001080000056200000
071987061039990001120000163300000
071987061040790000310000086900000
071987061049990000230000038400000
071987061053590000180000039100000
071987061053590000980000024300000
071987061053890000010009681300000
071987061053890000130007963300000
071987061059990000010020040500000
071987061059990000320000074500000
071987061069990000180000011100000
071987061069990000220000012100000
071987061071390000020007613900000
071987061071390001110000014000000
071987061071390001160000021700000
071987061071690000030001131900000
071987061071690001150000035200000
071987061071990000040000341800000
071987061071990000310000024000000
071987061071990001050000082500000
071987061071990001090000001800000
071987061071990001160000007600000
071987061074590000010012220700000
071987061074590000050000198200000
071987061074590000190000041800000
071987061080990001120000104100000
071987061080990001140000010700000
071987061082490000310000088100000
071987061082490000380000022400000
071987061082490001090000011800000
071987061082490001140000007200000
071987061083490000200000039700000
071987061083490000370000091300000
071987061083490000670000001700000
071987061083490001090000004600000
071987061083790000050000194800000
071987061084090000180000004300000
071987061084090000320000009700000
071987061084090001080000004900000
071987061084290000230000007200000
071987061084290001080000005000000
071987061084790000180000068900000
071987061084990000190000009100000
071987061084990000370000063000000
071987061084990000690000020600000
071987061089990000090000476300000
071987061090890000020025371300000
071987061090890000050000554900000
071987061090890000190000213600000
071987061090890000210000209500000
071987061090890000340000108600000
071987061091790000210000018700000
071987061091790000340000015100000
071987061092590000090000151300000
071987061092590000220000036500000
071987061094390000090000309200000
071987061094390000690000158500000
071987061094390000980000014600000
071987061099990000180000485700000
071987061099990000380000506900000
071987061100690000090000053500000
071987061100690000190000076000000
071987061100690000210000004700000
071987061100690000230000023600000
071987061101090000320000020800000
071987061101090001130000028300000
071987061111590000090000292100000
071987061111590000180000037600000
071987061112790000030001742300000
071987061112790001130000022100000
071987061113290000090000074800000
071987061113290000340000010700000
071987061113290001060000012100000
071987061113290001150000116400000
071987061113690000090000289000000
071987061113690001820001353200000
071987061119990000050002266600000
071987061119990000130000106400000
071987061119990000180000097700000
071987061070290000180000005100000
071987061071390000130000007300000
071987061071390000220000009400000
071987061071390000670000005700000
071987061071690000220000006100000
071987061071690000310000024400000
071987061071690001140000003200000
071987061071990000020003505800000
071987061071990000090000027500000
071987061074590000100000008200000
071987061074590001110000017900000
071987061079990000130000019300000
071987061080590000980000001900000
071987061080590001160000017800000
071987061082490000040000783700000
071987061082490000370000212300000
071987061082490001110000043800000
071987061083490000180000006100000
071987061083790001110000073700000
071987061084090000820000002400000
071987061084290000020002337000000
071987061084290001140000001200000
071987061084790000310000070800000
071987061084790000690000059200000
071987061084790001050000340900000
071987061084990000030001942200000
071987061084990000040000189600000
071987061084990001080000006400000
071987061084990001160000012500000
071987061089990000200000849700000
071987061089990000980000052800000
071987061090890000030013565400000
071987061090890000670000163300000
071987061091790000090000282500000
071987061092590000050000058200000
071987061092590000190000014100000
071987061092590000310000101300000
071987061092590000670000008400000
071987061092590001160000029900000
071987061094390000670000018900000
071987061094390001050000100600000
071987061099990000090003969200000
071987061099990000130000149500000
071987061099990000220000625900000
071987061099990001060000244600000
071987061099990001780016270900000
071987061100690000180000370900000
071987061100690000310000114200000
071987061100690000340000009200000
071987061101090000380000020900000
071987061109990000200000172400000
071987061109990000220000012200000
071987061109990000310000182400000
071987061109990001120000082600000
071987061080990000210000104500000
071987061080990000220000017900000
071987061080990001080000034300000
071987061082490000230000032700000
071987061083490000310000024100000
071987061083490000690000022500000
071987061083490001150000038800000
071987061083790000030003783700000
071987061083790000190000022900000
071987061083790000690000052200000
071987061084090000130000004000000
071987061084090000200000053900000
071987061084790000050000260100000
071987061084790000090000117300000
071987061084790001150000141000000
071987061084790001160000051900000
071987061084990000980000003500000
071987061084990001060000003600000
071987061089990000220000077100000
071987061089990000310000418400000
071987061089990000820000045300000
071987061089990001160000235900000
071987061090890000980000173300000
071987061090890001110000362600000
071987061091790000980000019100000
071987061091790001050000127100000
071987061092590000370000069100000
071987061094390000310000157300000
071987061094390001090000032600000
071987061094390001770000171700000
071987061099990000050000776900000
071987061099990000340000152100000
071987061100690000030004080300000
071987061100690001060000007100000
071987061100690001150000095500000
071987061101090000230000020700000
071987061101090000340000005000000
071987061109990000040002799400000
071987061109990001110000125700000
071987061109990001160000050400000
071987061111590000820000028900000
071987061111590001810000423900000
071987061112790000090000068300000
071987061112790000190000011500000
071987061112790000210000008900000
071987061112790000340000008000000
071987061112790000690000060000000
071987061113290000180000011200000
071987061113290001160000034100000
071987061113690000210000021500000
071987061119990000670000063100000
071987061129990001090000191300000
071987061133190000020007275500000
071987061133190000340000007500000
071987061074590001090000004600000
071987061074590001140000007300000
071987061079990001090000018000000
071987061080590000370000035300000
071987061080990000180000033600000
071987061082490000030003475400000
071987061082490000130000008600000
071987061082490001080000031200000
071987061083790000100000009700000
071987061083790001130000017800000
071987061084290000190000007800000
071987061084290000310000017600000
071987061084290000820000002200000
071987061084790000230000024000000
071987061084790001080000013200000
071987061084990000230000010000000
071987061084990000320000011100000
071987061084990001140000004400000
071987061090890000220000499700000
071987061090890000370002120100000
071987061090890000380000413700000
071987061090890001060000199400000
071987061090890001160000371200000
071987061090890001780014202200000
071987061091790000370000099900000
071987061091790000820000043400000
071987061094390000100008263700000
071987061094390000210000020400000
071987061094390001110000036900000
071987061099990000230000737100000
071987061100690000670000004300000
071987061100690001110000086900000
071987061101090000130000006100000
071987061101090000180001674900000
071987061101090000690000035600000
071987061109990000010029691400000
071987061109990000090000116300000
071987061109990001060000013300000
071987061111590001060000048700000
071987061112790000100000012800000
071987061112790001110000029600000
071987061112790001150000229100000
071987061113290000100000013800000
071987061119990001090000532200000
071987061122890000370005351500000
071987061122890000670000055000000
071987061122890001080000222700000
071987061129990000180000379100000
071987061129990000340000064300000
071987061133190000130000009700000
071987061133190001060000015500000
071987061139990000030002754000000
071987061139990000090004052300000
071987061139990001150000097200000
071987061079990000100000029000000
071987061079990001060000026900000
071987061080590000340000003000000
071987061080590001060000003000000
071987061080990000010006637000000
071987061080990000040000521400000
071987061080990001110000025800000
071987061082490000320000030500000
071987061082490000980000014100000
071987061082490001130000033100000
071987061082490001150000118400000
071987061083490000020004688200000
071987061083490000210000039400000
071987061083790000200000136000000
071987061083790001150000104800000
071987061084090000090000030800000
071987061084090000100000003100000
071987061084090000190000008900000
071987061084090000220000004300000
071987061084290000030000666600000
071987061084790000370000678700000
071987061084990000020005521300000
071987061084990000100000004800000
071987061084990000130000004700000
071987061084990000180000003700000
071987061084990001090000003900000
071987061089990000370001446800000
071987061090890000180000418900000
071987061090890001050000767400000
071987061090890001150001043000000
071987061091790000310000179100000
071987061091790000380000035900000
071987061092590000030001041900000
071987061092590000210000008300000
071987061092590000980000008200000
071987061094390000340000018000000
071987061094390001060000013000000
071987061099990000670000208100000
071987061099990001110000461200000
071987061099990001160000495800000
071987061100690001140000009900000
071987061101090000010011112500000
071987061101090000820000006200000
071987061109990000050000381500000
071987061111590000220000034800000
071987061111590000310000359600000
071987061112790000040000146200000
071987061112790000220000008700000
071987061112790000310000117900000
071987061112790000820000009300000
071987061112790001140000012300000
071987061113290000040000146300000
071987061113290000370000068400000
071987061113690000220000023800000
071987061079990000180000037500000
071987061079990001130000093500000
071987061079990001150000303600000
071987061080590000050000077900000
071987061080590000200000035600000
071987061080590001150000035200000
071987061080990000030003017100000
071987061082490000090000065200000
071987061082490000340000009700000
071987061082490000690000081500000
071987061083490000050000053600000
071987061083490001080000007700000
071987061083790000090000053200000
071987061083790000320000023000000
071987061084090000670000003400000
071987061084090001050000038200000
071987061084090001060000005000000
071987061084290000040000087900000
071987061084290000980000002600000
071987061084290001130000006100000
071987061084790001120000094100000
071987061089990000230000151600000
071987061089990000670000038600000
071987061090890000200001837400000
071987061090890000320000376700000
071987061091790001090000026500000
071987061092590000690000167700000
071987061092590001110000027500000
071987061094390000180000027100000
071987061094390000230000056700000
071987061094390000510001041500000
071987061094390001140000013600000
071987061099990000510011210700000
071987061099990001140000120700000
071987061101090000200000070300000
071987061101090000370000204200000
071987061109990000190000098900000
071987061109990000380000038900000
071987061109990001080000021500000
071987061109990001140000015100000
071987061111590000230000145900000
071987061112790000010004197000000
071987061113290001050000021700000
071987061113690000130000030200000
071987061113690000190000053600000
071987061113690001160000072400000
071987061119990000310000885400000
071987061122890000020073520000000
071987061122890000130000092500000
071987061122890000210000118500000
071987061122890000310000652600000
071987061122890000340000064300000
071987061122890001060000096300000
071987061129990000010097914300000
071987061080990000200000124700000
071987061080990000670000009500000
071987061082490000210000085500000
071987061083490000030001415200000
071987061083490000090000024800000
071987061083490000190000017400000
071987061083490000340000003500000
071987061083490001060000003600000
071987061083790000020007521100000
071987061084290000180000003300000
071987061084290001150000026500000
071987061084290001160000008900000
071987061084790001060000015200000
071987061084990000090000022900000
071987061089990000100000064600000
071987061092590000380000028200000
071987061092590001090000017700000
071987061092590001140000004800000
071987061094390000050000084700000
071987061094390000190000027500000
071987061094390000380000029100000
071987061099990000020033925600000
071987061099990001090000340200000
071987061101090000050000124100000
071987061101090000210000006600000
071987061101090000980000008000000
071987061101090001140000005200000
071987061109990000690000105500000
071987061111590000100000044800000
071987061112790000180000009300000
071987061112790000370000101800000
071987061113290000200000037200000
071987061113690000040000468100000
071987061113690000050000190500000
071987061113690001050000059800000
071987061119990000340000080700000
071987061119990001820003606200000
071987061122890000050001322200000
071987061122890001130000284700000
071987061122890001140000056100000
071987061129990000130000092500000
071987061129990000670000055000000
071987061129990001110000436800000
071987061133190000320000026800000
071987061139990000220000034000000
071987061140190000210000014100000
071987061140190000230000017000000
071987061140190000340000004700000
071987061140190000380000010400000
071987061140190000690000033600000
071987061142090000380000017000000
071987061144890000190000032300000
071987061144890000380000046000000
071987061144890000690000094600000
071987061074590001050000550400000
071987061079990000320000057000000
071987061079990000370000514500000
071987061079990000670000016500000
071987061079990000820000028400000
071987061080590000030003915900000
071987061080590000100000003000000
071987061080590000180000002900000
071987061080590000690000017700000
071987061080590001110000016700000
071987061080590001120000014700000
071987061080990000320000028700000
071987061083490000040000335200000
071987061083490000130000002600000
071987061083490001140000002200000
071987061083790000980000006900000
071987061084090000210000016600000
071987061084090001150000033900000
071987061084790000320000029500000
071987061090890001130000586900000
071987061090890001140000088800000
071987061091790000230000076300000
071987061091790001160000051900000
071987061092590000130000012500000
071987061092590000260005099800000
071987061094390000200000177100000
071987061094390000220000058300000
071987061094390000370000153800000
071987061094390001150000206600000
071987061099990000200002334100000
071987061099990001130000694800000
071987061100690000020008867000000
071987061100690000380000018000000
071987061100690001120000052000000
071987061100690001160000027400000
071987061101090000020006689500000
071987061101090001080000009300000
071987061101090001160000023000000
071987061109990000320000046300000
071987061111590000190000064800000
071987061111590000210000032000000
071987061111590000380000080300000
071987061111590000980002126300000
071987061111590001820001579200000
071987061112790000980000752200000
071987061113690000690000088300000
071987061113690001110000062200000
071987061119990001060000103500000
071987061119990001110000299100000
071987061119990001130000172300000
071987061122890001150001529600000
071987061122890001160000226400000
071987061129990000190000403400000
071987061129990000370005351500000
071987061071390001050000286600000
071987061071690001050000317300000
071987061074590000340000008700000
071987061079990000050001343600000
071987061079990000310000278400000
071987061079990001120000150800000
071987061080590001130000005500000
071987061080990000190000037100000
071987061080990000340000009000000
071987061080990000380000025300000
071987061080990000980000011800000
071987061080990001060000017400000
071987061082490000010011286400000
071987061082490000670000007400000
071987061082490001050000142100000
071987061083490000220000005700000
071987061083490000980000002900000
071987061083490001050000084200000
071987061083490001130000012300000
071987061083790000130000007100000
071987061083790000210000045700000
071987061083790001160000029700000
071987061084090001110000010500000
071987061084290000220000006600000
071987061084790000100000011700000
071987061084790000130000007400000
071987061084790001110000044100000
071987061084990000340000003800000
071987061084990000380000010100000
071987061084990001130000010000000
071987061089990000010050570600000
071987061089990000040003627800000
071987061089990000210000445700000
071987061089990001090000071800000
071987061089990001110000255300000
071987061090890000130000104000000
071987061090890000310001486400000
071987061091790000030000949600000
071987061091790000050000079100000
071987061091790000190000025000000
071987061091790000220000031400000
071987061094390000020003807200000
071987061094390000030001536200000
071987061094390000130000014900000
071987061094390000320000034800000
071987061099990000210000256900000
071987061099990001770002491400000
071987061100690000050000257400000
071987061100690000200000102100000
071987061101090000030002375900000
071987061101090000090000062800000
071987061109990000180002045800000
071987061111590000020017579500000
071987061111590000030005417600000
071987061070290001160000010800000
071987061071690000010005338600000
071987061071690000130000001900000
071987061071690000200000037600000
071987061071690000320000007200000
071987061071690001160000006800000
071987061071990000200000045500000
071987061071990000220000009400000
071987061071990000670000001600000
071987061071990000690000022100000
071987061071990001130000009200000
071987061071990001150000026500000
071987061074590001120000039300000
071987061079990000210000026800000
071987061079990000380000080300000
071987061080590000670000001300000
071987061080590001050000053800000
071987061082490001120000070600000
071987061082490001160000037000000
071987061083490001160000013400000
071987061083790000180000018800000
071987061083790000220000010400000
071987061083790000340000005900000
071987061083790000670000005400000
071987061083790000820000005900000
071987061084090001090000003800000
071987061084090001120000057800000
071987061084290000130000002700000
071987061084290000370000025600000
071987061084290001050000012900000
071987061084790000040000849900000
071987061084990000200000039700000
071987061084990001150000037000000
071987061089990000020052206900000
071987061089990000320000157800000
071987061089990000690000354600000
071987061089990001060000073500000
071987061089990001140000048300000
071987061092590000320000022400000
071987061092590000340000010400000
071987061092590000820000014200000
071987061092590001050000084200000
071987061099990000100084332200000
071987061100690000220000006900000
071987061100690000690000069900000
071987061101090000100000004800000
071987061109990000820000021200000
071987061109990001130000115900000
071987061111590000040000809000000
071987061111590000370000668800000
071987061111590001160000146600000
071987061112790001050000077300000
071987061112790001820000362700000
071987061113290000230000038300000
071987061070290000380000015600000
071987061071690000370000129300000
071987061071690000380000013800000
071987061071990000130000002300000
071987061074590000180000012800000
071987061074590000200000077400000
071987061074590000310000060600000
071987061074590000670000005700000
071987061079990000980000019400000
071987061080590000130000002700000
071987061080590000320000008300000
071987061080990000100000015500000
071987061080990000370000149000000
071987061080990000690000065900000
071987061080990001130000028000000
071987061082490000100000010500000
071987061082490000180000011100000
071987061083790000230000019700000
071987061083790001140000008900000
071987061084090000030002019200000
071987061084090000370000055400000
071987061084090001160000013100000
071987061084290000200000023200000
071987061084290000380000005100000
071987061084290000690000012500000
071987061084290001060000005300000
071987061084790000010010028700000
071987061084790000020008632900000
071987061084790000200000111600000
071987061084790000340000007500000
071987061084790001090000016100000
071987061084990000670000002400000
071987061084990001050000092600000
071987061089990000050002339200000
071987061089990000190000200900000
071987061089990001080000118100000
071987061089990001130000171500000
071987061089990001150000649800000
071987061090890000260090443500000
071987061091790001060000022000000
071987061091790001140000013500000
071987061092590000200000140500000
071987061092590001150000083800000
071987061099990001150001465700000
071987061100690000040002200200000
071987061100690000370000163200000
071987061101090000220000005300000
071987061101090001150000053800000
071987061109990000100000015900000
071987061111590001110000156800000
071987061112790001160000039900000
071987061113290001110000050500000
071987061113690000030003967100000
071987061113690000200000118000000
071987061069990001130000022400000
071987061070290000310000051500000
071987061071390000100000007300000
071987061071390000980000006700000
071987061071690000670000000000000
071987061071990000030000872900000
071987061074590001060000007900000
071987061074590001080000008400000
071987061079990001050001405000000
071987061079990001080000030400000
071987061080590000040000202400000
071987061080590000220000002700000
071987061080590000230000005000000
071987061080990000090000134100000
071987061080990001160000051600000
071987061083490001110000011900000
071987061083790000310000052800000
071987061083790001060000007100000
071987061083790001080000012000000
071987061084090000040000214200000
071987061084090000380000007300000
071987061084090000690000022500000
071987061084290000050000197500000
071987061084290000320000007500000
071987061084290001090000002500000
071987061084290001110000010000000
071987061084990000310000030900000
071987061084990001120000015200000
071987061089990000030024987000000
071987061089990000340000049900000
071987061089990000380000162200000
071987061089990001050000954500000
071987061090890000090003226200000
071987061090890000230000562300000
071987061091790001770000165100000
071987061094390001780000985000000
071987061099990000030017093100000
071987061099990000260111634800000
071987061099990000690002335600000
071987061100690000010018578900000
071987061100690000320000025500000
071987061100690001050000130700000
071987061100690001090000005700000
071987061101090000670000003600000
071987061101090001110000038800000
071987061101090001120000030600000
071987061109990000340000014200000
071987061109990000670000007900000
071987061109990001150000149300000
071987061111590000010015390400000
071987061111590000670000029600000
071987061111590001050000122400000
071987061112790000020010080000000
071987061112790000130000020000000
071987061080590000380000004800000
071987061080990001050000117100000
071987061080990001090000017800000
071987061082490000200000285300000
071987061082490000220000011200000
071987061083490000320000009500000
071987061083490000380000007300000
071987061083790000010007341000000
071987061083790000040000443500000
071987061083790000370000136200000
071987061083790001050000072700000
071987061083790001090000008500000
071987061084290000010001781700000
071987061084290001120000014900000
071987061084790001130000048700000
071987061084990000210000034600000
071987061090890000100058800300000
071987061090890000690001740100000
071987061090890001770002028200000
071987061091790000020002113400000
071987061091790000130000018100000
071987061091790000260007334200000
071987061091790001130000036800000
071987061094390001130000046400000
071987061099990000190000280200000
071987061099990000370002442900000
071987061099990000820000557800000
071987061100690000820000015000000
071987061100690000980000007800000
071987061109990000020015556500000
071987061112790000320000021200000
071987061112790001090000076500000
071987061113290000210000008100000
071987061113290000380000019600000
071987061113290001820000311100000
071987061113690000020015809500000
071987061113690000310000283500000
071987061113690000320000057900000
071987061113690000370000470100000
071987061119990000090000724200000
071987061119990001810001227700000
071987061129990000100000141800000
071987061129990000820000168800000
071987061129990001060000096300000
071987061129990001160000226400000
071987061139990001160000064300000
071987061140190001060000005100000
071987061140190001140000003900000
071987061142090000130000006000000
071987061149990000190000052500000
071987061149990000230000099300000
071987061149990000980000058600000
071987061153090000020016396300000
071987061153090000380000053200000
071987061079990001110000053100000
071987061080990000050000223200000
071987061080990000820000009400000
071987061082490000020010260100000
071987061082490000820000009100000
071987061083490000010003839500000
071987061083490000820000004500000
071987061083790000380000032000000
071987061084090000010002577600000
071987061084090000050000717100000
071987061084090000310000029100000
071987061084090001130000010000000
071987061084090001140000003800000
071987061084290000090000011600000
071987061084290000100000002700000
071987061084290000340000004100000
071987061084790000220000012400000
071987061084790000380000047900000
071987061084790000980000006500000
071987061084990000010004367500000
071987061084990000050000209700000
071987061084990000820000001900000
071987061089990000180000152700000
071987061090890000510008095600000
071987061090890000820000455100000
071987061091790000670000017500000
071987061092590000020002633700000
071987061092590001060000010200000
071987061092590001130000024700000
071987061092590001770000126400000
071987061092590001780000396900000
071987061094390000820000045100000
071987061094390001160000042800000
071987061099990000310001924100000
071987061100690001130000087600000
071987061101090000310000068200000
071987061101090001050000079200000
071987061101090001060000006200000
071987061109990000210000011300000
071987061109990000230000044300000
071987061111590000690000117900000
071987061111590001130000082100000
071987061112790000050000367400000
071987061113290000820000008000000
071987061113290000980000459700000
071987061113290001130000018500000
071987061113690000980001214300000
071987061119990000200000384100000
071987061119990000370001309100000
071987061122890000180000379100000
071987061122890000200001855100000
071987061122890000380000404400000
071987061129990000050001322200000
071987061129990000690000915000000
071987061063990000370000309000000
071987061063990000670000004000000
071987061063990001110000044500000
071987061069990000340000007800000
071987061070290000980000002400000
071987061070290001090000002400000
071987061070290001110000008100000
071987061071390000210000008400000
071987061071390000310000117900000
071987061071390000690000045000000
071987061071390001080000008300000
071987061071690000100000004200000
071987061071690000340000002200000
071987061071690001090000002800000
071987061071990000230000007600000
071987061071990000320000005100000
071987061071990001080000004000000
071987061074590001160000016300000
071987061079990000010041818200000
071987061079990000200000326300000
071987061079990000230000070800000
071987061079990000690000169300000
071987061080990001150000114200000
071987061082490000050000405300000
071987061082490000190000034800000
071987061082490001060000013300000
071987061083490000100000003600000
071987061083490000230000011100000
071987061083490001120000022600000
071987061083790001120000045200000
071987061084090000230000007000000
071987061084090000340000003400000
071987061084290000210000022300000
071987061084290000670000001700000
071987061084790000030004751700000
071987061084790000190000049200000
071987061084790000210000082700000
071987061084790000670000005800000
071987061084990001110000018800000
071987061091790000100010235100000
071987061091790000180000026600000
071987061091790000510001234100000
071987061091790001110000034200000
071987061091790001150000132300000
071987061092590000100007033100000
071987061092590000230000041800000
071987061092590000510000839500000
071987061099990000320000464200000
071987061099990000980000215200000
071987061099990001050001079300000
071987061100690000100000011100000
071987061100690001080000012200000
071987061101090000040000599200000
071987061101090000190000022900000
071987061079990000190000181400000
071987061079990001160000063200000
071987061080590000010002711200000
071987061080590000210000014400000
071987061080590000820000001600000
071987061080990000130000011200000
071987061084090000020002503200000
071987061084090000980000002600000
071987061084790000820000008300000
071987061084790001140000007400000
071987061084990000220000005900000
071987061089990000130000051000000
071987061089990001120000439200000
071987061090890001090000263400000
071987061091790000200000179100000
071987061091790000320000030300000
071987061091790000690000269300000
071987061091790001780000686800000
071987061092590000180000013100000
071987061094390000260008757300000
071987061100690000130000007500000
071987061101090001090000007200000
071987061109990000370000367400000
071987061109990000980000015800000
071987061109990001050000209900000
071987061109990001090000012900000
071987061111590000050001332700000
071987061111590001150000534900000
071987061112790000200000056600000
071987061113290000050000376000000
071987061113290000190000015300000
071987061113290000310000124400000
071987061119990000020051374400000
071987061119990000100000099200000
071987061119990000210000070500000
071987061119990000980004552500000
071987061122890000010097914300000
071987061122890000690000915000000
071987061129990000020073520000000
071987061129990000200001855100000
071987061129990000320000186900000
071987061139990000010008311100000
071987061139990000370000113100000
071987061139990001060000015500000
071987061140190000010002920700000
071987061140190000370000070700000
071987061140190000670000004300000
071987061142090000220000019500000
071987061142090000320000023300000
071987061142090000690000053000000
071987061142090000980000011500000
071987061142090001110000037800000
071987061142090001800003979900000
071987061144890000090010542200000
071987061119990000190000145200000
071987061119990001050000281200000
071987061122890000230000156100000
071987061129990000230000156100000
071987061129990000310000652600000
071987061129990001120002055800000
071987061133190001140000005600000
071987061139990000200000136400000
071987061140190000200000057100000
071987061142090000050000038900000
071987061142090000180000036800000
071987061142090000210000018300000
071987061142090001060000005700000
071987061144890000040000755800000
071987061144890000310000183300000
071987061144890001050000159200000
071987061144890001130000046400000
071987061149990000130000023200000
071987061149990001800010431500000
071987061159990000050000323200000
071987061159990000690000093900000
071987061162690000980000004000000
071987061169990000090000106400000
071987061169990000200000065400000
071987061169990000230000032300000
071987061169990000380000008700000
071987061169990000980000004000000
071987061171290000030002539100000
071987061171290000340000887200000
071987061171290001050000261100000
071987061171290001060000013400000
071987061174690000020024095000000
071987061174690000180000140900000
071987061179990000200001958400000
071987061179990000210000060300000
071987061179990000380000199000000
071987061179990000670000123200000
071987061185190000020000677100000
071987061185190000310000006500000
071987061185190000340000002300000
071987061189990000130000003200000
071987061195290000010000858100000
071987061195290000100000001100000
071987061999990000320002148200000
071987061999990001050012279900000
071987061111590000130000044600000
071987061113290000670000008900000
071987061113290001090000038900000
071987061113290001810000206700000
071987061113690000010011724300000
071987061113690000340000021500000
071987061113690000380000061300000
071987061119990000690000291200000
071987061119990001140000083200000
071987061119990001160000293000000
071987061122890000190000403400000
071987061122890001090000191300000
071987061133190000380000020700000
071987061139990000100000018100000
071987061139990000670000008500000
071987061139990000690000086000000
071987061139990001130000029100000
071987061139990001140000005600000
071987061139990001800000945300000
071987061140190000050000068300000
071987061140190001160000016200000
071987061144890000210000037500000
071987061149990000180000114600000
071987061149990000820000051800000
071987061149990001140000016000000
071987061153090000100000020500000
071987061153090000180000016800000
071987061153090001080000026500000
071987061159990000210000011800000
071987061169990000210000007800000
071987061169990001110000015500000
071987061170390000090000270700000
071987061170390000190000137500000
071987061170390000200000736900000
071987061170390001050000478100000
071987061171290000320000030700000
071987061171290000370000491400000
071987061171290001160000023900000
071987061174690000190000141100000
071987061174690000310000413500000
071987061174690000380000107300000
071987061179990001050001686100000
071987061185190000980000001100000
071987061189990000210000000600000
071987061189990000320000002200000
071987061189990001110000002000000
071987061195290000040000018300000
071987061195290000180000000700000
071987061195290000190000001200000
071987061195290000220000001600000
071987061195290000230000000800000
071987061195290000380000001000000
071987061195290001060000000700000
071987061195290001130000001000000
071987061133190001130000029100000
071987061139990000820000012700000
071987061140190000020001575500000
071987061140190000180000029800000
071987061142090001140000003400000
071987061142090001790008105100000
071987061144890001160000047200000
071987061149990000030004170000000
071987061149990001130000085900000
071987061153090000820000015100000
071987061159990000020016396300000
071987061159990001050000322700000
071987061162690000180000006100000
071987061162690001130000011800000
071987061169990001060000006400000
071987061170390001110000079600000
071987061171290000820000013300000
071987061171290001090000014100000
071987061171290001110000021900000
071987061171290001130000040000000
071987061171290001150000195500000
071987061174690000030010530500000
071987061174690000130000082100000
071987061174690000200001016800000
071987061174690000980000030200000
071987061179990000050001839000000
071987061179990001110000223600000
071987061189990000220000002300000
071987061195290001090000000800000
071987061195290001150000006500000
071987061199990001050000009700000
071987061140190000220000007800000
071987061140190001130000017000000
071987061142090000310000105300000
071987061144890000030002362200000
071987061144890000370000545600000
071987061144890001150000071400000
071987061153090000340000030800000
071987061153090001160000057700000
071987061159990001110000026400000
071987061162690000200000065400000
071987061162690000340000004600000
071987061162690000370000140600000
071987061169990000040000245700000
071987061169990001120000074400000
071987061170390000980000035500000
071987061171290000130000009500000
071987061171290001120000309400000
071987061174690000040006219200000
071987061174690000050000551400000
071987061185190001060000001500000
071987061185190001140000001400000
071987061189990000180000002100000
071987061195290000030000156900000
071987061195290001050000009700000
071987061199990000220000001600000
071987061199990000340000000500000
071987061199990000370000004800000
071987061999990000100085360300003
071987061999990000180003936900000
071987061999990000200010762500000
071987061999990000380002233300000
071987061113690001060000026800000
071987061119990000230000305500000
071987061119990000380000183800000
071987061129990000220000171600000
071987061133190000030002754000000
071987061133190000220000034000000
071987061133190001110000033000000
071987061139990001110000033000000
071987061140190000130000005100000
071987061140190000310000045400000
071987061140190001790002101700000
071987061142090000090008546300000
071987061142090000100000006300000
071987061142090000230000025200000
071987061144890001090014525100000
071987061149990000210000069900000
071987061149990001090020813500000
071987061153090000090000130900000
071987061153090000130000017000000
071987061153090001060000019600000
071987061153090001110000026400000
071987061159990001080000026500000
071987061162690001090000011500000
071987061162690001120000074400000
071987061169990000180000006100000
071987061169990000340000004600000
071987061169990000820000004200000
071987061169990001080000018900000
071987061170390000230000071500000
071987061171290000020007571500000
071987061171290000040000664600000
071987061171290000190000020600000
071987061171290000210000006700000
071987061179990001090000113500000
071987061185190000100000002400000
071987061185190000200000021200000
071987061185190000820000006600000
071987061189990000040000018000000
071987061189990001140000001400000
071987061195290000310000006300000
071987061195290000370000004800000
071987061195290000670000002900000
071987061195290001110000001100000
071987061199990000010000858100000
071987061199990000820000003600000
071987061999990000020474728300017
071987061999990000030197609300007
071987061129990000980000094700000
071987061133190001800000945300000
071987061140190001090001798200000
071987061144890000180000048000000
071987061144890000340000013000000
071987061149990000670000022800000
071987061149990001050000228700000
071987061149990001060000027700000
071987061149990001150000124300000
071987061153090000230000041400000
071987061153090001150000263300000
071987061159990001090000014800000
071987061162690000020005362100000
071987061162690000100000007100000
071987061162690001080000018900000
071987061169990001050000091600000
071987061169990001150000148600000
071987061170390001140000154700000
071987061174690000090000844700000
071987061174690001050000946900000
071987061174690001090000065000000
071987061174690001150000540800000
071987061179990000010084551700000
071987061179990000130000125200000
071987061185190000010000903400000
071987061185190000090000003000000
071987061185190000220000002300000
071987061185190000230000004500000
071987061185190000370000007000000
071987061185190000670000003100000
071987061185190001090000001400000
071987061195290000020000677800000
071987061195290000130000001500000
071987061199990000100000001100000
071987061199990000190000001200000
071987061199990000690000003800000
071987061999990000690006557400000
071987061999990001090022657000000
071987061999990001130003015700000
071987061144890000980000036300000
071987061144890001790007034300000
071987061153090000010022998400000
071987061159990000030005710600000
071987061159990000180000016800000
071987061159990000820000015100000
071987061159990001130000054600000
071987061162690000190000016500000
071987061162690001050000091600000
071987061169990000020005362100000
071987061169990000310000074400000
071987061169990000670000002400000
071987061170390000030007954600000
071987061170390000100000069300000
071987061170390000210000025000000
071987061170390000340000326000000
071987061170390001090000034400000
071987061174690000010047466700000
071987061185190000190000004000000
071987061185190000380000002600000
071987061185190001120000002500000
071987061189990000010000903400000
071987061189990000980000001100000
071987061189990001050000014400000
071987061189990001060000001500000
071987061195290001140000000500000
071987061199990000050000075800000
071987061199990000180000000700000
071987061199990001060000000700000
071987061199990001090000000800000
071987061199990001160000001200000
071987061999990000090036095200001
071987061999990000130009689500000
071987061999990000370022268000000
071987061999990000980005311600000
071987061999990001140001474900000
071987061999990001160002505800000
071987061133190000310000111700000
071987061139990000040000383600000
071987061139990000130000009700000
071987061139990000230000040200000
071987061140190000030001039700000
071987061140190000090001954500000
071987061140190000820000006100000
071987061140190000980000010800000
071987061142090000030000768100000
071987061142090001090004490200000
071987061144890000220000017700000
071987061144890001110000197400000
071987061149990000010020452200000
071987061149990000090021043000000
071987061153090000050000323200000
071987061153090000310000107400000
071987061153090000320000050100000
071987061153090000370000188900000
071987061153090001090000014800000
071987061153090001140000020900000
071987061159990000010022998400000
071987061159990000190000056600000
071987061159990000230000041400000
071987061159990000310000107400000
071987061159990001160000057700000
071987061162690000130000006000000
071987061162690000220000014600000
071987061162690000320000014200000
071987061162690001060000006400000
071987061169990000100000007100000
071987061170390000820000039100000
071987061171290000310000098300000
071987061179990000040009943400000
071987061179990000510000272600000
071987061179990001130000402200000
071987061185190000320000002200000
071987061185190001080000001700000
071987061185190001160000004400000
071987061189990000030000219100000
071987061195290000050000075800000
071987061199990000030000156900000
071987061199990000670000002900000
071987061199990001140000000500000
071987061199990001150000006500000
071987061999990000230002527000000
071987061111590000200000172300000
071987061111590000340000040500000
071987061111590001090000211000000
071987061111590001140000035100000
071987061112790000230000042300000
071987061112790001810000194000000
071987061113290000220000011100000
071987061113290000690000025000000
071987061113690000180000039600000
071987061113690000820000021200000
071987061113690001130000049600000
071987061119990000040001569600000
071987061119990000820000067400000
071987061119990001150001166300000
071987061122890001050002920100000
071987061122890001120002055800000
071987061129990000090001462600000
071987061133190000980000010400000
071987061133190001160000064300000
071987061139990000340000007500000
071987061140190000320000013700000
071987061142090000020001952100000
071987061142090000820000017300000
071987061144890000130000012100000
071987061144890000670000011200000
071987061144890001140000008700000
071987061149990000040001048000000
071987061149990000310000334000000
071987061149990001110000263800000
071987061149990001160000092000000
071987061153090000210000011800000
071987061153090000690000093900000
071987061153090000980000011900000
071987061159990000100000020500000
071987061159990000220000018400000
071987061159990000320000050100000
071987061159990000380000053200000
071987061159990000980000011900000
071987061159990001060000019600000
071987061162690000050000333600000
071987061162690000670000002400000
071987061162690000690000043600000
071987061162690001110000015500000
071987061162690001150000148600000
071987061169990000370000140600000
071987061169990001160000021500000
071987061170390000380000067300000
071987061171290000010010379300000
071987061174690000320000170600000
071987061174690000340014354600000
071987061179990000180000187900000
071987061179990001150001010700000
071987061185190000130000003200000
071987061185190000180000002100000
071987061113690000100000027800000
071987061113690000230000079000000
071987061113690001090000205800000
071987061113690001140000027400000
071987061122890000090001462600000
071987061122890000100000141800000
071987061129990000210000118500000
071987061133190000090004052300000
071987061133190000370000113100000
071987061133190000670000008500000
071987061133190000820000012700000
071987061133190001050000121500000
071987061133190001790001899100000
071987061139990000020007275500000
071987061139990000190000021800000
071987061139990000380000020700000
071987061139990001790001899100000
071987061140190001800001178600000
071987061144890000100000017800000
071987061149990000100000029600000
071987061149990000200000286600000
071987061153090000040002819900000
071987061153090000190000056600000
071987061153090000670000015000000
071987061159990000090000130900000
071987061169990000220000014600000
071987061169990000320000014200000
071987061169990001090000011500000
071987061169990001130000011800000
071987061170390001150000274400000
071987061171290000230000032400000
071987061171290001140000180300000
071987061174690000100000101200000
071987061174690000210000028600000
071987061174690001060000033400000
071987061174690001120001727200000
071987061174690001160000123000000
071987061179990000220000159700000
071987061185190001130000001200000
071987061189990000100000002400000
071987061189990000370000007000000
071987061189990000690000011500000
071987061195290001120000004400000
071987061199990000020000677800000
071987061999990000190002340700000
071987061999990001060000914600000
071987061113690001810000403100000
071987061119990000320000205500000
071987061122890000030033947600000
071987061129990001130000284700000
071987061133190000050000790600000
071987061133190000200000136400000
071987061133190000230000040200000
071987061133190001090000257400000
071987061139990000320000026800000
071987061142090000200000068800000
071987061142090000670000007300000
071987061149990000050000217300000
071987061153090000200000188200000
071987061153090001130000054600000
071987061159990000200000188200000
071987061162690000230000032300000
071987061162690000820000004200000
071987061162690001140000005300000
071987061162690001160000021500000
071987061170390000130000033600000
071987061170390000180000034900000
071987061170390001060000026300000
071987061170390001130000132100000
071987061171290000180000012100000
071987061171290000200000204700000
071987061174690000220000097700000
071987061174690000690000480900000
071987061174690000820000063500000
071987061174690001110000122100000
071987061174690001130000230100000
071987061179990000320000282000000
071987061179990000980000073300000
071987061179990001060000073100000
071987061195290000820000003600000
071987061195290000980000000600000
071987061199990000200000006400000
071987061199990000980000000600000
071987061999990000010752270600028
071987061999990000040101183000003
071987061999990000220010586500000
071987061999990001080032691100001
071987061999990001120026132800000
071987061112790001060000015900000
071987061113290000010005163000000
071987061113290000030001493300000
071987061113290000130000011600000
071987061113290000320000020100000
071987061113290001140000008400000
071987061113690001150000285900000
071987061119990000220000078400000
071987061122890000220000171600000
071987061122890000820000168800000
071987061122890001110000436800000
071987061129990001080000222700000
071987061133190000040000383600000
071987061133190000180000014400000
071987061133190000190000021800000
071987061139990000180000014400000
071987061139990000210000010500000
071987061140190000100000005500000
071987061140190001150000033800000
071987061142090000040000208800000
071987061142090000370000225800000
071987061144890000010011426900000
071987061144890000820000028400000
071987061149990000020007692000000
071987061149990000370000842100000
071987061149990001790017241100000
071987061159990000040002819900000
071987061159990000340000030800000
071987061159990000670000015000000
071987061170390000010026705700000
071987061170390000040003059600000
071987061170390000220000039000000
071987061170390000310000266800000
071987061170390000320000080700000
071987061170390000370000604200000
071987061170390000690000264300000
071987061170390001120000461900000
071987061171290000380000024400000
071987061174690000230000101900000
071987061174690000370001976300000
071987061174690001140000561100000
071987061179990000020049043400000
071987061179990000690000840200000
071987061185190001150000019900000
071987061189990000380000002600000
071987061189990000670000003100000
071987061189990001120000002500000
071987061195290000200000006400000
071987061195290000690000003800000
071987061195290001160000001200000
071987061999990000310007713200000
071987061999990000670000988100000
071987061159990001140000020900000
071987061162690000310000074400000
071987061162690000380000008700000
071987061169990000190000016500000
071987061169990000690000043600000
071987061170390000050000948000000
071987061170390001160000068900000
071987061171290000050000339600000
071987061179990000100000225600000
071987061179990000230000205800000
071987061179990001120002498500000
071987061185190000210000000600000
071987061189990000200000021200000
071987061189990000820000006600000
071987061189990001090000001400000
071987061189990001160000004400000
071987061199990001110000001100000
071987061999990001110003014300000
071987061129990001140000056100000
071987061133190000100000018100000
071987061133190000210000010500000
071987061133190000690000086000000
071987061133190001150000097200000
071987061139990000980000010400000
071987061139990001050000121500000
071987061140190000040000083400000
071987061140190000190000008000000
071987061140190001050000025600000
071987061140190001110000028600000
071987061142090000190000012200000
071987061142090000340000007100000
071987061142090001130000022500000
071987061142090001160000028600000
071987061144890000020004164400000
071987061144890001060000016900000
071987061144890001800005273000000
071987061149990000340000024800000
071987061153090000220000018400000
071987061159990000130000017000000
071987061162690000030001518300000
071987061162690000090000106400000
071987061170390000510000057100000
071987061171290000670000008700000
071987061174690000670000089400000
071987061179990000030021024200000
071987061179990000820000115900000
071987061179990001140000896100000
071987061179990001160000215800000
071987061189990000090000003000000
071987061189990000190000004000000
071987061189990001080000001700000
071987061189990001130000001200000
071987061189990001150000019900000
071987061199990000320000001000000
071987061199990000380000001000000
071987061999990000210001261600000
071987061999990000460001906600000
071987061999990000580001455300000
071987061109990000030006456200000
071987061109990000130000013600000
071987061111590000320000106300000
071987061112790000380000022600000
071987061112790000670000008700000
071987061113290000020007905400000
071987061113690000670000015900000
071987061119990000010036474700000
071987061119990000030012620300000
071987061122890000040012484300000
071987061122890000320000186900000
071987061122890000980000094700000
071987061129990000030033947600000
071987061129990000040012484300000
071987061129990000380000404400000
071987061129990001050002920100000
071987061129990001150001529600000
071987061133190000010008311100000
071987061139990000050000790600000
071987061139990000310000111700000
071987061139990001090000257400000
071987061142090000010006104600000
071987061142090001050000043900000
071987061142090001150000019100000
071987061144890000050000110100000
071987061144890000200000160700000
071987061149990000690000181200000
071987061153090001120000103400000
071987061159990000370000188900000
071987061159990001120000103400000
071987061162690000010005743900000
071987061162690000040000245700000
071987061169990000030001518300000
071987061169990000050000333600000
071987061170390000670000025100000
071987061171290000090000109300000
071987061171290000220000023000000
071987061171290000510000047000000
071987061171290000690000095000000
071987061179990000090001224700000
071987061179990000310000778600000
071987061179990000370003071900000
071987061189990000340000002300000
071987061195290000340000000500000
071987061199990000040000018300000
071987061199990000210000000700000
071987061999990000340016212800000
071987061144890000230000057100000
071987061144890000320000043100000
071987061149990000220000045000000
071987061149990000320000080100000
071987061149990000380000073400000
071987061153090000030005710600000
071987061153090001050000322700000
071987061159990001150000263300000
071987061162690000210000007800000
071987061169990000010005743900000
071987061169990000130000006000000
071987061169990001140000005300000
071987061170390000020017376900000
071987061171290000100000055100000
071987061171290000980000007600000
071987061174690000510000168500000
071987061179990000190000299200000
071987061179990000340015567800000
071987061185190000030000219100000
071987061185190000040000018000000
071987061185190000050000026800000
071987061189990000230000004500000
071987061195290000090000002600000
071987061199990000090000002600000
071987061199990000310000006300000
071987061999990000050017086600000
071987061999990001150011676100000
071987061199990001080000000400000
071987061185190000690000011500000
071987061185190001050000014400000
071987061185190001110000002000000
071987061189990000020000677100000
071987061189990000050000026800000
071987061189990000310000006500000
071987061195290000210000000700000
071987061195290000320000001000000
071987061195290001080000000400000
071987061199990000130000001500000
071987061199990000230000000800000
071987061199990001120000004400000
071987061199990001130000001000000
071987061999990000820018555000000
