031979031025095090070003504400000
031979031025095090100003286600000
031979031025095090340003168000000
031979031195295290010000086200000
031979031195295290020000090100000
031979031053853850060000341800000
031979031040710710150001338800000
031979031040710710180001195400000
031979031053863860020000094400000
031979031053873870010000038200000
031979031053513510080001156700000
031979031053513510140000740600000
031979031053523520030000055300000
031979031053843840040000850100000
031979031053843840070000777800000
031979031140190190080000427900000
031979031140190190120000415800000
031979031140190190130000460100000
031979031142092090080001067500000
031979031142092090120001079400000
031979031142092090190001013600000
031979031144894890230003120200000
031979031144894890250003121900000
031979031144894890270003143700000
031979031111591590070000349100000
031979031033393390010000766600000
031979031033393390240000362900000
031979031033393390260000310200000
031979031111591590190003126600000
031979031111591590200002972800000
031979031111591590280002898200000
031979031112792790090000390400000
031979031113293290010000467800000
031979031113293290040000356100000
031979031113293290050000335700000
031979031113693690030002440500000
031979031113693690120002346800000
031979031113693690150002420000000
031979031090890890020001341000000
031979031090890890050001494000000
031979031090890890170000793000000
031979031170390390230000270100000
031979031010490490050000197600000
031979031010490490180000151700000
031979031080590590090000075100000
031979031100690690080000069800000
031979031090890890070001497500000
031979031090890890420000410700000
031979031080990990010000352200000
031979031011191190190000080300000
031979031171291290130000278300000
031979031011491490010000091300000
031979031091791790240000104500000
031979031011891890200000089700000
031979031071991990110000051900000
031979031012392390070000056400000
031979031082492490010000199300000
031979031092592590120000110800000
031979031122892890010003164400000
031979031012992990180000127100000
031979031153093090110000124600000
031979031113293290190000069000000
031979031083493490040000074100000
031979031083793790210000087900000
031979031063993990050000115300000
031979031084094090030000062800000
031979031014194190240000084200000
031979031084294290010000106400000
031979031094394390200000097200000
031979031074594590150000071200000
031979031174694690270000507400000
031979031174694690280000500200000
031979031174694690290000598200000
031979031084794790300000184800000
031979031084994990020000479300000
031979031084994990250000210600000
031979031084994990270000260800000
031979031040730730050000022000000
031979031140190190050002799600001
031979031140190190180002721100001
031979031140190190190002688700000
031979031142092090110008950300001
031979031142092090160008618300001
031979031142092090240009168300001
031979031144894890140016479800001
031979031144894890290016328400001
031979031144894890300016590700001
031979031142092090230000024200000
031979031084094090210000310900000
031979031084794790190000489200000
031979031084794790240000497700000
031979031084794790310000433600000
031979031084994990030000153200000
031979031084994990040000146200000
031979031084994990240000104300000
031979031080990990140000277000000
031979031082492490080000329200000
031979031082492490220000232200000
031979031083493490050000111700000
031979031083493490080000102200000
031979031083493490210000077700000
031979031084094090090000367700000
031979031084094090120000375800000
031979031010490490130000703100000
031979031010490490170000639600000
031979031011191190170008172200000
031979031011191190240008163200000
031979031011191190260008081700000
031979031011491490060004132200000
031979031011491490070003934500000
031979031011491490140003599500000
031979031011891890210002486900000
031979031011891890260002467800000
031979031011891890280002257100000
031979031012192190070002196800000
031979031012192190240001658600000
031979031012192190260001642800000
031979031012392390120001231500000
031979031012392390180001123400000
031979031012392390210001141300000
031979031012992990010006083400000
031979031012992990020005898400000
031979031012992990080005326600000
031979031014194190010011560100000
031979031014194190180010336800000
031979031014194190220009797000000
031979031022292290230000202300000
031979031024494490050000140000000
031979031024494490170000117100000
031979031025095090110001748000000
031979031025095090120001253100000
031979031025095090280001342600000
031979031090890890030074798200001
031979031090890890130067181600001
031979031090890890140070144100001
031979031091791790090007738900001
031979031091791790180006898300001
031979031091791790230006897000001
031979031092592590030004876200001
031979031092592590060004551900000
031979031092592590290004541000000
031979031094394390180007869300001
031979031094394390230007645500001
031979031094394390300007708400001
031979031140190190010002643500000
031979031140190190140002376800000
031979031140190190250002292400000
031979031070290290060006464500001
031979031070290290130006359200001
031979031070290290160006253300000
031979031170390390050020938800001
031979031170390390140019869200001
031979031170390390250020593500001
031979031010490490010006610200001
031979031010490490080006414600000
031979031010490490200006122200000
031979031080590590030001992900000
031979031080590590060001791400000
031979031080590590120001747100000
031979031100690690020012187800001
031979031100690690040012097500000
031979031100690690200011718900000
031979031080990990090004472700001
031979031080990990160003850400000
031979031080990990190003825800000
031979031101091090090007866900001
031979031101091090160007824900000
031979031101091090190007621700000
031979031011191190080011631300001
031979031011191190250011535700001
031979031011191190280011436200000
031979031171291290070008543500001
031979031171291290120008458900000
031979031171291290140008390200000
031979031071391390030009472700001
031979031071391390100009376200000
031979031071391390130009459500001
031979031011491490080010832900001
031979031011491490150010932000001
031979031011491490250010451600001
031979031111591590130008152000001
031979031111591590170008036400000
031979031111591590230007736100000
031979031071691690030003833600000
031979031071691690110003856200000
031979031071691690120004014000001
031979031011891890130012508400001
031979031011891890170012502100001
031979031011891890220012109800000
031979031071991990100001838100001
031979031071991990170001764600000
031979031071991990210001700500000
031979031142092090040005783800000
031979031142092090060006056300000
031979031142092090150005941000000
031979031012192190130006457600001
031979031012192190160006487100001
031979031012192190200006046000000
031979031022292290020004065300001
031979031022292290050003834600000
031979031022292290250003812100000
031979031012392390040013858600001
031979031012392390170013250600001
031979031012392390240013311700001
031979031082492490070006685600001
031979031082492490180006309200000
031979031082492490190006399600000
031979031162692690150003778100000
031979031162692690160003991600001
031979031162692690210003527500000
031979031112792790040002765400000
031979031112792790130002515900000
031979031112792790180002511900000
031979031122892890050072157400001
031979031122892890330066568100001
031979031122892890340062948500000
031979031012992990110014464500001
031979031012992990190014159800001
031979031012992990200014018800001
031979031153093090150017859100001
031979031153093090200017326200001
031979031153093090250016583400001
031979031133193190030005807000001
031979031133193190180005011600000
031979031133193190270004837000000
031979031113293290060002083300000
031979031113293290120002056700000
031979031113293290150002544000001
031979031033393390050019843700001
031979031033393390070019476800001
031979031033393390190018566700001
031979031083493490060002502800001
031979031083493490090002496000000
031979031083493490110002501300000
031979031113693690090004255400000
031979031113693690210004708700001
031979031113693690250004636600000
031979031083793790130004749900001
031979031083793790160004461600000
031979031083793790180004489000000
031979031063993990090006991000001
031979031063993990140006435700000
031979031063993990250006457600000
031979031084094090040001867300001
031979031084094090060001831200000
031979031084094090170001830200000
031979031014194190120020489300001
031979031014194190230019046900001
031979031014194190290018694500001
031979031084294290040001109900000
031979031084294290090000961700000
031979031084294290110000946000000
031979031024494490070002324100001
031979031024494490140002278100000
031979031024494490160002235100000
031979031074594590050008507300001
031979031074594590170008468400000
031979031074594590200008145400000
031979031174694690100038378800001
031979031174694690310036724400001
031979031174694690320034983000000
031979031084794790030007190900001
031979031084794790140006380600000
031979031084794790250006452400000
031979031144894890130010531900000
031979031144894890180010464200000
031979031144894890280010763600001
031979031084994990130002411300000
031979031084994990160002464300000
031979031084994990170002453100000
031979031025095090050011317200001
031979031025095090150010700900000
031979031025095090270011242100000
031979031185195190050000716800000
031979031185195190080000712300000
031979031195295290050000341300000
031979031195295290120000337000000
031979031053853850050000419600000
031979031040710710120007022000001
031979031040710710130006991900000
031979031053863860030000248900000
031979031053873870030000029900000
031979031053513510020003615900000
031979031053513510070003328000000
031979031053523520050000667600000
031979031053533530030000034100000
031979031053843840030005244400001
031979031053843840090004412600000
031979031140190190030000127000000
031979031070290290110000226800000
031979031170390390190000485900000
031979031170390390270000856700000
031979031170390390310000616400000
031979031100690690010000408500000
031979031100690690100000340900000
031979031100690690160000269600000
031979031011891890240000249900000
031979031071991990040000121400000
031979031071991990190000062800000
031979031022292290120000200300000
031979031122892890270001992800000
031979031122892890280001834400000
031979031122892890360001213200000
031979031153093090030001335700000
031979031153093090060001123700000
031979031033393390080000513400000
031979031014194190080001010300000
031979031074594590080000256000000
031979031074594590110000226400000
031979031074594590130000175700000
031979031174694690250003102000000
031979031144894890240000360800000
031979031025095090080000566100000
031979031025095090300000275200000
031979031195295290060000234700000
031979031195295290090000272200000
031979031070290290100000104600000
031979031070290290140000104100000
031979031100690690050000336300000
031979031080990990170000488100000
031979031071391390060000249200000
031979031071391390110000192600000
031979031071391390170000154700000
031979031082492490030000602500000
031979031122892890070004708800000
031979031122892890080003764500000
031979031122892890220002999800000
031979031153093090010000594500000
031979031153093090050000452100000
031979031153093090160000557100000
031979031083493490130000195200000
031979031083793790140000466300000
031979031063993990260000650000000
031979031074594590120000279600000
031979031140190190020002835100001
031979031140190190150002875000001
031979031140190190280002622200000
031979031070290290080006369600000
031979031070290290090006413100001
031979031070290290150006380100001
031979031170390390070019817300001
031979031170390390100019004400000
031979031170390390210019673500000
031979031010490490020007738400001
031979031010490490210007368500001
031979031010490490230007420700001
031979031080590590010005634100001
031979031080590590050005870700001
031979031080590590110005229500001
031979031071691690080000033600000
031979031071691690180000023100000
031979031071691690190000022900000
031979031012192190150000016200000
031979031012192190210000009900000
031979031012392390080000000000000
031979031012392390150000000000000
031979031012392390200000000000000
031979031092592590080000093700000
031979031092592590160000071800000
031979031092592590250000036100000
031979031112792790080000045700000
031979031112792790190000015800000
031979031112792790200000018600000
031979031133193190110000062600000
031979031133193190170000017300000
031979031133193190260000018200000
031979031113693690260000066100000
031979031113693690270000047700000
031979031113693690290000037200000
031979031083793790020000387600000
031979031083793790050000171100000
031979031083793790110000190300000
031979031063993990080000090000000
031979031063993990130000047100000
031979031063993990190000054800000
031979031084794790040000067400000
031979031084794790150000018700000
031979031084794790170000020900000
031979031084794790210000041300000
031979031144894890120000101500000
031979031084994990100000021700000
031979031084994990110000029200000
031979031084994990230000044900000
031979031025095090210000063900000
031979031025095090240000070000000
031979031025095090320000055700000
031979031195295290040000007300000
031979031195295290080000004200000
031979031140190190100000020100000
031979031140190190110000015100000
031979031040710710040000104700000
031979031040710710060000079300000
031979031040710710100000079200000
031979031053513510040000111600000
031979031053513510160000073900000
031979031053513510170000053900000
031979031101091090070000684200000
031979031101091090080000237900000
031979031101091090200000357600000
031979031011191190040000489400000
031979031011191190050000542500000
031979031011191190060000492900000
031979031171291290020000627100000
031979031171291290190000537900000
031979031171291290250000561600000
031979031071391390020001042800000
031979031071391390080001106000000
031979031071391390090001122500000
031979031011491490030000934000000
031979031011491490050000852500000
031979031011491490180000790300000
031979031111591590150000482800000
031979031111591590270000366100000
031979031111591590290000416700000
031979031071691690020000757100000
031979031071691690100000696800000
031979031071691690130000571800000
031979031091791790120000412600000
031979031091791790130000298700000
031979031091791790210000202500000
031979031011891890050000520800000
031979031011891890070000546500000
031979031011891890180000495400000
031979031071991990010000566100000
031979031071991990130000489600000
031979031071991990220000520300000
031979031012192190060000340200000
031979031012192190170000298600000
031979031022292290110000118500000
031979031022292290190000088200000
031979031012392390050000965500000
031979031012392390160000864200000
031979031012392390190000806800000
031979031082492490050000600400000
031979031082492490120000424100000
031979031082492490130000382400000
031979031162692690120000189800000
031979031162692690180000168700000
031979031162692690190000152100000
031979031112792790020000126300000
031979031112792790060000180700000
031979031112792790150000079200000
031979031122892890190012083000000
031979031122892890200011223600000
031979031122892890260010272700000
031979031153093090020001162300000
031979031153093090080000773000000
031979031153093090230000849900000
031979031113293290090000117900000
031979031113293290180000103600000
031979031113293290260000094300000
031979031033393390060001373500000
031979031033393390130001317700000
031979031033393390220001018800000
031979031083493490070000516800000
031979031083493490180000464100000
031979031113693690220000407400000
031979031083793790190000218100000
031979031083793790220000186200000
031979031083793790240000168300000
031979031063993990110000922500000
031979031063993990210000929400000
031979031084094090080000308300000
031979031014194190030000522800000
031979031014194190160000827800000
031979031014194190190000794700000
031979031014194190200000696100000
031979031084294290120000064100000
031979031084294290130000058400000
031979031084294290160000052600000
031979031094394390120000370000000
031979031140190190160000118600000
031979031140190190170000136500000
031979031140190190220000099000000
031979031170390390200001429800000
031979031170390390330001414500000
031979031010490490060000485900000
031979031010490490150000361000000
031979031080590590130000229300000
031979031100690690220000569600000
031979031100690690230000598900000
031979031100690690250000552100000
031979031090890890330002185700000
031979031090890890370001894700000
031979031090890890390001722300000
031979031080990990050000745900000
031979031080990990080000857300000
031979031080990990130001053300000
031979031101091090050000584500000
031979031094394390170000305400000
031979031094394390290000343200000
031979031024494490010000291000000
031979031024494490080000251400000
031979031024494490100000247800000
031979031074594590010002093400000
031979031074594590030002001500000
031979031074594590100001884600000
031979031174694690330004421900000
031979031084794790090001196600000
031979031084794790230000922900000
031979031084794790290000900700000
031979031144894890100001100000000
031979031144894890190001084800000
031979031144894890260000892900000
031979031084994990010000369200000
031979031025095090040000878400000
031979031025095090190000833400000
031979031025095090260000748400000
031979031185195190010000076900000
031979031185195190070000073000000
031979031195295290130000047500000
031979031195295290140000044900000
031979031040710710020000427100000
031979031040710710110000234700000
031979031053853850040000051600000
031979031053873870020000013100000
031979031040730730010000011500000
031979031053513510050000226100000
031979031053513510110000200900000
031979031053843840020000368000000
031979031133193190150001451000000
031979031133193190020002936100000
031979031133193190190002690500000
031979031133193190290002802300000
031979031174694690030004804900000
031979031174694690070003199700000
031979031174694690130002496100000
031979031174694690160001137900000
031979031010490490040000266500000
031979031011191190130001406400000
031979031011191190200001256000000
031979031011191190290001262000000
031979031011491490100000554600000
031979031011491490190000460700000
031979031011891890110000584400000
031979031012192190180000208600000
031979031012392390100000205800000
031979031012992990060000991600000
031979031014194190210002717000000
031979031014194190280002562000000
031979031014194190300002454900000
031979031011491490220003205500000
031979031012992990160000263700000
031979031014194190100000174500000
031979031022292290150000125400000
031979031025095090140002050100000
031979031025095090220001749100000
031979031025095090250001669000000
031979031024494490120000214700000
031979031040710710160001045700000
031979031040710710170000929600000
031979031040710710140000343100000
031979031040710710070000125400000
031979031040720720020001174500001
031979031040730730020000776300000
031979031053513510100001060100000
031979031053513510120001535900000
031979031053523520010000169800000
031979031053533530010000445800000
031979031053853850030000009900000
031979031053863860050000003800000
031979031053843840050000177500000
031979031053843840110000122900000
031979031063993990020002643000000
031979031063993990120003322000000
031979031063993990150003041500000
031979031080590590020002189100001
031979031083793790150001701900000
031979031084294290020000678800000
031979031084294290030001634500001
031979031084294290050001769300001
031979031084294290080002243100001
031979031084794790200000698800000
031979031084994990080000220100000
031979031084994990140000292400000
031979031090890890060062372500001
031979031090890890090052436500000
031979031090890890380044922500000
031979031091791790080002296600000
031979031091791790150002213500000
031979031091791790170002328800000
031979031092592590150002087600000
031979031092592590200002103100000
031979031092592590230002081300000
031979031094394390030003583400000
031979031094394390040003631100000
031979031094394390220003237200000
031979031091791790250000456600000
031979031092592590050001475800000
031979031092592590040000290900000
031979031092592590110000231400000
031979031092592590220000244700000
031979031094394390020000468900000
031979031094394390150000469900000
031979031094394390280000441900000
031979031094394390050000162400000
031979031094394390190000179200000
031979031101091090020000526300000
031979031111591590020002364300000
031979031111591590030002323100000
031979031111591590250001921700000
031979031112792790010000286300000
031979031112792790100000235000000
031979031112792790110000225400000
031979031113293290130000421500000
031979031113293290220000368000000
031979031113293290250000359500000
031979031113693690020001824500000
031979031113693690070001789800000
031979031113693690240001559800000
031979031111591590040000643900000
031979031113293290030000194100000
031979031113693690040000468100000
031979031113693690140000289400000
031979031113693690300000230400000
031979031113293290100000726600000
031979031113293290140000064600000
031979031113693690100000263700000
031979031113693690160000917800000
031979031113693690170001173600000
031979031113693690230000551200000
031979031113693690110000793100000
031979031170390390340000140900000
031979031171291290010000090800000
031979031122892890120002022900000
031979031174694690080000916900000
031979031122892890380000705300000
031979031133193190010004765300000
031979031133193190060004476100000
031979031133193190160004486100000
031979031140190190060000187500000
031979031142092090010000584800000
031979031142092090030000541500000
031979031142092090180000458400000
031979031144894890150000632500000
031979031144894890210000647600000
031979031144894890310000643100000
031979031162692690080000683500000
031979031162692690010000264000000
031979031162692690140000218400000
031979031171291290030001961300000
031979031171291290060001924100000
031979031171291290280001823100000
031979031174694690090015744000000
031979031174694690140014184300000
031979031174694690150013579000000
031979031174694690180000741500000
031979031070290290070002112200000
031979031170390390220007004900000
031979031170390390240006746300000
031979031170390390320006142400000
031979031010490490030001468000000
031979031010490490110001536900000
031979031010490490160001290500000
031979031080590590070000396300000
031979031080590590080000406600000
031979031080590590150000361500000
031979031100690690030003293000000
031979031100690690110003419100000
031979031100690690170003151400000
031979031080990990020000923000000
031979031080990990100000883300000
031979031080990990200000869000000
031979031101091090130001264000000
031979031101091090150001241700000
031979031011191190140004433100000
031979031011191190310004430500000
031979031011191190320004291900000
031979031071391390070002159500000
031979031071391390120002061400000
031979031071391390150002011400000
031979031011491490020007395800000
031979031011491490130007077900000
031979031011491490260006961300000
031979031071691690040001096000000
031979031011891890040004714500000
031979031011891890090004639900000
031979031011891890150004620500000
031979031071991990080000765200000
031979031071991990120000707400000
031979031071991990150000766600000
031979031012192190020001374800000
031979031012192190080001350200000
031979031012192190120001290600000
031979031022292290010000938800000
031979031022292290090000828600000
031979031022292290180000747300000
031979031012392390010004511400000
031979031012392390090004103800000
031979031012392390130004119100000
031979031082492490140001698300000
031979031082492490250001567000000
031979031082492490270001476600000
031979031162692690020000563700000
031979031162692690060000550100000
031979031162692690070000506600000
031979031122892890020036111700000
031979031122892890100036478100000
031979031122892890290032448500000
031979031012992990150005374200000
031979031012992990170005471700000
031979031012992990210005370800000
031979031153093090070003708200000
031979031153093090130003731300000
031979031153093090210003925700000
031979031133193190040000754400000
031979031133193190070000634200000
031979031133193190250000549000000
031979031033393390120007995100000
031979031033393390200007059400000
031979031033393390270006860000000
031979031083493490120000541100000
031979031083493490170000443700000
031979031083493490190000451500000
031979031083793790100001062000000
031979031083793790170000902300000
031979031083793790230000788100000
031979031063993990180001527600000
031979031063993990200001481500000
031979031063993990230001513300000
031979031084094090050000382500000
031979031084094090070000359900000
031979031084094090130000346700000
031979031014194190050011454400000
031979031014194190310010954200000
031979031014194190320010786100000
031979031024494490030000393000000
031979031024494490130000350200000
031979031074594590040003073200000
031979031074594590060003007000000
031979031074594590140002912300000
031979031084794790070002240200000
031979031084794790080002062300000
031979031084794790220001790900000
031979031084994990060000431700000
031979031084994990120000387900000
031979031084994990190000382900000
031979031142092090220005024900000
031979031012192190140006738200001
031979031012192190230006037000000
031979031012192190270006051400001
031979031022292290030005430600001
031979031022292290100005266600001
031979031022292290240005104400001
031979031012392390020011062100001
031979031012392390110010698300000
031979031012392390230010586800000
031979031082492490040012030700001
031979031082492490200011485700001
031979031082492490230011129800001
031979031162692690040006340200001
031979031162692690110006106400001
031979031162692690240005963400001
031979031112792790230007004200001
031979031112792790270007076300001
031979031112792790290007256800001
031979031122892890030067839000001
031979031122892890310064354900000
031979031122892890430065142900001
031979031012992990070011296200000
031979031012992990220011369700000
031979031012992990230011766200001
031979031153093090140016211600000
031979031153093090190016753300001
031979031153093090270016458700000
031979031133193190100008246600001
031979031133193190200007765100001
031979031133193190280007793200001
031979031113293290170006743400001
031979031113293290200006786000001
031979031113293290230006714800001
031979031033393390140017049300001
031979031033393390210015680100000
031979031033393390230016180500000
031979031083493490010004662300001
031979031083493490100004581500001
031979031083493490150004509200001
031979031113693690060014714300001
031979031113693690080014404700001
031979031113693690200014419500001
031979031083793790040009719000001
031979031083793790090009275100001
031979031083793790200008476100001
031979031063993990030009690700001
031979031063993990220009208000001
031979031063993990270009192600001
031979031084094090140004786600001
031979031084094090190004683800001
031979031084094090220004557600001
031979031014194190130017996900001
031979031014194190150017445300000
031979031014194190260017257700000
031979031084294290060001336300000
031979031084294290070001346600001
031979031084294290100001332000000
031979031094394390090006572800001
031979031094394390240006039100000
031979031094394390270006031500000
031979031024494490020004637400001
031979031024494490060004502600001
031979031024494490110004497500001
031979031074594590090010746000001
031979031074594590180010497200001
031979031074594590210010447600001
031979031174694690010035904400001
031979031174694690050035097700001
031979031174694690300031420900000
031979031084794790060009194100001
031979031084794790100008359400001
031979031084794790280008200400001
031979031144894890010009246100000
031979031144894890050008732200000
031979031144894890110008164500000
031979031084994990150005064100001
031979031084994990210005245200001
031979031084994990220005287500001
031979031025095090060015135800001
031979031025095090170013483300001
031979031025095090230013201300001
031979031185195190020001054800001
031979031185195190030001051300001
031979031195295290030000872800001
031979031195295290110000854200001
031979031053853850020001873600001
031979031040710710010012321600001
031979031040710710200011321600001
031979031053863860010000410700001
031979031053873870050000187100001
031979031040720720030001155300000
031979031040730730030000561200000
031979031053513510130009781700001
031979031053513510150007700200001
031979031053513510190010279000001
031979031053523520060000901200001
031979031053533530040000446800001
031979031053843840010010991500001
031979031053843840120010474900001
031979031140190190090000661900000
031979031140190190230000630300000
031979031140190190290000583200000
031979031144894890200002695300000
031979031140190190240000016300000
031979031170390390080000157200000
031979031170390390160000069400000
031979031170390390180000041600000
031979031010490490070000039400000
031979031010490490190000022400000
031979031010490490220000046300000
031979031011191190070000117100000
031979031011191190110000060900000
031979031011191190210000076100000
031979031171291290090000072300000
031979031171291290230000046000000
031979031011491490120000072200000
031979031011491490160000071000000
031979031011491490210000053500000
031979031111591590210000118800000
031979031111591590220000105400000
031979031111591590300000049000000
031979031084094090180000100300000
031979031084294290140000104400000
031979031084794790180000361200000
031979031084994990050000114200000
031979031025095090130000633200000
031979031040710710190000089100000
031979031010490490100000282500000
031979031174694690220003990800000
031979031090890890190001619300000
031979031090890890340001060000000
031979031091791790050000570500000
031979031071991990140000067500000
031979031012992990120000259800000
031979031014194190060000345600000
031979031084794790110000242900000
031979031170390390040000692400000
031979031100690690130000452500000
031979031090890890040002973800000
031979031080990990070000519300000
031979031011191190160000137100000
031979031012192190110000467700000
031979031012192190220000384300000
031979031012192190250000362400000
031979031122892890170007813100000
031979031122892890210004882300000
031979031122892890250005472100000
031979031153093090240000842100000
031979031014194190270000149900000
031979031174694690340001645700000
031979031025095090160000614200000
031979031053513510180000236800000
031979031084794790120000879500000
031979031025095090180003376100000
031979031025095090290003756500000
031979031025095090350004582400000
031979031140190190210000128400000
031979031070290290010000060100000
031979031070290290020000050400000
031979031171291290110000213500000
031979031142092090210000597100000
031979031112792790160000059100000
031979031153093090100000242000000
031979031153093090120000232800000
031979031133193190130001641800000
031979031133193190140001481600000
031979031133193190300001830300000
031979031113293290210000199700000
031979031094394390130000270900000
031979031094394390250000185100000
031979031094394390260000211200000
031979031024494490150000071000000
031979031174694690200000418900000
031979031144894890080000221900000
031979031040710710050000177100000
031979031040710710080000109900000
031979031070290290040002223000000
031979031070290290050002329600000
031979031084094090160000042600000
031979031174694690020001013700000
031979031144894890090000182400000
031979031084994990070000074100000
031979031140190190040001391700000
031979031140190190200001371600000
031979031140190190260001437000000
031979031142092090070006354900001
031979031142092090100005900200000
031979031142092090130005973700000
031979031144894890020008062600000
031979031144894890060008142300000
031979031144894890070007951200000
031979031170390390020000286700000
031979031170390390280000254700000
031979031170390390290000209200000
031979031090890890200003557000000
031979031090890890360002734200000
031979031090890890430003150100000
031979031011491490090000138800000
031979031012192190050000084800000
031979031012192190280000077900000
031979031022292290080000206700000
031979031022292290220000150000000
031979031012392390220000085800000
031979031082492490060000249500000
031979031082492490090000156900000
031979031082492490150000097300000
031979031162692690100000106900000
031979031122892890040002650700000
031979031122892890410000979900000
031979031012992990100000278300000
031979031033393390090000442000000
031979031083493490200000049300000
031979031174694690040001336800000
031979031174694690170001137600000
031979031174694690260001082700000
031979031144894890040000212300000
031979031025095090020000303000000
031979031025095090030000321500000
031979031025095090200000210600000
031979031140190190070000110900000
031979031140190190270000084900000
031979031090890890080002271900000
031979031090890890300001250700000
031979031090890890410001080300000
031979031111591590080000221300000
031979031111591590310000091300000
031979031111591590330000096000000
031979031091791790200000150400000
031979031011891890270000087700000
031979031142092090090000310900000
031979031012192190010000128300000
031979031012192190040000122700000
031979031012192190090000112600000
031979031092592590100000139900000
031979031112792790260000045100000
031979031133193190050000192300000
031979031133193190090000160600000
031979031133193190210000120100000
031979031014194190090000148000000
031979031094394390330000126100000
031979031144894890030000417800000
031979031144894890320000270500000
031979031170390390010000456300000
031979031080590590040000100300000
031979031090890890120003740200000
031979031090890890310001822800000
031979031090890890400001685000000
031979031080990990030000286400000
031979031011191190100000161500000
031979031171291290180000178000000
031979031011491490230000188800000
031979031111591590240000242400000
031979031011891890030000226300000
031979031022292290160000135000000
031979031162692690170000188000000
031979031112792790210000033000000
031979031122892890160002194100000
031979031153093090260000306200000
031979031133193190120000447800000
031979031033393390030001105600000
031979031170390390110000222000000
031979031170390390150000182600000
031979031170390390170000112300000
031979031011191190230000145100000
031979031171291290050000242300000
031979031171291290210000195600000
031979031171291290260000172900000
031979031082492490020000192400000
031979031122892890230001257400000
031979031122892890240000913200000
031979031122892890320001158800000
031979031074594590160000112100000
031979031174694690110000852500000
031979031174694690230000830100000
031979031090890890210004820800000
031979031094394390160000584700000
031979031111591590010003015400000
031979031111591590110002549500000
031979031111591590260002317800000
031979031112792790050001258500000
031979031112792790140001280200000
031979031112792790170000336400000
031979031112792790250000645400000
031979031113293290070000821100000
031979031113293290080000942900000
031979031113293290240000744300000
031979031113693690130001978900000
031979031113693690180001916500000
031979031113693690190001885100000
031979031053863860060000010500000
031979031053513510010003931300000
031979031053513510060003538700000
031979031053523520040000091700000
031979031053843840060002096100000
031979031053843840100001919500000
031979031092592590090005151800001
031979031092592590170005060100001
031979031092592590190004991200001
031979031070290290030001134600000
031979031070290290120001076800000
031979031070290290170001022900000
031979031170390390090002986100000
031979031170390390260003040300000
031979031010490490090000840200000
031979031010490490120000782600000
031979031010490490140000927200000
031979031080590590100000511000000
031979031080590590140001108800000
031979031080590590160000877200000
031979031100690690070001147900000
031979031100690690180001113900000
031979031100690690210001029700000
031979031090890890230007638400000
031979031090890890250006307200000
031979031090890890260006232700000
031979031090890890270031660700000
031979031080990990120001341800000
031979031080990990150002561700000
031979031080990990180001429000000
031979031101091090110000968000000
031979031101091090140000821900000
031979031101091090180000827500000
031979031011191190030001365500000
031979031011191190150001235900000
031979031011191190180001243000000
031979031171291290220000943800000
031979031171291290240000441200000
031979031071391390010001265800000
031979031071391390050001321900000
031979031071391390180001049300000
031979031011491490040002086300000
031979031011491490170001960000000
031979031111591590100004925000000
031979031111591590120005010600000
031979031111591590320004745300000
031979031071691690010000345800000
031979031071691690050000346600000
031979031071691690150000421300000
031979031091791790010000934100000
031979031091791790220000600700000
031979031011891890020001619800000
031979031011891890060001986800000
031979031011891890140001664700000
031979031071991990020000816600000
031979031071991990030000991400000
031979031071991990200000710400000
031979031012192190030000750200000
031979031012192190100000664600000
031979031012192190190000504600000
031979031022292290060000521400000
031979031022292290140000469100000
031979031022292290170000456300000
031979031012392390030001254700000
031979031012392390060001108000000
031979031012392390140001011900000
031979031082492490110002823800000
031979031082492490170002560100000
031979031082492490240002507600000
031979031092592590210000644900000
031979031092592590240000582500000
031979031092592590280000538400000
031979031162692690130001717900000
031979031162692690220001658300000
031979031162692690250001694100000
031979031112792790070003341900001
031979031112792790220002786200000
031979031112792790240002865000000
031979031122892890110020590700000
031979031122892890180019911200000
031979031122892890400018670400000
031979031012992990030002253600000
031979031012992990090002195600000
031979031012992990140001954600000
031979031153093090040003211600000
031979031153093090220003335400000
031979031113293290020002425800000
031979031113293290110002315400000
031979031113293290160002500600000
031979031033393390150004331000000
031979031033393390160004094700000
031979031033393390250004202800000
031979031083493490020001276600000
031979031083493490140001178400000
031979031113693690010003750900000
031979031113693690050003507700000
031979031113693690280002882700000
031979031083793790030001830300000
031979031083793790080001571100000
031979031083793790120001480200000
031979031063993990060002573600000
031979031063993990100002536800000
031979031063993990170002730700000
031979031084094090010000676900000
031979031014194190020003413900000
031979031014194190070003266400000
031979031014194190250002849700000
031979031084294290150000472200000
031979031094394390100000956500000
031979031094394390210000756500000
031979031094394390310000811000000
031979031024494490040000732500000
031979031024494490090000626500000
031979031024494490180000628300000
031979031074594590020001707800000
031979031074594590070001894200000
031979031074594590190001757100000
031979031174694690060006365500000
031979031084794790050002139600000
031979031084794790130002107200000
031979031084994990180001912400000
031979031084994990200002520500001
031979031084994990260001771100000
031979031025095090090002410300000
031979031025095090310002046400000
031979031025095090330002202300000
031979031185195190040000165300000
031979031185195190060000164100000
031979031195295290070000085500000
031979031195295290100000097900000
031979031053853850010000365200000
031979031040710710030002014900000
031979031040710710090001821700000
031979031053863860040000001800000
031979031053873870040000014800000
031979031040720720010000321700000
031979031040730730040001026500001
031979031053513510030000714500000
031979031053513510090000675400000
031979031053523520020000014000000
031979031053533530020000065000000
031979031053843840080000935400000
031979031053843840130001095000000
031979031083793790250001033300000
031979031090890890010037093400000
031979031090890890100033580000000
031979031090890890160032116600000
031979031091791790030005677400000
031979031091791790040005745600001
031979031091791790190005111100000
031979031092592590020002777600000
031979031092592590140002740000000
031979031092592590180002581200000
031979031094394390060004008400000
031979031094394390070003645800000
031979031094394390140003640500000
031979031033393390100000830900000
031979031090890890240001301000000
031979031090890890280000848900000
031979031090890890320000786800000
031979031142092090020003871100000
031979031142092090050003815600000
031979031142092090170003737900000
031979031144894890160003295900000
031979031144894890170003166400000
031979031144894890220003023800000
031979031092592590130000699800000
031979031033393390020000292300000
031979031033393390040000302800000
031979031033393390180000181700000
031979031083493490030000145600000
031979031083493490160000059900000
031979031083493490220000042500000
031979031083793790010000280800000
031979031083793790060000157700000
031979031083793790070000152800000
031979031063993990010000144300000
031979031063993990040000128500000
031979031063993990160000071400000
031979031063993990240000084200000
031979031084094090020000042700000
031979031084094090100000027000000
031979031084094090150000023000000
031979031084094090200000020300000
031979031014194190040000221500000
031979031014194190110000145600000
031979031014194190140000243700000
031979031014194190170000081600000
031979031094394390010000000000000
031979031094394390080000126100000
031979031094394390110000000000000
031979031094394390320000000000000
031979031174694690120000433800000
031979031174694690190000547300000
031979031174694690210000571900000
031979031174694690240000457600000
031979031084794790010000197900000
031979031084794790020000217600000
031979031084794790160000121200000
031979031084794790260000099200000
031979031084794790270000101100000
031979031170390390060000183300000
031979031170390390120000149400000
031979031170390390300000198600000
031979031100690690060000251300000
031979031100690690090000089100000
031979031100690690120000067300000
031979031100690690140000054900000
031979031090890890350000507200000
031979031101091090010000116600000
031979031101091090030000133000000
031979031101091090040000106200000
031979031101091090170000060000000
031979031011191190010000098700000
031979031011191190020000103100000
031979031011191190120000067200000
031979031171291290080000081800000
031979031171291290160000035500000
031979031171291290170000044100000
031979031171291290270000022600000
031979031111591590050000174600000
031979031111591590060000153800000
031979031111591590140000152700000
031979031071691690060000325500000
031979031071691690090000050700000
031979031071691690160000351300000
031979031071691690210000021600000
031979031091791790020000079000000
031979031091791790060000033900000
031979031091791790110000063500000
031979031091791790160000009400000
031979031011891890010000080200000
031979031011891890100000070200000
031979031011891890120000090800000
031979031011891890160000064900000
031979031071991990070000044600000
031979031071991990090000031700000
031979031071991990180000023200000
031979031022292290040000052600000
031979031022292290130000018900000
031979031022292290200000017500000
031979031082492490100000133800000
031979031082492490210000106000000
031979031082492490260000072800000
031979031092592590010000000000000
031979031092592590070000000000000
031979031092592590260000000000000
031979031092592590270000000000000
031979031162692690030000053800000
031979031162692690050000051300000
031979031162692690090000037800000
031979031162692690230000029200000
031979031112792790030000053800000
031979031112792790120000062700000
031979031112792790280000027900000
031979031122892890140000428600000
031979031122892890150000410300000
031979031122892890370000354600000
031979031012992990040000278800000
031979031012992990050000254100000
031979031153093090090000131300000
031979031153093090170000239400000
031979031153093090180000220400000
031979031133193190080000042800000
031979031133193190220000027600000
031979031133193190230000020400000
031979031133193190240000020100000
031979031070290290180000091600000
031979031170390390030000152200000
031979031090890890180000948300000
031979031090890890220000931400000
031979031090890890290000666600000
031979031011191190090000088200000
031979031011191190270000067800000
031979031011891890080000046800000
031979031122892890130000363900000
031979031122892890350000449400000
031979031122892890390000212700000
031979031122892890420000406800000
031979031012992990130000187500000
031979031084994990090000036400000
031979031025095090010000269400000
031979031170390390130000203400000
031979031080590590170000071200000
031979031171291290150000054800000
031979031071991990230000039100000
031979031022292290070000051000000
031979031022292290210000030300000
031979031082492490160000154900000
031979031162692690200000045800000
031979031122892890060001581900000
031979031122892890090001297600000
031979031122892890300001341200000
031979031033393390110000334400000
031979031033393390170000174200000
031979031063993990070000202400000
031979031063993990280000119800000
031979031084094090110000051100000
031979031100690690150014363600001
031979031100690690190014089300001
031979031100690690240014102500001
031979031090890890110033445600000
031979031090890890150033362400000
031979031080990990040008753300001
031979031080990990060008531700001
031979031080990990110008099700001
031979031101091090060009772200001
031979031101091090100009081500001
031979031101091090120009031800001
031979031011191190220011466900001
031979031011191190300011444500001
031979031011191190330011332700000
031979031171291290040011054200001
031979031171291290100010397400001
031979031171291290200010162500001
031979031071391390040009819300001
031979031071391390140009442900001
031979031071391390160009332100000
031979031011491490110010064300000
031979031011491490200010013100000
031979031011491490240010218900001
031979031111591590090019032900001
031979031111591590160018646200001
031979031111591590180018703200001
031979031071691690070004255500001
031979031071691690140005270000001
031979031071691690170004245700001
031979031071691690200003796400000
031979031091791790070005423400000
031979031091791790100005565600000
031979031091791790140005298100000
031979031011891890190012345800001
031979031011891890230012307300001
031979031011891890250012141200000
031979031071991990050003382200001
031979031071991990060003465300001
031979031071991990160003431300001
031979031142092090140005121600000
031979031142092090200005114000000
