061999061053510011660000147800000
061999061053520000010000378100002
061999061053520000380000016600000
061999061053530000020000701400005
061999061053530011630000032800000
061999061053870000380000001900000
061999061053510000380000135200000
061999061053510011650001448200000
061999061053530000060000923300006
061999061053870011630000004500000
061999061059990013010000077600000
061999061053590011640000424100003
061999061053840000010005260100005
061999061053890000380000275400000
061999061059990011620000055800000
061999061059990011720001143800007
061999061059990012990000008800000
061999061053510000010015437800014
061999061053510011690000047500000
061999061053590000010016239700019
061999061053590000060012914700022
061999061053590011630001043100000
061999061053590011660000147800000
061999061059990000060030250000049
061999061053520000020000981600006
061999061053590011730000063500000
061999061053850011630000092200000
061999061053890011710001037900000
061999061059990000380000427200000
061999061053530011620000055800000
061999061053840000320000056200000
061999061053870013000000256200007
061999061053890000020011579200026
061999061059990011660000147800000
061999061053510011710000338800000
061999061053590000320000057800000
061999061053590011650001448200000
061999061053860000010000074600001
061999061053890011630001378800000
061999061059990011670001202000000
061999061059990011690000047500000
061999061053510000020006068800005
061999061053530011640000424100003
061999061053860012990000008800000
061999061053890000010006156400012
061999061053590011690000047500000
061999061053590011720001143800007
061999061053840011630001227600000
061999061053850000020001388100007
061999061053890000320000056200000
061999061053890012990000008800000
061999061059990011730000063500000
061999061053510000320000057800000
061999061053510011670000505900000
061999061053590000380000151800000
061999061053840000380000273500000
061999061053890013000000256200007
061999061059990011710001376700000
061999061053590011700000065400000
061999061053840000020009466000008
061999061053850011670000078700000
061999061053860000020000630500009
061999061053860011630000054500000
061999061053870000010000076600002
061999061053890000060017335300027
061999061059990000010022396100031
061999061059990011630002421900000
061999061053510011630000907700000
061999061053590011670000505900000
061999061053840000060015029600014
061999061053840013010000077600000
061999061053510011700000065400000
061999061053520000060000944800006
061999061053520011630000102600000
061999061053520011720001143800007
061999061053590011710000338800000
061999061053850000060002029800010
061999061053870000020000094600002
061999061059990000320000114000000
061999061053590011620000055800000
061999061053840011670000617400000
061999061053850000010000745100004
061999061053890011670000696100000
061999061059990000020019331000042
061999061059990011650001448200000
061999061059990011700000065400000
061999061053510000060011046600010
061999061053510011680000133500000
061999061053590000020007751800016
061999061053890013010000077600000
061999061053520011730000063500000
061999061053530000010000423800003
061999061053590011680000133500000
061999061053840011710001037900000
061999061053860000060000275900003
061999061059990011640000424100003
061999061059990011680000133500000
061999061059990013000000256200007
