062003051053510000060008931800007
062003051053510000390000886400000
062003051053520026710000043000000
062003051053520026720000110800000
062003051053590026700000052100000
062003051053840000320000046100000
062003051053850012440000188100000
062003051053890000320000046100000
062003051059990012290000106100000
062003051059990026710000043000000
062003051053520000020000973100006
062003051053590012300000132500000
062003051053840012270000061600000
062003051053850000020001018800005
062003051053860000020000744200009
062003051059990012380000316100001
062003051053590000060010663200019
062003051053870012310000280800007
062003051059990012340000000000000
062003051053510000020008587800007
062003051053510000320000064700000
062003051053510012300000132500000
062003051053590012340000000000000
062003051053840000390001123700000
062003051053840000760000501600000
062003051053850000010000976300005
062003051053510000760000543900000
062003051053870000010000107700002
062003051053890012420000059000000
062003051059990001100001041200001
062003051059990012350000043100000
062003051059990026720000110800000
062003051053510012290000106100000
062003051053510012340000000000000
062003051053520012380000316100001
062003051053890000020013011400027
062003051059990000320000110800000
062003051059990001110001365500008
062003051053520000760000039800000
062003051053530026660000288800002
062003051053590000010020966600024
062003051053590012350000043100000
062003051053840000010005306000004
062003051053840001100000973900000
062003051053890012430000197600000
062003051059990000060030541000056
062003051059990026660000288800002
062003051053590000020010389600019
062003051053590026670000055800000
062003051053850000390000086800000
062003051053890001100001041200001
062003051053890012440000188100000
062003051059990026700000052100000
062003051053510012330001266300000
062003051053840012430000197600000
062003051053860000060000365100004
062003051053870001100000049300001
062003051053890000760000501600000
062003051053520001110001365500008
062003051053530000010000812300006
062003051053590012380000316100001
062003051059990012270000061600000
062003051059990012330001266300000
062003051053520000060000797900005
062003051053530000020000828700006
062003051053530000390000090600000
062003051053590000760000583700000
062003051053590001110001365500008
062003051053840012300000400500000
062003051053860001100000018000000
062003051059990000010027406400035
062003051059990000020023401000046
062003051059990026670000055800000
062003051053510000010019571600015
062003051053520000010000582700003
062003051053590000320000064700000
062003051053590012330001266300000
062003051053840000020011133600010
062003051059990012440000188100000
062003051053530026670000055800000
062003051053590026710000043000000
062003051053590026720000110800000
062003051053840000060016988700015
062003051053850000060002243200011
062003051053860000010000049800000
062003051053890012270000061600000
062003051059990012420000059000000
062003051053510012350000043100000
062003051053510026700000052100000
062003051053530000060000933500007
062003051053590012290000106100000
062003051053840012420000059000000
062003051053870000020000114800003
062003051053890000010006439800011
062003051053890000060019877800037
062003051053890012300000400500000
062003051059990012430000197600000
062003051053590000390000977000000
062003051053590026660000288800002
062003051053890000390001210500000
062003051059990000390002187500000
062003051059990000760001085300000
062003051059990012300000533000000
