102011051040139900252100013328001
102011051040139900307600087202010
102011051040139900320500046968005
102011051040299900307600024683004
102011051040299900320500011103001
102011051040539900307600022101002
102011051040539900320500021471001
102011051041009900307600014669002
102011051041009900320500011167001
102011051110049900307600028710003
102011051110049900320500012712001
102011051110069900252100013258001
102011051110069900307600018167001
102011051110069900320500025820001
102011051110129900307600033046002
102011051110129900320500013035001
102011051110159900307600019087001
102011051110159900320500020741002
102011051110209900171800013763001
102011051110209900307600046862003
102011051110209900320500015236001
102011051110279900283100015343001
102011051110279900307600019432002
102011051110279900320500009802001
102011051110319900307600018316001
102011051110319900320500021832002
102011051110329900307600011547001
102011051110329900320500014599002
102011051110339900307600016041002
102011051110339900320500014969001
102011051140029900307600005750001
102011051140029900320500010264001
102011051140079900320500006605001
102011051140139900307600006069001
102011051140219900252100034043002
102011051140219900307600089231007
102011051140219900320500034714002
102011051140219900369000024805002
102011051140389900307600012536001
102011051140389900320500014381001
102011051140429900252100010492001
102011051140429900320500010977001
102011051140529900307600009553001
102011051140539900307600010101001
102011051140539900320500014245001
102011051140549900307600010780001
102011051140549900320500010885001
102011051140559900307600005594001
102011051180239900307600011669001
102011051180239900320500014800001
102011051180879900252100034335002
102011051180879900307600124120008
102011051180879900320500094575006
102011051180899900307600012114001
102011051180899900320500011250001
102011051181229900307600014344001
102011051181229900320500020114001
102011051181409900307600021741002
102011051181409900320500015020001
102011051181479900307600010798001
102011051181479900320500013790001
102011051210079900307600006326001
102011051210079900320500012231001
102011051210109900307600013746002
102011051210109900320500012707002
102011051210419900252100010884001
102011051210419900307600045599006
102011051210419900320500036916005
102011051210509900307600008556001
102011051210509900320500008987001
102011051210549900307600013063002
102011051210549900320500016874002
102011051210729900307600010065001
102011051210729900320500011267002
102011051230029900307600009394001
102011051230029900320500011402001
102011051230059900307600016157001
102011051230059900320500018891002
102011051230099900320500007512001
102011051230249900307600012491001
102011051230249900320500012204001
102011051230289900307600006646001
102011051230289900320500010807001
102011051230509900307600049245004
102011051230509900320500041667004
102011051230559900307600011412001
102011051230559900320500011634001
102011051230609900307600011865001
102011051230609900320500011584001
102011051230929900307600009317001
102011051230929900320500015365002
102011051230959900307600013285001
102011051230959900320500016724001
102011051290159900307600018667001
102011051290159900320500025556001
102011051290679900252100039413002
102011051290679900307600177492009
102011051290679900320500092073005
102011051290699900252100013103001
102011051290699900307600073143006
102011051290699900320500035860002
102011051290849900320500011243001
102011051290949900307600030529002
102011051290949900320500019932001
102011051410249900307600012195001
102011051410249900320500012628001
102011051410329900320500006684001
102011051410399900320500011585001
102011051410559900320500012195001
102011051410609900320500008433001
102011051410659900320500013485001
102011051410689900252100013706001
102011051410689900320500023457001
102011051410919900252100060130002
102011051410919900283100032078001
102011051410919900307600247752008
102011051410919900320500209805007
102011051410959900252100020150001
102011051410959900307600032129001
102011051410959900320500053273002
102011051220489900287800005297001
102011051220489900307600012810003
102011051220489900318600014661004
102011051220669900318600002953001
102011051221129900307600005347001
102011051221129900318600005714002
102011051221259900287800006081001
102011051221259900307600015358004
102011051221259900318600015271004
102011051221309900287800003523001
102011051221309900307600004822001
102011051221309900318600005968002
102011051440139900245300003444001
102011051440139900287800007375002
102011051440139900307600010675004
102011051440139900318600009977003
102011051440509900287800003251001
102011051440509900307600002926001
102011051440509900318600004082002
102011051442169900287800005425002
102011051442169900307600014535005
102011051442169900318600010256004
102011051500679900287800005924001
102011051500679900307600009482002
102011051500679900318600009214001
102011051500749900318600004072001
102011051500949900318600004510001
102011051500959900307600006374001
102011051500959900318600008289002
102011051502519900307600005891001
102011051502519900318600004809001
102011051502979900115800036777001
102011051502979900245300027010001
102011051502979900287800027394001
102011051502979900307600155204008
102011051502979900318600114137005
102011051020039900307600059816008
102011051020039900318600042881005
102011051020089900307600005125001
102011051020099900307600011169001
102011051020099900318600011241002
102011051020379900307600013568002
102011051020379900318600014181002
102011051020699900307600016702002
102011051020699900318600013458002
102011051130059900307600030817003
102011051130059900318600025684003
102011051130349900307600046743005
102011051130349900318600033538003
102011051130399900307600009721001
102011051130399900318600006064001
102011051130539900307600012684001
102011051130539900318600011489001
102011051130719900307600021308002
102011051130719900318600021924003
102011051130879900307600009528001
102011051130879900318600012366002
102011051130939900318600008114001
102011051160789900307600023026005
102011051160789900318600023890005
102011051161349900307600012199003
102011051161349900318600011386002
102011051161909900307600012975003
102011051161909900318600011116002
102011051162039900307600013532003
102011051162039900318600012572002
102011051191309900245300007583001
102011051191309900307600054857008
102011051191309900318600041040006
102011051191909900307600002217002
102011051191909900318600002590002
102011051192579900307600003917003
102011051192579900318600003016003
102011051451219900307600013472001
102011051451219900318600011238001
102011051451249900307600019154001
102011051451249900318600019484002
102011051451429900307600014578001
102011051451429900318600012093001
102011051451659900307600041991003
102011051451659900318600034636003
102011051451689900307600067968006
102011051451689900318600056990005
102011051451739900307600023274002
102011051451739900318600020135001
102011051050149900307600011446003
102011051050149900318600006688002
102011051050169900307600008745002
102011051050169900318600003672001
102011051050199900249700003999001
102011051050199900307600028746009
102011051050199900318600012316003
102011051050199900378000005013001
102011051051869900307600007098002
102011051051869900318600002999001
102011051090189900307600010476002
102011051090189900318600007406001
102011051090569900307600003063001
102011051090599900307600054782009
102011051090599900318600029375005
102011051090599900378000010468001
102011051091949900307600004407001
102011051092199900307600008460002
102011051092199900318600007146001
102011051093309900307600004093001
102011051099039900307600006848001
102011051240089900307600011038001
102011051240089900318600008926001
102011051240109900307600011060001
102011051240569900307600003410001
102011051240899900307600059143007
102011051240899900318600041651005
102011051240899900371100011653001
102011051241159900307600032992004
102011051241159900318600028429003
102011051241399900307600002879001
102011051340179900307600002294001
102011051340229900307600002534001
102011051340479900307600003267001
102011051340569900307600008080003
102011051340569900318600003836001
102011051340729900307600003083001
102011051341209900249700004148001
102011051341209900307600028131008
102011051341209900318600021143006
102011051341579900307600004408001
102011051341579900318600002450001
102011051370469900307600010900002
102011051370469900318600006371001
102011051371079900307600009691002
102011051371079900318600006424001
102011051372469900307600007844001
102011051372469900318600005847001
102011051372749900307600071666010
102011051372749900318600039831005
102011051373769900307600007143001
102011051373769900318600004494001
102011051400639900307600008544003
102011051400639900318600003906001
102011051401709900307600001832001
102011051401859900307600005199002
102011051401859900318600003645001
102011051401949900307600025016008
102011051401949900318600020647007
102011051401959900307600004305001
102011051401959900318600002728001
102011051420209900307600003111002
102011051420209900318600002645002
102011051420209900337900001626001
102011051420439900307600004804004
102011051420439900318600001870001
102011051421739900307600014692008
102011051421739900318600014078007
102011051470859900307600013786005
102011051470859900318600009622003
102011051470869900307600006906002
102011051470869900318600004958001
102011051471869900249700022163001
102011051471869900307600120969010
102011051471869900318600072004005
102011051490219900307600011945003
102011051490219900318600007356002
102011051491669900307600003760001
102011051491669900318600002972001
102011051492199900307600005629001
102011051492199900318600004420001
102011051492509900307600003344001
102011051492759900021300004280001
102011051492759900249700006497001
102011051492759900307600034318009
102011051492759900318600018412004
102011051080069900139500019699001
102011051080069900327900018528001
102011051080199900139500187811006
102011051080199900159300037922001
102011051080199900238700076168002
102011051080199900307600139871004
102011051080199900327900176182005
102011051080229900139500010936001
102011051080969900139500029453001
102011051080969900327900039353002
102011051081019900139500029215001
102011051081019900238700031387001
102011051081019900307600043041001
102011051081019900327900078942003
102011051081029900139500016615001
102011051081139900139500024295001
102011051081139900327900013274001
102011051081219900139500032951002
102011051081219900327900021039001
102011051081879900139500029405001
102011051081879900238700022052001
102011051081879900327900057191002
102011051082119900139500028108001
102011051082119900327900041064002
102011051082799900139500041206002
102011051082799900307600019523001
102011051082799900327900035814001
102011051082989900139500021325001
102011051082989900159300012753001
102011051083059900139500014560001
102011051083079900327900014184001
102011051170229900139500014325002
102011051170229900159300007228001
102011051170229900327900013011002
102011051170669900139500020023003
102011051170669900159300006159001
102011051170669900327900008259001
102011051170799900139500032132004
102011051170799900159300014628002
102011051170799900327900015203002
102011051171149900139500011138002
102011051171419900139500010061001
102011051171809900139500017920003
102011051171809900159300008425001
102011051171809900327900011329002
102011051250409900139500013403002
102011051250409900159300007629001
102011051250409900327900007093001
102011051250589900139500004805001
102011051250729900139500007504002
102011051250729900327900003166001
102011051251209900139500024884004
102011051251209900159300007289001
102011051251209900307600010123002
102011051251209900327900026862005
102011051252039900139500004340001
102011051252079900139500004771001
102011051252099900139500002361001
102011051252349900139500003301001
102011051252439900138400002325001
102011051431239900139500029969003
102011051431239900159300009179001
102011051431239900307600009876001
102011051431239900327900020694002
102011051431489900139500020406003
102011051431489900307600012664001
102011051431489900327900024094003
102011051431559900139500028088003
102011051431559900159300015668001
102011051431559900327900016520002
102011051431619900139500013371002
102011051431639900139500016932003
102011051431639900327900012834002
102011051060119900307600017663001
102011051060119900318600018604002
102011051060159900307600046935004
102011051060159900318600030590003
102011051060369900318600009460001
102011051060449900307600014615001
102011051060449900318600013464001
102011051060509900318600005499001
102011051060639900318600008054001
102011051060709900318600007984001
102011051060749900318600009679001
102011051060839900307600030468003
102011051060839900318600028900002
102011051060959900318600008712001
102011051061539900307600010649001
102011051061539900318600015485001
102011051061589900307600017051001
102011051061589900318600014839001
102011051100379900307600043804005
102011051100379900318600029899004
102011051100679900307600014333002
102011051100679900318600014073001
102011051101319900307600014239002
102011051101319900318600012701001
102011051101489900307600030600003
102011051101489900318600024247003
102011051101959900307600015022002
102011051101959900318600012038001
102011051102039900318600003040001
102011051150099900294400011375001
102011051150099900307600021798001
102011051150199900101300011003001
102011051150199900307600021378001
102011051150289900294400009887001
102011051150289900307600010226001
102011051150309900101300020502001
102011051150309900294400044793003
102011051150309900307600072868006
102011051150369900101300014460001
102011051150369900294400025884002
102011051150369900307600037434002
102011051150579900101300012657001
102011051150579900307600029481002
102011051150789900101300028156001
102011051150789900294400041731002
102011051150789900307600069466004
102011051270169900294400005809001
102011051270169900307600008402001
102011051270189900294400002822001
102011051270289900101300009485001
102011051270289900294400034857005
102011051270289900307600045907006
102011051270309900101300010265001
102011051270309900294400014127002
102011051270309900307600024037003
102011051270319900294400006652001
102011051270319900307600011998001
102011051270659900294400006262001
102011051270659900307600012143001
102011051320069900307600005869001
102011051320099900294400006258001
102011051320099900307600006647001
102011051320199900294400006213001
102011051320199900307600010213001
102011051320549900101300019463002
102011051320549900294400033257005
102011051320549900307600056082008
102011051320639900307600005205001
102011051320699900294400003375001
102011051320699900307600005961001
102011051320859900307600012018002
102011051360069900294400013635001
102011051360069900307600032020002
102011051360179900307600009404001
102011051360249900307600015827001
102011051360389900101300041468002
102011051360389900294400025810001
102011051360389900307600060037004
102011051360429900307600016611001
102011051360559900101300013146001
102011051360559900307600026585002
102011051360579900101300022349001
102011051360579900294400060753004
102011051360579900307600079871006
102011051030099900307600028153001
102011051030099900318600017992001
102011051030149900307600106919005
102011051030149900318600054201003
102011051030639900307600029384002
102011051030639900318600019745001
102011051030659900307600080051004
102011051030659900318600058562002
102011051030669900307600044489002
102011051030669900318600027826001
102011051030999900307600055986003
102011051030999900318600031208002
102011051031399900307600033051002
102011051031399900318600023616001
102011051031409900307600017922001
102011051120039900307600003839001
102011051120409900099000008352001
102011051120409900307600063387008
102011051120409900318600038293004
102011051120729900307600005972001
102011051120809900318600002573001
102011051120829900307600034693003
102011051120829900318600021927002
102011051121009900307600004511001
102011051121049900307600006610001
102011051121389900307600015295002
102011051121389900318600008576001
102011051121409900307600003071001
102011051460179900307600043736001
102011051460179900318600024091001
102011051461319900307600036277001
102011051461319900318600029045001
102011051461459900307600037500001
102011051461459900318600024089001
102011051461479900307600041638001
102011051461479900318600024214001
102011051461849900307600016357001
102011051462139900307600029235001
102011051462209900307600034080001
102011051462209900318600023404001
102011051462359900307600018721001
102011051462509900099000066105001
102011051462509900165700052197001
102011051462509900307600378206011
102011051462509900318600203460005
