032019111010490490230000084900000
032019111010490490070002887000000
032019111010490490080002438200000
032019111010490490090001995600000
032019111010490490190000087800000
032019111010490490200000063300000
032019111010490490210000054100000
032019111010490490140000516300000
032019111010490490150000327200000
032019111010490490160000310000000
032019111010490490180000096400000
032019111010490490110002459200000
032019111010490490120002101900000
032019111010490490130002082600000
032019111010490490040010242800001
032019111010490490050009821300001
032019111010490490060008333700000
032019111010490490010008751900001
032019111010490490020008582700001
032019111010490490030008277400000
032019111010490490220000108300000
032019111010490490170000109100000
032019111010490490100007211900000
032019111011191190170000870300000
032019111011191190040006467200000
032019111011191190050005659100000
032019111011191190060004705800000
032019111011191190200001474400000
032019111011191190210000962100000
032019111011191190140001618500000
032019111011191190150001053800000
032019111011191190160001005600000
032019111011191190190000268800000
032019111011191190100008442100000
032019111011191190110007833400000
032019111011191190120008154300000
032019111011191190070015411500001
032019111011191190080014240000000
032019111011191190090011115500000
032019111011191190010018772200001
032019111011191190020017432400001
032019111011191190030017179700001
032019111011191190220000183100000
032019111011191190180000192200000
032019111011191190130011788800000
032019111011491490230000188400000
032019111011491490070004149300000
032019111011491490080003685000000
032019111011491490090003187100000
032019111011491490180000126200000
032019111011491490190000118700000
032019111011491490200000095200000
032019111011491490140000710700000
032019111011491490150000459800000
032019111011491490160000454100000
032019111011491490170000204200000
032019111011491490100005876000000
032019111011491490110005750900000
032019111011491490120005207000000
032019111011491490040013090000001
032019111011491490050012421700000
032019111011491490060010216900000
032019111011491490010014783800001
032019111011491490020014076800001
032019111011491490030014025200001
032019111011491490210000140000000
032019111011491490220000136300000
032019111011491490130007231400000
032019111011891890160000197900000
032019111011891890170000101100000
032019111011891890180000095300000
032019111011891890070004662800000
032019111011891890080003943800000
032019111011891890090003285600000
032019111011891890230001149600000
032019111011891890140000826100000
032019111011891890150000710300000
032019111011891890220000164800000
032019111011891890100005535800000
032019111011891890110004965700000
032019111011891890120004959900000
032019111011891890040013936100001
032019111011891890050013249500000
032019111011891890060011019500000
032019111011891890010016059600001
032019111011891890020015707100001
032019111011891890030015110800001
032019111011891890210000174700000
032019111011891890190000167300000
032019111011891890200000110800000
032019111011891890130008953000000
032019111012192190170000227800000
032019111012192190070002528900000
032019111012192190080001982300000
032019111012192190090001874200000
032019111012192190140000468400000
032019111012192190150000425800000
032019111012192190180000084800000
032019111012192190100002739300000
032019111012192190110002672100000
032019111012192190120002343900000
032019111012192190040004685500000
032019111012192190050005456400001
032019111012192190060004981800000
032019111012192190010009166200001
032019111012192190020008888700001
032019111012192190030008572700001
032019111012192190190000117700000
032019111012192190160000123200000
032019111012192190130005114400000
032019111012392390160000223000000
032019111012392390070003069800000
032019111012392390080002525800000
032019111012392390090002300200000
032019111012392390140000571700000
032019111012392390150000374200000
032019111012392390100003412600000
032019111012392390110003338600000
032019111012392390120003123100000
032019111012392390040010433700001
032019111012392390050009965400000
032019111012392390060008324700000
032019111012392390010014084400001
032019111012392390020013519200001
032019111012392390030013372800001
032019111012392390190000102300000
032019111012392390180000125600000
032019111012392390170000085500000
032019111012392390130006242200000
032019111012992990210000388500000
032019111012992990220000281300000
032019111012992990230000173000000
032019111012992990070007826800000
032019111012992990080006723200000
032019111012992990090005574900000
032019111012992990250001910300000
032019111012992990140002122000000
032019111012992990150001309800000
032019111012992990160001250200000
032019111012992990200000286300000
032019111012992990100009280700000
032019111012992990110008412900000
032019111012992990120007705800000
032019111012992990040021824400001
032019111012992990050019920300000
032019111012992990060016749800000
032019111012992990010022708400001
032019111012992990020022043600001
032019111012992990030020969200001
032019111012992990240000309900000
032019111012992990170000270900000
032019111012992990180000146800000
032019111012992990190000203600000
032019111012992990130014623300000
032019111014194190180000950200000
032019111014194190190000747800000
032019111014194190200000536800000
032019111014194190040009927900000
032019111014194190050008346100000
032019111014194190060007010800000
032019111014194190130003719300000
032019111014194190150002320900000
032019111014194190160001490900000
032019111014194190170001336700000
032019111014194190240000312500000
032019111014194190100014392900000
032019111014194190110013945000000
032019111014194190120012553700000
032019111014194190070025695000001
032019111014194190080023737600000
032019111014194190090019217200000
032019111014194190010037474100001
032019111014194190020036475200001
032019111014194190030034889000001
032019111014194190230000349400000
032019111014194190210000302600000
032019111014194190220000202400000
032019111014194190140016778700000
032019111022292290260000356200000
032019111022292290270000211900000
032019111022292290280000194100000
032019111022292290070001079100000
032019111022292290080000873600000
032019111022292290090000765100000
032019111022292290160000070900000
032019111022292290170000061100000
032019111022292290180000051600000
032019111022292290210000014000000
032019111022292290220000007300000
032019111022292290230000005000000
032019111022292290140000183500000
032019111022292290150000097700000
032019111022292290200000033800000
032019111022292290290000029100000
032019111022292290100001250600000
032019111022292290110001161400000
032019111022292290120001028500000
032019111022292290040003776900001
032019111022292290050003458600000
032019111022292290060003040500000
032019111022292290010003865000001
032019111022292290020003668600001
032019111022292290030003579100001
032019111022292290240000039200000
032019111022292290250000034800000
032019111022292290190000058500000
032019111022292290130001480500000
032019111024494490190000003000000
032019111024494490070000422700000
032019111024494490080000350100000
032019111024494490090000306900000
032019111024494490140000071300000
032019111024494490160000016200000
032019111024494490100000438900000
032019111024494490110000353800000
032019111024494490120000323900000
032019111024494490040002092500001
032019111024494490050001982000001
032019111024494490060001796900000
032019111024494490010001895000000
032019111024494490020001838200000
032019111024494490030001778800000
032019111024494490180000010300000
032019111024494490170000011000000
032019111024494490150000010600000
032019111024494490230002068600001
032019111024494490240001906000001
032019111024494490250001759400000
032019111024494490200000003600000
032019111024494490210000002100000
032019111024494490220000002200000
032019111024494490130000835700000
032019111025095090040005614600000
032019111025095090050004439500000
032019111025095090060003958300000
032019111025095090140000391300000
032019111025095090150000352700000
032019111025095090160000293400000
032019111025095090230000095600000
032019111025095090240000061000000
032019111025095090250000049800000
032019111025095090300000151400000
032019111025095090310001982600000
032019111025095090320001721000000
032019111025095090330001449600000
032019111025095090170000755600000
032019111025095090180000447400000
032019111025095090190000411500000
032019111025095090280000070300000
032019111025095090270000092900000
032019111025095090100005652500000
032019111025095090110005077100000
032019111025095090120004611300000
032019111025095090070016258000001
032019111025095090080015034400000
032019111025095090090012701800000
032019111025095090010016089300001
032019111025095090020015787300001
032019111025095090030015137800001
032019111025095090260000143600000
032019111025095090290000091500000
032019111025095090200000181300000
032019111025095090210000130600000
032019111025095090220000084300000
032019111025095090340000150900000
032019111025095090130008272400000
032019111033393390210000226200000
032019111033393390220000123900000
032019111033393390230000101700000
032019111033393390070004118400000
032019111033393390080003321800000
032019111033393390090002742500000
032019111033393390100001670400000
032019111033393390150000870600000
032019111033393390160000551000000
032019111033393390170000493500000
032019111033393390240000197300000
032019111033393390260000079600000
032019111033393390110008608500000
032019111033393390120007797900000
032019111033393390130007225500000
032019111033393390040015679900001
032019111033393390050015644000000
032019111033393390060013555400000
032019111033393390010018932500001
032019111033393390020018606300001
032019111033393390030018062200001
032019111033393390250000138600000
032019111033393390180000178800000
032019111033393390190000093400000
032019111033393390200000097400000
032019111033393390140008151900000
032019111040710710080002307600000
032019111033393390280000145100000
032019111033393390270000056800000
032019111040710710070002878200000
032019111040710710140002106700000
032019111040710710150001666000000
032019111040710710160000897800000
032019111040710710100000765100000
032019111040710710110000441100000
032019111040710710170000048100000
032019111040710710030005666900000
032019111040710710040004847600000
032019111040710710050009326600001
032019111040710710060008174100000
032019111040710710010009152200001
032019111040710710020008719600001
032019111040710710130000102500000
032019111040710710120000122500000
032019111040710710090005882200000
032019111040720720040000251500000
032019111040720720050000331000000
032019111040720720070000064500000
032019111040720720030000726600000
032019111040720720020001040600001
032019111040720720010001037600000
032019111040720720080000017500000
032019111040720720060000315500000
032019111040730730040000361800000
032019111040730730070000161200000
032019111040730730060000116600000
032019111040730730030000909400000
032019111040730730020001449200000
032019111040730730010001557400001
032019111040730730080000028300000
032019111040730730050000682200000
032019111053513510160000172000000
032019111053513510170000148900000
032019111053513510260000021100000
032019111053513510270000014100000
032019111053513510090002344900000
032019111053513510100002185000000
032019111053513510230000520100000
032019111053513510240000481100000
032019111053513510050004103900000
032019111053513510060003891700000
032019111053513510120000735800000
032019111053513510130000471400000
032019111053513510190000053700000
032019111053513510200000045700000
032019111053513510210000018100000
032019111053513510220000019900000
032019111053513510070004986400000
032019111053513510080004908500000
032019111053513510030009729800001
032019111053513510040008864400000
032019111053513510010011744100001
032019111053513510020011157600001
032019111053513510180000095300000
032019111053513510140000088400000
032019111053513510150000066200000
032019111053513510250000169300000
032019111053513510110004196700000
032019111053523520080000017200000
032019111053523520020000774700000
032019111053523520050000233300000
032019111053523520110000088100000
032019111053523520070000080000000
032019111053523520100000008300000
032019111053523520040000651800000
032019111053523520030000982100000
032019111053523520010001540000001
032019111053523520090000011300000
032019111053523520060000489800000
032019111053533530090000011800000
032019111053533530020000694100000
032019111053533530110000005000000
032019111053533530050000149900000
032019111053533530070000048300000
032019111053533530100000006500000
032019111053533530040000433600000
032019111053533530030000671600000
032019111053533530010000933600001
032019111053533530080000010600000
032019111053533530060000411800000
032019111053843840050006029100000
032019111053843840060005651200000
032019111053843840250000016800000
032019111053843840140000147100000
032019111053843840150000104800000
032019111053843840240000017900000
032019111053843840090002189700000
032019111053843840100001960500000
032019111053843840260000057200000
032019111053843840270000042300000
032019111053843840220000627600000
032019111053843840230000547300000
032019111053843840120000760000000
032019111053843840130000716800000
032019111053843840200000048200000
032019111053843840210000040200000
032019111053843840070005018100000
032019111053843840080004854300000
032019111053843840030009419500001
032019111053843840040008510900000
032019111053843840010011955700001
032019111053843840020011232700001
032019111053843840180000040200000
032019111053843840190000031100000
032019111053843840160000105700000
032019111053843840170000093300000
032019111053843840110004012700000
032019111053853850090000012500000
032019111053853850030000627700000
032019111053853850040000127900000
032019111053853850070000049700000
032019111053853850050000279600000
032019111053853850020001273500001
032019111053853850010001162100000
032019111053853850080000009900000
032019111053853850060000204600000
032019111053863860080000004600000
032019111053863860010000362800001
032019111053863860050000075700000
032019111053863860060000027000000
032019111053863860100000003100000
032019111053863860070000011100000
032019111053863860040000068900000
032019111053863860030000119700000
032019111053863860020000211200000
032019111053863860090000002300000
032019111053873870020000181800000
032019111053873870080000000700000
032019111053873870050000008200000
032019111053873870060000004200000
032019111053873870040000032400000
032019111053873870030000083300000
032019111053873870010000202500001
032019111053873870070000001500000
032019111063993990100001958000000
032019111063993990110001496900000
032019111063993990120001421300000
032019111063993990190000056300000
032019111063993990200000045700000
032019111063993990170000401100000
032019111063993990180000252200000
032019111063993990210000084100000
032019111063993990250000062100000
032019111063993990230000032000000
032019111063993990140002532300000
032019111063993990150002296800000
032019111063993990160002252800000
032019111063993990040010296600001
032019111063993990050009787200001
032019111063993990060008727400001
032019111063993990070006433900000
032019111063993990080005811800000
032019111063993990090005428300000
032019111063993990010008356100001
032019111063993990020007947300000
032019111063993990030007794100000
032019111063993990240000059400000
032019111063993990220000069400000
032019111063993990130004194100000
032019111070290290070001967200000
032019111070290290080001646100000
032019111070290290090001418500000
032019111070290290140000325100000
032019111070290290150000271100000
032019111070290290170000075100000
032019111070290290110001951600000
032019111070290290120001751000000
032019111070290290130001757700000
032019111070290290040007435700001
032019111070290290050007086900001
032019111070290290060006087100000
032019111070290290010006989200001
032019111070290290020006762500001
032019111070290290030006665500000
032019111070290290160000109800000
032019111070290290100003967800000
032019111071391390090001633300000
032019111070290290180000072500000
032019111071391390070002165000000
032019111071391390080001920000000
032019111071391390140000393100000
032019111071391390150000240200000
032019111071391390110002124200000
032019111071391390120001937700000
032019111071391390130001973200000
032019111071391390040009026100001
032019111071391390050008674800000
032019111071391390060007826900000
032019111071391390010009247200001
032019111071391390020009037400001
032019111071391390030008788600001
032019111071391390170000106000000
032019111071391390160000119900000
032019111071391390100004895600000
032019111071691690070000652700000
032019111071691690080000547400000
032019111071691690090000459200000
032019111071691690140000126500000
032019111071691690180000028800000
032019111071691690170000013400000
032019111071691690110000796900000
032019111071691690120000718700000
032019111071691690130000645800000
032019111071691690040004175400001
032019111071691690050004073200001
032019111071691690060003477400000
032019111071691690010004037200001
032019111071691690020003934000001
032019111071691690030003896500000
032019111071691690150000030100000
032019111071691690160000038700000
032019111071691690100001748200000
032019111071991990070001280600000
032019111071991990080001104000000
032019111071991990090000899800000
032019111071991990240000065400000
032019111071991990140000271600000
032019111071991990150000170600000
032019111071991990180000042500000
032019111071991990190000027700000
032019111071991990200000019500000
032019111071991990210000057600000
032019111071991990220000035400000
032019111071991990230000025300000
032019111071991990110001478300000
032019111071991990120001340500000
032019111071991990130001210900000
032019111071991990040004328100001
032019111071991990050004031000001
032019111071991990060003314400000
032019111071991990010004204800001
032019111071991990020004029500001
032019111071991990030003900400000
032019111071991990170000066500000
032019111071991990160000065300000
032019111071991990100002880200000
032019111074594590070003215200000
032019111074594590080002570100000
032019111074594590090002329200000
032019111074594590140000560600000
032019111074594590150000356900000
032019111074594590200000104900000
032019111074594590110003209600000
032019111074594590120002911100000
032019111074594590130002868200000
032019111074594590040012680300001
032019111074594590050012215200001
032019111074594590060010169900000
032019111074594590010011756700001
032019111074594590020011544400001
032019111074594590030011339000000
032019111074594590170000136800000
032019111074594590180000066800000
032019111074594590190000062200000
032019111074594590160000111900000
032019111074594590100007263200000
032019111080590590070000768200000
032019111080590590080000616700000
032019111080590590090000553300000
032019111080590590180000039800000
032019111080590590140000086500000
032019111080590590150000075500000
032019111080590590220000013100000
032019111080590590110000646700000
032019111080590590120000548200000
032019111080590590130000501300000
032019111080590590010003786500001
032019111080590590020003463500001
032019111080590590030003341900001
032019111080590590040002377300001
032019111080590590050002229100000
032019111080590590060002158500000
032019111080590590170000029000000
032019111080590590160000028500000
032019111080590590100001496900000
032019111080590590190000862100000
032019111080590590200000688500000
032019111080590590210000583400000
032019111080990990070002070600000
032019111080990990080001677800000
032019111080990990090001607000000
032019111080990990140000286500000
032019111080990990150000252400000
032019111080990990100002074400000
032019111080990990110001850100000
032019111080990990120001875400000
032019111080990990040006787800001
032019111080990990050006774200001
032019111080990990060006048000000
032019111080990990010006513800001
032019111080990990020006403300001
032019111080990990030006060200000
032019111080990990180000145600000
032019111080990990160000154100000
032019111080990990170000117800000
032019111080990990130002793800000
032019111082492490070002082100000
032019111082492490080001621500000
032019111082492490090001470500000
032019111082492490170000336300000
032019111082492490180000190500000
032019111082492490190000170500000
032019111082492490100002349800000
032019111082492490110002143800000
032019111082492490120002141000000
032019111082492490040008562700001
032019111082492490050008566600001
032019111082492490060007547200000
032019111082492490140000178100000
032019111082492490150000085000000
032019111082492490160000062400000
032019111082492490010008806900001
032019111082492490020008632700001
032019111082492490030008316200000
032019111082492490200000078400000
032019111082492490210000049000000
032019111082492490220001573500000
032019111082492490230001253800000
032019111082492490240001012100000
032019111082492490130003491900000
032019111083493490180000036700000
032019111083493490070000735300000
032019111083493490080000594100000
032019111083493490090000549800000
032019111083493490140000123500000
032019111083493490150000072000000
032019111083493490110000765400000
032019111083493490120000733900000
032019111083493490130000645100000
032019111083493490010003860900001
032019111083493490020003737500001
032019111083493490030003426100001
032019111083493490040003189000001
032019111083493490050003066900000
032019111083493490060003005100000
032019111083493490170000051300000
032019111083493490160000061600000
032019111083493490100001207100000
032019111083793790240000031600000
032019111083793790250000026100000
032019111083793790260000015900000
032019111083793790070002010000000
032019111083793790080001757500000
032019111083793790090001500400000
032019111083793790140000194000000
032019111083793790150000177400000
032019111083793790100001352000000
032019111083793790110001327800000
032019111083793790120001109100000
032019111083793790010008038100001
032019111083793790020007697800001
032019111083793790030006966300001
032019111083793790160000074900000
032019111083793790170000048900000
032019111083793790180000041700000
032019111083793790040005700000001
032019111083793790050005425400000
032019111083793790060005333900000
032019111083793790190000068300000
032019111083793790200000047300000
032019111083793790210000073000000
032019111083793790220000048200000
032019111083793790230000040500000
032019111083793790130002938800000
032019111084094090140000073400000
032019111084094090070000860200000
032019111084094090080000683600000
032019111084094090090000585500000
032019111084094090150000107500000
032019111084094090160000062600000
032019111084094090170000056000000
032019111084094090200000037400000
032019111084094090210000011900000
032019111084094090110000793200000
032019111084094090120000680800000
032019111084094090130000643000000
032019111084094090010003334000001
032019111084094090020003224500001
032019111084094090030002794300001
032019111084094090040002589100001
032019111084094090050002456800000
032019111084094090060002374200000
032019111084094090190000037800000
032019111084094090180000051800000
032019111084094090100001287100000
032019111084294290070000306300000
032019111084294290080000245400000
032019111084294290090000203100000
032019111084294290170000054100000
032019111084294290100000356600000
032019111084294290110000323700000
032019111084294290120000272800000
032019111084294290040001629900001
032019111084294290050001606000001
032019111084294290060001419200000
032019111084294290140000270200000
032019111084294290150000247400000
032019111084294290160000183900000
032019111084294290010001626300001
032019111084294290020001517500001
032019111084294290030001461200000
032019111084294290190000022500000
032019111084294290180000026300000
032019111084294290130000548000000
032019111084794790070003336200000
032019111084794790080002634200000
032019111084794790090002425800000
032019111084794790210000091300000
032019111084794790220000066800000
032019111084794790140000434900000
032019111084794790150000278200000
032019111084794790200000106200000
032019111084794790110003221500000
032019111084794790120002768300000
032019111084794790130002708300000
032019111084794790040011482300001
032019111084794790050010890600001
032019111084794790060009438200000
032019111084794790010009637800001
032019111084794790020009459700001
032019111084794790030009017100000
032019111084794790190000135000000
032019111084794790160000131400000
032019111084794790170000131700000
032019111084794790180000099000000
032019111084794790100005095000000
032019111084994990070000917800000
032019111084994990080000757800000
032019111084994990090000658500000
032019111084994990170000117000000
032019111084994990110000720600000
032019111084994990120000606900000
032019111084994990130000578300000
032019111084994990010003602500001
032019111084994990020003557100001
032019111084994990030003342300001
032019111084994990140000073200000
032019111084994990150000041500000
032019111084994990160000029300000
032019111084994990040003268300001
032019111084994990050003164300000
032019111084994990060003053700000
032019111084994990190000041700000
032019111084994990180000041700000
032019111084994990200000082400000
032019111084994990210000048900000
032019111084994990220000044900000
032019111084994990100001482900000
032019111090890890130019424000000
032019111090890890140017668700000
032019111090890890150015612400000
032019111090890890070048535400000
032019111090890890080036772800000
032019111090890890090034295600000
032019111090890890010084287500001
032019111090890890020071119500001
032019111090890890030062070300001
032019111090890890300001413900000
032019111090890890280000248800000
032019111090890890100044734300000
032019111090890890110035789400000
032019111090890890120029117600000
032019111090890890290004044200000
032019111090890890200007633000000
032019111090890890210006046400000
032019111090890890220004144500000
032019111090890890260001454500000
032019111090890890270000707400000
032019111090890890160027588700000
032019111090890890170025537700000
032019111090890890180022460700000
032019111090890890040063389000001
032019111090890890050059914400000
032019111090890890060057549800000
032019111090890890310000395500000
032019111090890890230001226600000
032019111090890890240000750200000
032019111090890890250000558000000
032019111090890890190015024500000
032019111091791790090002421400000
032019111091791790160001584300000
032019111091791790170001364500000
032019111091791790070003530800000
032019111091791790080002887300000
032019111091791790180001227100000
032019111091791790010011666400001
032019111091791790020010452900001
032019111091791790030009028200000
032019111091791790230000057900000
032019111091791790040011035100001
032019111091791790050009423600001
032019111091791790060008766400000
032019111091791790190000854300000
032019111091791790200000653200000
032019111091791790220000182900000
032019111091791790260000130100000
032019111091791790130002193800000
032019111091791790140001973100000
032019111091791790150001763300000
032019111091791790100005003800000
032019111091791790110004793700000
032019111091791790120004623600000
032019111091791790250000118300000
032019111091791790210000132200000
032019111091791790240001491100000
032019111092592590100000841400000
032019111092592590110000692400000
032019111092592590120000638600000
032019111092592590130001690400000
032019111092592590140001348300000
032019111092592590150001202300000
032019111092592590010007841100001
032019111092592590020007108400001
032019111092592590030006606700001
032019111092592590250000020500000
032019111092592590040005369100001
032019111092592590050004786400000
032019111092592590060004368500000
032019111092592590200000380400000
032019111092592590210000213000000
032019111092592590220000098800000
032019111092592590260000064500000
032019111092592590160001693600000
032019111092592590170001606200000
032019111092592590180001458700000
032019111092592590070002907100000
032019111092592590080002798300000
032019111092592590090002660700000
032019111092592590240000050700000
032019111092592590230000059400000
032019111092592590190000787900000
032019111094394390100002585700000
032019111094394390110002226600000
032019111094394390120002029900000
032019111094394390130004292200000
032019111094394390140003793100000
032019111094394390150003267700000
032019111094394390010012062200001
032019111094394390020011351200001
032019111094394390030010483500001
032019111094394390260000058300000
032019111094394390070005817600000
032019111094394390080005094200000
032019111094394390090004646000000
032019111094394390200000974700000
032019111094394390210000602100000
032019111094394390220000575400000
032019111094394390230000166200000
032019111094394390270000103300000
032019111094394390160003711000000
032019111094394390170003410600000
032019111094394390180002957600000
032019111094394390040007119900001
032019111094394390050006713200000
032019111094394390060006635300000
032019111094394390250000113500000
032019111094394390240000134400000
032019111094394390190002560400000
032019111100690690070003419100000
032019111100690690080003063600000
032019111100690690090002743400000
032019111100690690140000479000000
032019111100690690150000296700000
032019111100690690110003139400000
032019111100690690120002845200000
032019111100690690130002695200000
032019111100690690040011053800001
032019111100690690050010462500000
032019111100690690060009519600000
032019111100690690010014168700001
032019111100690690020013668700001
032019111100690690030013638900001
032019111100690690160000181500000
032019111100690690170000167500000
032019111100690690100005606600000
032019111101091090070001815500000
032019111101091090080001547700000
032019111101091090090001386800000
032019111101091090140000286400000
032019111101091090170000322100000
032019111101091090180000202300000
032019111101091090190000177700000
032019111101091090150000175600000
032019111101091090100001983300000
032019111101091090110001826400000
032019111101091090120001670300000
032019111101091090040007021800001
032019111101091090050006835000000
032019111101091090060006160900000
032019111101091090010008327100001
032019111101091090020008228000001
032019111101091090030007973800001
032019111101091090200000069100000
032019111101091090160000081600000
032019111101091090130003185500000
032019111111591590140007482300000
032019111111591590150006186400000
032019111111591590160005517000000
032019111111591590110003295300000
032019111111591590120002628500000
032019111111591590130002401100000
032019111111591590100001755200000
032019111111591590180001003000000
032019111111591590190000624700000
032019111111591590200000594800000
032019111111591590220000210900000
032019111111591590070007267600000
032019111111591590080006053800000
032019111111591590090005414300000
032019111111591590040019753200001
032019111111591590050018844800001
032019111111591590060018128100001
032019111111591590010018501500001
032019111111591590020017645800000
032019111111591590030016742800000
032019111111591590230000169900000
032019111111591590210000237500000
032019111111591590170004090600000
032019111112792790130001748800000
032019111112792790140001371900000
032019111112792790150001241500000
032019111112792790210000025700000
032019111112792790100000664700000
032019111112792790110000520900000
032019111112792790120000506700000
032019111112792790170000222500000
032019111112792790180000189100000
032019111112792790190000063200000
032019111112792790070001494500000
032019111112792790080001233700000
032019111112792790090001085300000
032019111112792790010006969200001
032019111112792790020006770100001
032019111112792790030006567200001
032019111112792790040005528400001
032019111112792790050005365800000
032019111112792790060005137100000
032019111112792790220000043200000
032019111112792790200000065400000
032019111112792790160001162200000
032019111113293290130001433900000
032019111113293290140001294400000
032019111113293290150001036200000
032019111113293290100000775600000
032019111113293290110000588800000
032019111113293290120000540700000
032019111113293290160000275800000
032019111113293290170000163600000
032019111113293290200000061500000
032019111113293290070001195400000
032019111113293290080001075900000
032019111113293290090000890300000
032019111113293290010006834900001
032019111113293290020006668200001
032019111113293290030006423300001
032019111113293290040005357200001
032019111113293290050005124800000
032019111113293290060004872700000
032019111113293290210000072800000
032019111113293290180000075700000
032019111113293290190001057700000
032019111113693690110002767700000
032019111113693690120002237700000
032019111113693690130002067400000
032019111113693690240000133600000
032019111113693690140005314200000
032019111113693690150004680800000
032019111113693690160003887400000
032019111113693690250000104800000
032019111113693690260000083700000
032019111113693690100001478500000
032019111113693690180000946400000
032019111113693690190000581400000
032019111113693690200000593600000
032019111113693690230000187500000
032019111113693690070007469800000
032019111113693690080006112600000
032019111113693690090005783500000
032019111113693690040015875500001
032019111113693690050015443400001
032019111113693690060014610200000
032019111113693690010016470500001
032019111113693690020016044600001
032019111113693690030015129900000
032019111113693690270000122100000
032019111113693690210000154700000
032019111113693690220000117600000
032019111113693690170003151700000
032019111122892890040040442800000
032019111122892890050030716100000
032019111122892890060026884200000
032019111122892890250019451000000
032019111122892890140008177400000
032019111122892890150004743300000
032019111122892890160004063100000
032019111122892890260001066000000
032019111122892890270000496800000
032019111122892890280000451500000
032019111122892890200001389300000
032019111122892890210000574300000
032019111122892890220000529300000
032019111122892890230000137900000
032019111122892890100050945900000
032019111122892890110044439500000
032019111122892890120036726500000
032019111122892890010122620500001
032019111122892890020115352600001
032019111122892890030095603100000
032019111122892890070105858300001
032019111122892890080096234700001
032019111122892890090093105000000
032019111122892890240001265900000
032019111122892890170000982800000
032019111122892890180000509700000
032019111122892890190000495100000
032019111122892890130058938900000
032019111133193190150005850300000
032019111133193190160005538100000
032019111133193190170005265300000
032019111133193190180002061100000
032019111133193190190001636800000
032019111133193190200001509700000
032019111133193190010010298800001
032019111133193190020010442400001
032019111133193190030010194500001
032019111133193190080000503000000
032019111133193190090000297200000
032019111133193190210000120700000
032019111133193190120004706900000
032019111133193190130004006600000
032019111133193190140003734100000
032019111133193190040008280900001
032019111133193190050008063500000
032019111133193190060007658800000
032019111133193190110000242500000
032019111133193190100000227800000
032019111133193190070001824300000
032019111140190190160000317300000
032019111140190190170000262400000
032019111140190190180000229200000
032019111140190190010004440900001
032019111140190190020004144700001
032019111140190190030004041400001
032019111140190190100002872600000
032019111140190190110002642800000
032019111140190190120002595200000
032019111140190190200000222600000
032019111140190190210000140600000
032019111140190190240000057600000
032019111140190190070002492700000
032019111140190190080002167200000
032019111140190190090002101700000
032019111140190190130002654400000
032019111140190190140002570900000
032019111140190190150002407300000
032019111140190190040003720400001
032019111140190190050003549600000
032019111140190190060003483200000
032019111140190190230000079800000
032019111140190190220000093100000
032019111140190190190000573500000
032019111142092090160000479600000
032019111142092090170000392700000
032019111142092090180000366200000
032019111142092090010012048100001
032019111142092090020011720500001
032019111142092090030011512000001
032019111142092090220000076400000
032019111142092090230000062000000
032019111142092090240000057900000
032019111142092090040010275900001
032019111142092090050010120600000
032019111142092090060009845000000
032019111142092090250000080100000
032019111142092090190000332700000
032019111142092090200000298400000
032019111142092090100004651100000
032019111142092090110004569400000
032019111142092090120004169900000
032019111142092090130002568000000
032019111142092090140002479900000
032019111142092090150002299100000
032019111142092090070006717700000
032019111142092090080006622400000
032019111142092090090006427000000
032019111142092090270000096400000
032019111142092090260000108400000
032019111142092090210000594600000
032019111144894890160000835000000
032019111144894890170000711400000
032019111144894890180000654200000
032019111144894890010023030400001
032019111144894890020022290400001
032019111144894890030022015600001
032019111144894890100010174100000
032019111144894890110009657300000
032019111144894890120009462100000
032019111144894890300001005400000
032019111144894890200000618500000
032019111144894890210000418300000
032019111144894890220000377200000
032019111144894890310000108500000
032019111144894890070008174300000
032019111144894890080007612200000
032019111144894890090007684100000
032019111144894890130005976100000
032019111144894890140005756400000
032019111144894890150005400800000
032019111144894890040012037100001
032019111144894890050011748300000
032019111144894890060011388500000
032019111144894890260000110300000
032019111144894890230000127700000
032019111144894890240000094900000
032019111144894890250000061600000
032019111144894890270000041100000
032019111144894890280000032500000
032019111144894890290000023800000
032019111144894890190001272800000
032019111153093090080005709400000
032019111153093090260000070200000
032019111153093090270000049100000
032019111153093090070006659000000
032019111153093090090004769500000
032019111153093090250000042800000
032019111153093090240000093100000
032019111153093090290001632400000
032019111153093090140001370600000
032019111153093090150000867500000
032019111153093090160000753800000
032019111153093090230000146700000
032019111153093090110006236000000
032019111153093090120005571200000
032019111153093090130004771600000
032019111153093090010024709800001
032019111153093090020023570800001
032019111153093090030019681000001
032019111153093090040018234700000
032019111153093090050017793900000
032019111153093090060016825300000
032019111153093090280000128300000
032019111153093090200000176600000
032019111153093090210000090100000
032019111153093090220000091500000
032019111153093090170000600500000
032019111153093090180000409400000
032019111153093090190000278900000
032019111153093090100018263800001
032019111162692690070001352900000
032019111162692690080001178500000
032019111162692690090001020400000
032019111162692690160000078000000
032019111162692690170000058500000
032019111162692690140000229600000
032019111162692690150000138300000
032019111162692690100001535200000
032019111162692690110001468600000
032019111162692690120001295100000
032019111162692690040006177900001
032019111162692690050005958200001
032019111162692690060005517200000
032019111162692690010005800900001
032019111162692690020005587600001
032019111162692690030005503800000
032019111162692690190000081300000
032019111162692690180000106300000
032019111162692690130001719600000
032019111170390390200000549300000
032019111170390390070008604300000
032019111170390390080006715900000
032019111170390390090006095000000
032019111170390390250000344900000
032019111170390390140004153900000
032019111170390390150003233400000
032019111170390390160002804600000
032019111170390390170001851700000
032019111170390390180001101900000
032019111170390390190001016600000
032019111170390390240000249000000
032019111170390390260000114600000
032019111170390390100009952200000
032019111170390390110008778800000
032019111170390390120007948100000
032019111170390390040026225600001
032019111170390390050024732800001
032019111170390390060020980800000
032019111170390390010024432700001
032019111170390390020023863100001
032019111170390390030022749000000
032019111170390390270000169000000
032019111170390390210000188300000
032019111170390390220000141200000
032019111170390390230000072800000
032019111170390390130015088800000
032019111171291290280000026800000
032019111171291290070002503600000
032019111171291290080002199400000
032019111171291290090001781700000
032019111171291290200000284000000
032019111171291290250000062500000
032019111171291290260000038900000
032019111171291290270000016500000
032019111171291290140002043900000
032019111171291290150001549100000
032019111171291290160001565800000
032019111171291290170000511500000
032019111171291290180000295800000
032019111171291290190000283900000
032019111171291290210000067400000
032019111171291290100003423800000
032019111171291290110002974000000
032019111171291290120003020200000
032019111171291290040008835000001
032019111171291290050008391500001
032019111171291290060007341100000
032019111171291290010008709200001
032019111171291290020008584100001
032019111171291290030008181100000
032019111171291290240000068700000
032019111171291290220000089900000
032019111171291290230000040700000
032019111171291290130004780600000
032019111174694690270000081700000
032019111174694690200000760600000
032019111174694690290000063500000
032019111174694690300000044000000
032019111174694690310000052300000
032019111174694690070012607200000
032019111174694690080010398400000
032019111174694690090010182700000
032019111174694690250000560500000
032019111174694690140012834900000
032019111174694690150010008800000
032019111174694690160009266300000
032019111174694690170002635700000
032019111174694690180002217500000
032019111174694690190001554000000
032019111174694690260000178200000
032019111174694690100018239200000
032019111174694690110015682400000
032019111174694690120014033100000
032019111174694690040039221000001
032019111174694690050036938500001
032019111174694690060032379900000
032019111174694690010039298700001
032019111174694690020038288200001
032019111174694690030036765700000
032019111174694690280000124600000
032019111174694690220000347700000
032019111174694690230000187700000
032019111174694690240000133500000
032019111174694690210000705800000
032019111174694690320000040100000
032019111174694690130021954800000
032019111185195190060000152100000
032019111185195190070000112900000
032019111185195190120000069400000
032019111185195190130000074500000
032019111185195190080000115800000
032019111185195190090000102500000
032019111185195190040001007100001
032019111185195190050000755700000
032019111185195190010000938300000
032019111185195190020000921000000
032019111185195190110000009100000
032019111185195190100000018300000
032019111185195190030001128400001
032019111195295290030000895300000
032019111195295290040000847400000
032019111195295290080000149400000
032019111195295290090000095600000
032019111195295290100000072400000
032019111195295290110000069600000
032019111195295290010001016300001
032019111195295290020000908000001
032019111195295290050000486200000
032019111195295290060000446400000
032019111195295290130000005500000
032019111195295290120000003200000
032019111195295290140000009800000
032019111195295290150000007100000
032019111195295290070000534500000
