061995051350019900000100001239000
061995051350019900000200001426000
061995051350019900008200000001000
061995051350019900009600000001000
061995051350019900011200000081000
061995051350019900012800000454000
061995051350019900018500000026000
061995051350019900018600000030000
061995051350019900018700000019000
061995051350029900000100000991000
061995051350029900000200003150000
061995051350029900008200000011000
061995051350029900009600000018000
061995051350029900011200000497000
061995051350029900012800004520000
061995051350029900018500000036000
061995051350029900018600000122000
061995051350029900018700000089000
061995051350039900000100000256000
061995051350039900000200000209000
061995051350039900007400000437000
061995051350039900009600000000000
061995051350039900011200000025000
061995051350039900012800000707000
061995051350049900000100004989000
061995051350049900000200002244000
061995051350049900009600000577000
061995051350049900011200000592000
061995051350049900012800001305000
061995051350049900016300000424000
061995051350049900016800000220000
061995051350049900038600005116000
061995051350059900000100000337000
061995051350059900000200000335000
061995051350059900008200000000000
061995051350059900009600000002000
061995051350059900011200000015000
061995051350059900012800000249000
061995051350059900018500000005000
061995051350059900018600000010000
061995051350059900018700000005000
061995051350069900000100005311000
061995051350069900000200004546000
061995051350069900008200000019000
061995051350069900009600000327000
061995051350069900011200000515000
061995051350069900012800006014000
061995051350069900018500000042000
061995051350069900018600000305000
061995051350069900018700000620000
061995051350079900000100000000000
061995051350079900000200000000000
061995051350079900007400000000000
061995051350079900009600000000000
061995051350079900011200000000000
061995051350079900012800000000000
061995051350089900000100000743000
061995051350089900000200001082000
061995051350089900008200000003000
061995051350089900009600000029000
061995051350089900011200000080000
061995051350089900012800002039000
061995051350089900018500000005000
061995051350089900018600000030000
061995051350089900018700000041000
061995051350099900000100005710000
061995051350099900000200003389000
061995051350099900008200000020000
061995051350099900009600000038000
061995051350099900011200000475000
061995051350099900012800002919000
061995051350099900018500000045000
061995051350099900018600000320000
061995051350099900018700000471000
061995051350109900000100000324000
061995051350109900000200000096000
061995051350109900009600000022000
061995051350109900011200000019000
061995051350109900012800000857000
061995051350109900016300000022000
061995051350109900016800000008000
061995051350109900038600000632000
061995051350119900000100004564000
061995051350119900000200004097000
061995051350119900008200000021000
061995051350119900009600000022000
061995051350119900011200000505000
061995051350119900012800002056000
061995051350119900018500000028000
061995051350119900018600000919000
061995051350119900018700000160000
061995051350129900000100000602000
061995051350129900000200001155000
061995051350129900008200000011000
061995051350129900009600000011000
061995051350129900011200000093000
061995051350129900012800002943000
061995051350129900018500000020000
061995051350129900018600000142000
061995051350129900018700000103000
061995051350139900000100000868000
061995051350139900000200001880000
061995051350139900008200000008000
061995051350139900009600000015000
061995051350139900011200000222000
061995051350139900012800001640000
061995051350139900018500000014000
061995051350139900018600000345000
061995051350139900018700000114000
061995051350149900000100000603000
061995051350149900000200001408000
061995051350149900007400000484000
061995051350149900009600000007000
061995051350149900011200000085000
061995051350149900012800000758000
061995051350159900000100000738000
061995051350159900000200000379000
061995051350159900007400000555000
061995051350159900009600000003000
061995051350159900011200000038000
061995051350159900012800001423000
061995051350169900000100027989000
061995051350169900000200084647000
061995051350169900008200000504000
061995051350169900009600000744000
061995051350169900011200011306000
061995051350169900012800029287000
061995051350169900018500001014000
061995051350169900018600004085000
061995051350169900018700010862000
061995051350179900000100001843000
061995051350179900000200001560000
061995051350179900007400001995000
061995051350179900009600000043000
061995051350179900011200000211000
061995051350179900012800002584000
061995051350189900000100000718000
061995051350189900000200000638000
061995051350189900009600000185000
061995051350189900011200000173000
061995051350189900012800000744000
061995051350189900016300000087000
061995051350189900016800000022000
061995051350189900038600001129000
061995051350199900000100003556000
061995051350199900000200003638000
061995051350199900008200000022000
061995051350199900009600000067000
061995051350199900011200000478000
061995051350199900012800007331000
061995051350199900018500000057000
061995051350199900018600000186000
061995051350199900018700000144000
061995051350209900000100001568000
061995051350209900000200000832000
061995051350209900008200000005000
061995051350209900009600000007000
061995051350209900011200000131000
061995051350209900012800002586000
061995051350209900018500000009000
061995051350209900018600000012000
061995051350209900018700000016000
061995051350219900000100001281000
061995051350219900000200003406000
061995051350219900008200000015000
061995051350219900009600000023000
061995051350219900011200000312000
061995051350219900012800002250000
061995051350219900018500000056000
061995051350219900018600000704000
061995051350219900018700000387000
061995051350229900000100001809000
061995051350229900000200005835000
061995051350229900008200000026000
061995051350229900009600000039000
061995051350229900011200000508000
061995051350229900012800009373000
061995051350229900018500000494000
061995051350229900018600000117000
061995051350229900018700000362000
061995051350239900000100002555000
061995051350239900000200002412000
061995051350239900008200000011000
061995051350239900009600000021000
061995051350239900011200000175000
061995051350239900012800002220000
061995051350239900018500000022000
061995051350239900018600000284000
061995051350239900018700000290000
061995051350249900000100000848000
061995051350249900000200000390000
061995051350249900009600000047000
061995051350249900011200000115000
061995051350249900012800000536000
061995051350249900016300000395000
061995051350249900016800000016000
061995051350249900038600002047000
061995051350259900000100000184000
061995051350259900000200000836000
061995051350259900008200000002000
061995051350259900009600000002000
061995051350259900011200000035000
061995051350259900012800000256000
061995051350259900018500000007000
061995051350259900018600000244000
061995051350259900018700000023000
061995051350269900000100003358000
061995051350269900000200015198000
061995051350269900008200000078000
061995051350269900009600000101000
061995051350269900011200001464000
061995051350269900012800016493000
061995051350269900018500000322000
061995051350269900018600002358000
061995051350269900018700001267000
061995051350279900000100002424000
061995051350279900000200002669000
061995051350279900008200000003000
061995051350279900009600000013000
061995051350279900011200000176000
061995051350279900012800001179000
061995051350279900018500000017000
061995051350279900018600000179000
061995051350279900018700000128000
061995051350289900000100001283000
061995051350289900000200000998000
061995051350289900009600000096000
061995051350289900011200000151000
061995051350289900012800000204000
061995051350289900016300000029000
061995051350289900016800000056000
061995051350289900038600000722000
061995051350299900000100000494000
061995051350299900000200000212000
061995051350299900009600000031000
061995051350299900011200000042000
061995051350299900012800000659000
061995051350299900016300000011000
061995051350299900016800000002000
061995051350299900038600000587000
061995051350309900000100000684000
061995051350309900000200000580000
061995051350309900007400001003000
061995051350309900009600000028000
061995051350309900011200000098000
061995051350309900012800001589000
061995051350319900000100000198000
061995051350319900000200001227000
061995051350319900008200000016000
061995051350319900009600000010000
061995051350319900011200000100000
061995051350319900012800002538000
061995051350319900018500000049000
061995051350319900018600000031000
061995051350319900018700000046000
061995051350329900000100001051000
061995051350329900000200001148000
061995051350329900008200000003000
061995051350329900009600000004000
061995051350329900011200000080000
061995051350329900012800000262000
061995051350329900018500000006000
061995051350329900018600000015000
061995051350329900018700000014000
061995051350339900000100000654000
061995051350339900000200001079000
061995051350339900008200000007000
061995051350339900009600000007000
061995051350339900011200000134000
061995051350339900012800002408000
061995051350339900018500000057000
061995051350339900018600000094000
061995051350339900018700000073000
061995051350349900000100000317000
061995051350349900000200000341000
061995051350349900009600000013000
061995051350349900011200000039000
061995051350349900012800000674000
061995051350349900016300000002000
061995051350349900016800000001000
061995051350349900038600000349000
061995051380019900000100002985000
061995051380019900000200000656000
061995051380019900008200000006000
061995051380019900009600000026000
061995051380019900010700000015000
061995051380019900010900000011000
061995051380019900011200000104000
061995051380019900011800000003000
061995051380019900013800000001000
061995051380019900018200000015000
061995051380019900019800001485000
061995051380029900000100000438000
061995051380029900000200000147000
061995051380029900011200000012000
061995051380029900012800000216000
061995051380039900000100000308000
061995051380039900000200000012000
061995051380039900011200000093000
061995051380039900012800000373000
061995051380049900000100000722000
061995051380049900000200000133000
061995051380049900008200000002000
061995051380049900009600000003000
061995051380049900010700000007000
061995051380049900010900000007000
061995051380049900011200000135000
061995051380049900011800000003000
061995051380049900013800000001000
061995051380049900018200000012000
061995051380049900019800002028000
061995051380059900000100001136000
061995051380059900000200000125000
061995051380059900008200000001000
061995051380059900009600000001000
061995051380059900010700000001000
061995051380059900010900000012000
061995051380059900011200000048000
061995051380059900011800000001000
061995051380059900013800000001000
061995051380059900018200000005000
061995051380059900019800001583000
061995051380069900000100003537000
061995051380069900000200002191000
061995051380069900008200000018000
061995051380069900009600000740000
061995051380069900010700000030000
061995051380069900010900000040000
061995051380069900011200000368000
061995051380069900011800000014000
061995051380069900013800000067000
061995051380069900018200000087000
061995051380069900019800003525000
061995051380079900000100000831000
061995051380079900000200000294000
061995051380079900009600000002000
061995051380079900011200000032000
061995051380079900012800000262000
061995051380089900000100001254000
061995051380089900000200000495000
061995051380089900009600000016000
061995051380089900011200000134000
061995051380089900012800001077000
061995051380099900000100000501000
061995051380099900000200000529000
061995051380099900009600000008000
061995051380099900011200000077000
061995051380099900012800000765000
061995051380109900000100001702000
061995051380109900000200000520000
061995051380109900008200000000000
061995051380109900009600000003000
061995051380109900010700000006000
061995051380109900010900000004000
061995051380109900011200000203000
061995051380109900011800000001000
061995051380109900013800000002000
061995051380109900018200000004000
061995051380109900019800000582000
061995051380119900000100002387000
061995051380119900000200000990000
061995051380119900008200000006000
061995051380119900009600000012000
061995051380119900010700000016000
061995051380119900010900000065000
061995051380119900011200000256000
061995051380119900011800000007000
061995051380119900013800000007000
061995051380119900018200000033000
061995051380119900019800002959000
061995051380129900000100000509000
061995051380129900000200000192000
061995051380129900008200000002000
061995051380129900009600000001000
061995051380129900010700000002000
061995051380129900010900000005000
061995051380129900011200000110000
061995051380129900011800000001000
061995051380129900013800000001000
061995051380129900018200000011000
061995051380129900019800000973000
061995051380139900000100000523000
061995051380139900000200000437000
061995051380139900009600000003000
061995051380139900011200000015000
061995051380139900011600000203000
061995051380139900013500001185000
061995051380149900000100000848000
061995051380149900000200000120000
061995051380149900009600000002000
061995051380149900011200000031000
061995051380149900012800000217000
061995051380159900000100001338000
061995051380159900000200000313000
061995051380159900008200000001000
061995051380159900009600000016000
061995051380159900010700000002000
061995051380159900010900000015000
061995051380159900011200000073000
061995051380159900011800000002000
061995051380159900013800000003000
061995051380159900018200000004000
061995051380159900019800001643000
061995051380169900000100000587000
061995051380169900000200000111000
061995051380169900009600000004000
061995051380169900011200000035000
061995051380169900012800000236000
061995051380179900000100003861000
061995051380179900000200001109000
061995051380179900008200000014000
061995051380179900009600000019000
061995051380179900010700000023000
061995051380179900010900000033000
061995051380179900011200000169000
061995051380179900011800000011000
061995051380179900013800000019000
061995051380179900018200000058000
061995051380179900019800003618000
061995051380189900000100001535000
061995051380189900000200000493000
061995051380189900008200000002000
061995051380189900009600000005000
061995051380189900010700000005000
061995051380189900010900000014000
061995051380189900011200000081000
061995051380189900011800000002000
061995051380189900013800000002000
061995051380189900018200000003000
061995051380189900019800001286000
061995051380199900000100002432000
061995051380199900000200000940000
061995051380199900008200000007000
061995051380199900009600000399000
061995051380199900010700000008000
061995051380199900010900000012000
061995051380199900011200000348000
061995051380199900011800000002000
061995051380199900013800000005000
061995051380199900018200000006000
061995051380199900019800002687000
061995051380209900000100002976000
061995051380209900000200002099000
061995051380209900008200000008000
061995051380209900009600000024000
061995051380209900010700000021000
061995051380209900010900000109000
061995051380209900011200000171000
061995051380209900011800000007000
061995051380209900013800000014000
061995051380209900018200000054000
061995051380209900019800002705000
061995051380219900000100000678000
061995051380219900000200000211000
061995051380219900011200000015000
061995051380219900012800000383000
061995051380229900000100005281000
061995051380229900000200001817000
061995051380229900008200000024000
061995051380229900009600000023000
061995051380229900010700000021000
061995051380229900010900000048000
061995051380229900011200000285000
061995051380229900011800000013000
061995051380229900013800000015000
061995051380229900018200000043000
061995051380229900019800004551000
061995051380239900000100011482000
061995051380239900000200015534000
061995051380239900008200000114000
061995051380239900009600000219000
061995051380239900010700000364000
061995051380239900010900000621000
061995051380239900011200003461000
061995051380239900011800000086000
061995051380239900013800000129000
061995051380239900018200000426000
061995051380239900019800020520000
061995051380249900000100002124000
061995051380249900000200001284000
061995051380249900009600000208000
061995051380249900011200000169000
061995051380249900012800004283000
061995051380259900000100002140000
061995051380259900000200000442000
061995051380259900008200000004000
061995051380259900009600000006000
061995051380259900010700000003000
061995051380259900010900000016000
061995051380259900011200000083000
061995051380259900011800000004000
061995051380259900013800000005000
061995051380259900018200000005000
061995051380259900019800000984000
061995051380269900000100003740000
061995051380269900000200002938000
061995051380269900008200000032000
061995051380269900009600000063000
061995051380269900010700000104000
061995051380269900010900000110000
061995051380269900011200001335000
061995051380269900011800000066000
061995051380269900013800000040000
061995051380269900018200000084000
061995051380269900019800012010000
061995051380279900000100001274000
061995051380279900000200000719000
061995051380279900009600000047000
061995051380279900011200000059000
061995051380279900012800001408000
061995051380289900000100005174000
061995051380289900000200003831000
061995051380289900008200000011000
061995051380289900009600000026000
061995051380289900010700000040000
061995051380289900010900000032000
061995051380289900011200000680000
061995051380289900011800000032000
061995051380289900013800000012000
061995051380289900018200000050000
061995051380289900019800003856000
061995051380299900000100000389000
061995051380299900000200000064000
061995051380299900009600000002000
061995051380299900011200000064000
061995051380299900012800000240000
061995051380309900000100000616000
061995051380309900000200000083000
061995051380309900009600000005000
061995051380309900011200000039000
061995051380309900012800000667000
061995051380319900000100006846000
061995051380319900000200003675000
061995051380319900008200000017000
061995051380319900009600000036000
061995051380319900010700000047000
061995051380319900010900000069000
061995051380319900011200000880000
061995051380319900011800000044000
061995051380319900013800000036000
061995051380319900018200000074000
061995051380319900019800006042000
061995051380329900000100002358000
061995051380329900000200001056000
061995051380329900008200000004000
061995051380329900009600000006000
061995051380329900010700000020000
061995051380329900010900000019000
061995051380329900011200000191000
061995051380329900011800000001000
061995051380329900013800000003000
061995051380329900018200000021000
061995051380329900019800001056000
061995051380339900000100001472000
061995051380339900000200000324000
061995051380339900009600000003000
061995051380339900011200000066000
061995051380339900012800001332000
061995051380349900000100000759000
061995051380349900000200000255000
061995051380349900008200000000000
061995051380349900009600000008000
061995051380349900010700000005000
061995051380349900010900000024000
061995051380349900011200000075000
061995051380349900011800000014000
061995051380349900013800000002000
061995051380349900018200000005000
061995051380349900019800001813000
061995051380359900000100000862000
061995051380359900000200000458000
061995051380359900008200000005000
061995051380359900009600000047000
061995051380359900010700000011000
061995051380359900010900000013000
061995051380359900011200000075000
061995051380359900011800000006000
061995051380359900013800000004000
061995051380359900018200000012000
061995051380359900019800001376000
061995051380369900000100002042000
061995051380369900000200000493000
061995051380369900011200000506000
061995051380369900012800000541000
061995051380379900000100003431000
061995051380379900000200002664000
061995051380379900009600000146000
061995051380379900011200000578000
061995051380379900012800002522000
061995051380389900000100013791000
061995051380389900000200028242000
061995051380389900008200000152000
061995051380389900009600000458000
061995051380389900010700000418000
061995051380389900010900000822000
061995051380389900011200006393000
061995051380389900011800000210000
061995051380389900013800000258000
061995051380389900018200000920000
061995051380389900019800036292000
061995051380399900000100000636000
061995051380399900000200000836000
061995051380399900008200000003000
061995051380399900009600000006000
061995051380399900010700000013000
061995051380399900010900000005000
061995051380399900011200000101000
061995051380399900011800000008000
061995051380399900013800000012000
061995051380399900018200000025000
061995051380399900019800003579000
061995051380409900000100000395000
061995051380409900000200000255000
061995051380409900008200000001000
061995051380409900009600000004000
061995051380409900010700000001000
061995051380409900010900000010000
061995051380409900011200000033000
061995051380409900011800000001000
061995051380409900013800000003000
061995051380409900018200000005000
061995051380409900019800001876000
061995051380419900000100000211000
061995051380419900000200000353000
061995051380419900008200000006000
061995051380419900009600000004000
061995051380419900010700000004000
061995051380419900010900000014000
061995051380419900011200000099000
061995051380419900011800000005000
061995051380419900013800000000000
061995051380419900018200000012000
061995051380419900019800002857000
061995051380429900000100001451000
061995051380429900000200000265000
061995051380429900008200000004000
061995051380429900009600000004000
061995051380429900010700000009000
061995051380429900010900000010000
061995051380429900011200000078000
061995051380429900011800000002000
061995051380429900013800000004000
061995051380429900018200000016000
061995051380429900019800001277000
061995051380439900000100003126000
061995051380439900000200001375000
061995051380439900008200000016000
061995051380439900009600000025000
061995051380439900010700000028000
061995051380439900010900000047000
061995051380439900011200000316000
061995051380439900011800000016000
061995051380439900013800000007000
061995051380439900018200000051000
061995051380439900019800005243000
061995051380449900000100000639000
061995051380449900000200000203000
061995051380449900008200000002000
061995051380449900009600000000000
061995051380449900010700000000000
061995051380449900010900000009000
061995051380449900011200000008000
061995051380449900011800000001000
061995051380449900013800000000000
061995051380449900018200000001000
061995051380449900019800000884000
061995051380459900000100001259000
061995051380459900000200000324000
061995051380459900009600000007000
061995051380459900011200000623000
061995051380459900012800000555000
061995051380469900000100000449000
061995051380469900000200001172000
061995051380469900008200000003000
061995051380469900009600000009000
061995051380469900010700000017000
061995051380469900010900000012000
061995051380469900011200000241000
061995051380469900011800000004000
061995051380469900013800000003000
061995051380469900018200000024000
061995051380469900019800002795000
061995051380479900000100000334000
061995051380479900000200000229000
061995051380479900009600000061000
061995051380479900011200000019000
061995051380479900012800000836000
061995051380489900000100000639000
061995051380489900000200000499000
061995051380489900009600000006000
061995051380489900011200000027000
061995051380489900011600000090000
061995051380489900013500001213000
061995051380499900000100000385000
061995051380499900000200000043000
061995051380499900011200000041000
061995051380499900012800001104000
061995051380509900000100001142000
061995051380509900000200000060000
061995051380509900011200000012000
061995051380509900012800000643000
061995051380519900000100000992000
061995051380519900000200001467000
061995051380519900008200000000000
061995051380519900009600000009000
061995051380519900010700000002000
061995051380519900010900000017000
061995051380519900011200000041000
061995051380519900011800000005000
061995051380519900013800000005000
061995051380519900018200000007000
061995051380519900019800002141000
061995051380529900000100000532000
061995051380529900000200000205000
061995051380529900008200000000000
061995051380529900009600000029000
061995051380529900010700000000000
061995051380529900010900000002000
061995051380529900011200000016000
061995051380529900011800000000000
061995051380529900013800000001000
061995051380529900018200000003000
061995051380529900019800000122000
061995051380539900000100001154000
061995051380539900000200000413000
061995051380539900009600000017000
061995051380539900011200000058000
061995051380539900012800000751000
