061995051053520001120000113100000
061995051053850000960000052800000
061995051053850001120000198400000
061995051053870000020000093600002
061995051059990000960000532100000
061995051053510000010006699200006
061995051053590001850000233100000
061995051053850000010001607400009
061995051053890001820000207600000
061995051059990001090000222700000
061995051059990001280026381600042
061995051053510001850000233100000
061995051053520001680000032500000
061995051053840001820000207600000
061995051053870000010000116200003
061995051053890000960000276800000
061995051053890001350000239800006
061995051053510001860001053200000
061995051053520000020000491900003
061995051053590001630000097000000
061995051053890001180000057200000
061995051059990001120003813200002
061995051053520001280000497900003
061995051053520003860001058200008
061995051053530001280000706100006
061995051053590000960000255300000
061995051053590001120001897000000
061995051053840000820000046500000
061995051053840001090000222700000
061995051053840001120001645700001
061995051053890001090000222700000
061995051053530000960000008100000
061995051053850001280001515100008
061995051053860001280000326000004
061995051053890000010010821300027
061995051059990000010018830200043
061995051059990000820000125100000
061995051059990001070000124300000
061995051053530000020000413600004
061995051053890000820000046500000
061995051053890001160000029300000
061995051053890001280015275900024
061995051053890001380000066200000
061995051053510000020014398700014
061995051053530000010000412400003
061995051053590000020015304200021
061995051053590001280011105700018
061995051053590001860001053200000
061995051053840001070000124300000
061995051053890000020008369500013
061995051059990001350000239800006
061995051059990001380000066200000
061995051059990001820000207600000
061995051053590000130003029000012
061995051053870000960000000900000
061995051053870001160000029300000
061995051059990000130003029000012
061995051059990001160000029300000
061995051059990001850000233100000
061995051053510000820000078600000
061995051053530001120000045700000
061995051053860001120000067900001
061995051053870001120000004200000
061995051053890001070000124300000
061995051053890001120001916200002
061995051059990001180000057200000
061995051053520000010000897300007
061995051053840000010008598400008
061995051053840001980013434800012
061995051053860000020000096600001
061995051059990000020023673700034
061995051053510001120001738200000
061995051053510001870001523400000
061995051053530000740000447400004
061995051059990001630000097000000
061995051053590001680000032500000
061995051053840000960000223100000
061995051053840001180000057200000
061995051053850000020000765300004
061995051059990001680000032500000
061995051059990001860001053200000
061995051053510001280009901700009
061995051053520001630000097000000
061995051053840001380000066200000
061995051053860000010000499300007
061995051053870001350000239800006
061995051053510000960000150100000
061995051053520000960000097100000
061995051053590000010008008900016
061995051053590000820000078600000
061995051053840000020007414000006
