021986061012390000480000033800000
021986061012390000500000256900000
021986061012990000610000258900000
021986061019990000090076473200015
021986061019990000350003766800000
021986061025090000270000102300000
021986061025090000480000063600000
021986061039990000270000149700000
021986061040790000400000000000000
021986061049990000400000000000000
021986061049990000600013736300003
021986061053590000090009817300002
021986061053590000660000096700000
021986061053890000330000145100000
021986061059990000620000516400000
021986061071390000600013856800003
021986061071690000090004933900001
021986061074590000600013095100003
021986061079990000300003906500000
021986061080590000090003229500001
021986061080990000150002835300000
021986061084090000300000221800000
021986061084090000350000073600000
021986061084090000640000026600000
021986061084290000600002037300001
021986061084790000600011561700002
021986061089990000300003695300000
021986061089990000380000104700000
021986061090890000320000195200000
021986061091790000090002589200000
021986061091790000120000311400000
021986061091790000270000037700000
021986061092590000120000222200000
021986061092590000400000143000000
021986061094390000470000034900000
021986061099990000540129973300021
021986061101090000600012704000003
021986061109990000260001609100000
021986061109990000500000575900000
021986061113290000030000385700000
021986061113290000150000958400000
021986061119990000270000229900000
021986061119990000450001461400000
021986061119990000690000142000000
021986061122890000470000204400000
021986061122890000600105473000015
021986061129990000150036024600005
021986061129990000200000308000000
021986061142090000210009951500002
021986061144890000150003028600000
021986061144890000210017913000003
021986061144890000230000000000000
021986061144890000480000098100000
021986061011490000620000090300000
021986061011890000360000516500000
021986061011890000600021203100005
021986061014190000400000000000000
021986061019990000500002911000000
021986061024490000500000095600000
021986061025090000090011438900002
021986061029990000150007410400001
021986061040790000500002437900000
021986061053590000500000779300000
021986061059990000690000108800000
021986061071390000150002512800000
021986061071690000500000187000000
021986061074590000500000205700000
021986061074590000640000055800000
021986061080990000090007915300002
021986061082490000200000037800000
021986061082490000600013043200003
021986061083490000350000108100000
021986061083490000600004495200002
021986061083790000270000040600000
021986061084090000150002117000001
021986061084790000500000340400000
021986061089990000200000037800000
021986061089990000370000025400000
021986061089990000600057297300016
021986061090890000430000116900000
021986061091790000470000032700000
021986061094390000120000260300000
021986061094390000350000119600000
021986061094390000630001078800000
021986061100690000400000028600000
021986061109990000270000057200000
021986061111590000620000313000000
021986061113290000560005887600002
021986061113690000580002111500000
021986061122890000090082620600011
021986061122890000300015593200002
021986061133190000110008092200002
021986061133190000220000764500000
021986061133190000500000548100000
021986061140190000210002603000001
021986061142090000620000110500000
021986061144890000220005109000001
021986061149990000150005472400000
021986061149990000270000075100000
021986061153090000300002422200000
021986061159990000520000140100000
021986061162690000090005817700002
021986061162690000400000019000000
021986061162690000500000282400000
021986061179990000680006440300001
021986061185190000040000060100000
021986061010490000500000556500000
021986061011490000660000031500000
021986061011890000350000989000000
021986061012390000610000097600000
021986061014190000500000442800000
021986061019990000600192389100042
021986061022290000400000010500000
021986061022290000640000035300000
021986061022290000660000024100000
021986061025090000620000205200000
021986061025090000640000102100000
021986061029990000620000297200000
021986061033390000660000074400000
021986061039990000350000960700000
021986061039990000500000510500000
021986061040790000300000794200000
021986061049990000660000080000000
021986061053890000090005764600001
021986061070290000500000187100000
021986061070290000600009783800003
021986061071390000640000060400000
021986061071990000600003285500001
021986061074590000660000041600000
021986061079990000350000742600000
021986061079990000480000109600000
021986061082490000270000075300000
021986061082490000510000137100000
021986061083490000150001381900000
021986061083790000180000032700000
021986061083790000510000050400000
021986061084090000600002920400001
021986061084290000640000027700000
021986061084790000660000052600000
021986061089990000270000435600000
021986061090890000480000238600000
021986061090890000620000796400000
021986061091790000250000911800000
021986061091790000550000066400000
021986061091790000660000036900000
021986061092590000170007764500002
021986061094390000170008827800002
021986061099990000320000195200000
021986061100690000300001872700000
021986061111590000150005176300001
021986061111590000580001866900000
021986061112790000150001221000000
021986061112790000160001994400000
021986061112790000400000032300000
021986061113690000130000786400000
021986061122890000150036024600005
021986061122890000190000188600000
021986061122890000330001855900000
021986061129990000270000776100000
021986061011190000610000218600000
021986061011490000360001221100000
021986061011490000480000032700000
021986061011490000640000053400000
021986061011890000640000061900000
021986061012390000400000000000000
021986061012990000500000443800000
021986061019990000690000120800000
021986061024490000600003578500002
021986061029990000500000737000000
021986061039990000660000074400000
021986061053590000150007384200002
021986061059990000010003689200000
021986061059990000090015581900003
021986061069990000400000033100000
021986061071390000300000979300000
021986061071690000300000311900000
021986061071690000640000030700000
021986061071990000150000940700000
021986061071990000270000047900000
021986061079990000600045757300012
021986061080590000300000220200000
021986061080590000350000055800000
021986061080990000600007448400002
021986061082490000090009880200002
021986061082490000180000192200000
021986061082490000500000341700000
021986061083790000660000022400000
021986061084290000400000016700000
021986061084290000620000035400000
021986061084790000270000108000000
021986061092590000150000618900000
021986061092590000550000039500000
021986061094390000150001137600000
021986061099990000170101425800018
021986061100690000350000212500000
021986061101090000500000373600000
021986061112790000100008816200003
021986061112790000350000105900000
021986061112790000620000077400000
021986061113690000270000086400000
021986061119990000100050240500013
021986061133190000210000493500000
021986061139990000280003799800001
021986061142090000660000048200000
021986061144890000400000000000000
021986061144890000660000070400000
021986061149990000210030467500006
021986061149990000310000000000000
021986061153090000660000088400000
021986061159990000660000088400000
021986061162690000350000153100000
021986061171290000680000135100000
021986061010490000270000042800000
021986061011190000660000093800000
021986061011490000600022375900004
021986061012190000640000044500000
021986061012390000300003356900000
021986061012390000600020149400004
021986061012990000400000000000000
021986061012990000600028475700006
021986061014190000090016940900003
021986061014190000150002903300000
021986061019990000400000075600000
021986061022290000350000104300000
021986061022290000390001178600000
021986061022290000600005376400002
021986061040790000470000060100000
021986061040790000590000753900000
021986061053590000070000692700000
021986061053590000640000141500000
021986061053890000290000931200000
021986061053890000500000205500000
021986061059990000500000984800000
021986061070290000300000872900000
021986061070290000620000055300000
021986061070290000640000034300000
021986061071390000480000034400000
021986061071690000620000034600000
021986061074590000090010068500002
021986061080590000640000028400000
021986061082490000350000237300000
021986061082490000660000059600000
021986061084090000480000018600000
021986061084090000500000112600000
021986061084090000660000015500000
021986061084990000350000077100000
021986061089990000350001616700000
021986061089990000400000141300000
021986061090890000640000441100000
021986061094390000550000068900000
021986061094390000660000028700000
021986061099990000470000248100000
021986061109990000400000028800000
021986061109990000640000165100000
021986061112790000660000027700000
021986061113290000350000067500000
021986061113290000450000182300000
021986061113690000400000058200000
021986061113690000560014311800003
021986061119990000150010984900002
021986061122890000660000219100000
021986061122890000690000726100000
021986061133190000660000044600000
021986061140190000300000116200000
021986061140190000310000000000000
021986061010490000480000028200000
021986061011190000480000099400000
021986061011490000300005100700001
021986061011490000400000000000000
021986061012190000090004477800001
021986061012990000270000096400000
021986061012990000300004459500001
021986061014190000350001102000000
021986061014190000360003251500000
021986061025090000690000257000000
021986061029990000300002248800000
021986061029990000350000862900000
021986061040790000660000080000000
021986061053890000480000081500000
021986061063990000350000366400000
021986061069990000480000078300000
021986061069990000600012904100003
021986061069990000660000098800000
021986061070290000090006109300001
021986061070290000480000016000000
021986061071990000660000014300000
021986061079990000660000142900000
021986061080590000600002692700001
021986061080990000500000447600000
021986061083490000270000051900000
021986061083490000640000036400000
021986061083790000480000040800000
021986061084790000480000051400000
021986061084990000300000244000000
021986061084990000510000057400000
021986061084990000620000070400000
021986061084990000640000039100000
021986061089990000620000770600000
021986061090890000170072837200011
021986061091790000150000670500000
021986061092590000620000070400000
021986061094390000250000724000000
021986061112790000450000139800000
021986061119990000480000097500000
021986061119990000640000327400000
021986061129990000500003670900000
021986061133190000460000193200000
021986061162690000270000037200000
021986061169990000350000153100000
021986061170390000500001140700000
021986061171290000090008603200002
021986061171290000330000144800000
021986061179990000240000211600000
021986061179990000660000320700000
021986061189990000620000011700000
021986061999990000430000116900000
021986061999990000610001499900000
021986061010490000360000310900000
021986061011190000360001968200000
021986061011190000620000211700000
021986061011190000640000096100000
021986061012190000500000169800000
021986061014190000600047374300008
021986061019990000270000571200000
021986061019990000610001499900000
021986061024490000620000043400000
021986061029990000640000157900000
021986061039990000600027894600005
021986061039990000640000182100000
021986061040790000270000106200000
021986061049990000150003851000000
021986061049990000590000753900000
021986061049990000640000110500000
021986061053590000010002139300000
021986061063990000660000098800000
021986061069990000620000171300000
021986061070290000400000000000000
021986061074590000300001340000000
021986061074590000350000162500000
021986061080590000480000017600000
021986061080590000660000018700000
021986061082490000640000108300000
021986061083790000620000060800000
021986061084090000090003278500001
021986061089990000640000507200000
021986061090890000270000299900000
021986061091790000170011996300003
021986061091790000630000665900000
021986061091790000640000035900000
021986061092590000350000064200000
021986061092590000480000024100000
021986061094390000090004349900001
021986061094390000400000289900000
021986061100690000090009556600002
021986061100690000260000360800000
021986061109990000600033666100007
021986061111590000160001866200000
021986061113290000620000084100000
021986061113690000100016243400004
021986061113690000450000475400000
021986061113690000690000142000000
021986061119990000030000385700000
021986061119990000580004557400000
021986061119990000660000217500000
021986061122890000270000776100000
021986061129990000660000219100000
021986061139990000500000548100000
021986061142090000300000289000000
021986061142090000640000044900000
021986061144890000570016232300003
021986061011190000500000323400000
021986061011890000400000026700000
021986061011890000610000430300000
021986061012190000300001106800000
021986061012390000640000039000000
021986061012990000660000089400000
021986061014190000620000256500000
021986061014190000660000051200000
021986061014190000690000120800000
021986061022290000500000191400000
021986061024490000350000086000000
021986061024490000390000840500000
021986061025090000300001714700000
021986061025090000500000450000000
021986061029990000270000133500000
021986061039990000300005588100001
021986061039990000400000000000000
021986061049990000350000171300000
021986061053590000290001950800000
021986061059990000270000145200000
021986061059990000330000145100000
021986061059990000600024119700006
021986061063990000640000094800000
021986061069990000270000150300000
021986061071690000480000020900000
021986061071990000300000402400000
021986061080590000270000022200000
021986061083790000350000184700000
021986061084290000500000123700000
021986061084990000270000031200000
021986061090890000150010643400001
021986061090890000250006239000000
021986061092590000470000017900000
021986061099990000120002272700000
021986061099990000630012391200001
021986061111590000400000083400000
021986061111590000640000152800000
021986061112790000560005586000002
021986061112790000640000049600000
021986061113290000270000024100000
021986061119990000200000093700000
021986061119990000620000823700000
021986061129990000640000273700000
021986061133190000300000424400000
021986061139990000300000424400000
021986061140190000150001195100000
021986061140190000410000081400000
021986061142090000150001248700000
021986061144890000620000265900000
021986061149990000220009940800002
021986061153090000600026192200005
021986061159990000150004472400000
021986061159990000480000088100000
021986061010490000090005443300001
021986061010490000660000070700000
021986061011190000600028610400007
021986061011490000150002721100000
021986061012190000270000036100000
021986061012190000610000104100000
021986061012390000350000204200000
021986061012390000660000031600000
021986061022290000620000048600000
021986061029990000400000010500000
021986061033390000480000088900000
021986061049990000270000106200000
021986061053890000070005873700001
021986061059990000480000220400000
021986061063990000090009914900002
021986061063990000150003771000000
021986061063990000270000150300000
021986061063990000400000033100000
021986061063990000500000386600000
021986061069990000150003771000000
021986061069990000500000386600000
021986061071390000350000162500000
021986061071690000150001105400000
021986061071690000270000058700000
021986061071990000620000050500000
021986061074590000620000077700000
021986061079990000270000458500000
021986061080990000270000087600000
021986061080990000620000183900000
021986061080990000640000093100000
021986061082490000150003570900000
021986061083790000640000075000000
021986061084090000620000054200000
021986061084790000090008850000002
021986061084790000350000637200000
021986061084990000600004843600002
021986061090890000550000313700000
021986061091790000540008211600002
021986061092590000630000481100000
021986061099990000400005068900000
021986061099990000550000488500000
021986061101090000090006547000002
021986061111590000200000069200000
021986061112790000130000331000000
021986061113290000580000270200000
021986061113290000640000036900000
021986061122890000350006392800000
021986061129990000090082620600011
021986061129990000300015593200002
021986061129990000620001128200000
021986061129990000690000726100000
021986061133190000280003799800001
021986061133190000310000000000000
021986061010490000300001101000000
021986061011190000090009328400002
021986061012390000270000053400000
021986061019990000360009400800000
021986061019990000620000645000000
021986061022290000300000397800000
021986061024490000090002858300001
021986061024490000660000022400000
021986061029990000480000101600000
021986061029990000600028780900008
021986061040790000480000058300000
021986061053890000600012729200003
021986061063990000300000899700000
021986061070290000270000072300000
021986061071390000270000156800000
021986061079990000500000888700000
021986061079990000620000299500000
021986061080990000300000543900000
021986061080990000660000073300000
021986061083490000090004431100001
021986061083790000120000113800000
021986061083790000300000409300000
021986061084990000180000027100000
021986061090890000420001174600000
021986061099990000090036131600006
021986061099990000640000546500000
021986061099990000660000350300000
021986061100690000640000110000000
021986061109990000660000038100000
021986061111590000450000663900000
021986061113690000160001732100000
021986061119990000130002704900000
021986061119990000400000173900000
021986061129990000190000188600000
021986061133190000620000120200000
021986061139990000640000061800000
021986061140190000620000053300000
021986061142090000090002815500000
021986061144890000270000075100000
021986061149990000640000217900000
021986061159990000350000300500000
021986061170390000150006144600001
021986061170390000270000207100000
021986061171290000300000615500000
021986061174690000330000481300000
021986061174690000500000950000000
021986061179990000150018373400002
021986061195290000600000704800000
021986061999990000660002747300000
021986061999990000680006440300001
021986061010490000600011161700004
021986061011190000400000048900000
021986061011490000270000017000000
021986061012390000360000448300000
021986061012990000090010864000002
021986061012990000150002992500000
021986061012990000640000095700000
021986061014190000270000098800000
021986061019990000120000222400000
021986061024490000150000923300000
021986061025090000350000672600000
021986061025090000400000000000000
021986061029990000660000108800000
021986061033390000640000182100000
021986061039990000480000088900000
021986061049990000470000060100000
021986061059990000640000269500000
021986061069990000090009914900002
021986061071390000620000081400000
021986061071690000660000018700000
021986061071990000500000092800000
021986061071990000640000020400000
021986061079990000090033332200008
021986061082490000400000035700000
021986061084090000270000018800000
021986061084990000150001944400000
021986061089990000500001981500000
021986061090890000470000162600000
021986061090890000490000075600000
021986061090890000630010165400001
021986061099990000270000358700000
021986061099990000430000116900000
021986061099990000490000075600000
021986061100690000150003111000000
021986061101090000300000479600000
021986061109990000350000429100000
021986061109990000480000063800000
021986061111590000480000097500000
021986061112790000270000025200000
021986061113690000620000349200000
021986061119990000560045837600011
021986061122890000480000142200000
021986061129990000330001855900000
021986061133190000230000000000000
021986061139990000210000493500000
021986061139990000220000764500000
021986061139990000350000155200000
021986061140190000480000018000000
021986061140190000570004525900002
021986061142090000400000000000000
021986061149990000230000000000000
021986061149990000660000137900000
021986061153090000090018410900003
021986061010490000350000174100000
021986061011490000090009063700002
021986061011890000200000036600000
021986061011890000660000043200000
021986061012390000150001950700000
021986061012990000350000409700000
021986061014190000200000044800000
021986061019990000300027300800003
021986061022290000090003028900001
021986061022290000150001544600000
021986061024490000270000031200000
021986061024490000300000136300000
021986061025090000600019826000004
021986061040790000150003851000000
021986061040790000640000110500000
021986061049990000090011700700003
021986061053590000270000069200000
021986061053890000150003921000001
021986061053890000690000108800000
021986061059990000660000096700000
021986061063990000600012904100003
021986061069990000350000366400000
021986061070290000150001675000000
021986061070290000660000026100000
021986061071990000350000067000000
021986061079990000400000008500000
021986061083490000300000327100000
021986061083490000500000163400000
021986061083490000660000023400000
021986061084290000150000801400000
021986061084290000300000150000000
021986061089990000480000160100000
021986061090890000660000265800000
021986061100690000600020962100004
021986061101090000480000063800000
021986061101090000660000038100000
021986061111590000100018468100004
021986061111590000270000094200000
021986061111590000660000095300000
021986061112790000200000024500000
021986061113290000100006712800002
021986061119990000160007997200001
021986061122890000400000029600000
021986061129990000400000029600000
021986061133190000350000155200000
021986061139990000110008092200002
021986061140190000640000033300000
021986061149990000300001369000000
021986061153090000150004472400000
021986061153090000270000148800000
021986061162690000600006515100002
021986061171290000620000112400000
021986061174690000680006126600001
021986061011190000270000141900000
021986061011190000300002752700000
021986061011490000610000110900000
021986061011890000270000084800000
021986061011890000300002819800000
021986061011890000620000086500000
021986061012190000150001203400000
021986061014190000610000176000000
021986061033390000090016507100002
021986061033390000300005588100001
021986061033390000350000960700000
021986061039990000090016507100002
021986061039990000150007978800001
021986061040790000350000171300000
021986061049990000300000794200000
021986061049990000500002437900000
021986061053590000600011390500003
021986061053590000620000185100000
021986061059990000150011305200003
021986061070290000350000203100000
021986061071390000090008603100002
021986061071990000090003617400002
021986061074590000150003076300000
021986061074590000270000122800000
021986061080590000400000000000000
021986061080590000500000057200000
021986061082490000300000751000000
021986061083490000480000031700000
021986061083790000400000023500000
021986061083790000500000254400000
021986061083790000600008254800002
021986061084090000370000025400000
021986061084090000400000017900000
021986061084290000090002394900002
021986061084790000150004704200001
021986061084790000300000828000000
021986061084790000400000028700000
021986061084990000660000023800000
021986061089990000120000113800000
021986061089990000180000252000000
021986061091790000350000087200000
021986061091790000400000160300000
021986061092590000090003075900001
021986061099990000250008462800000
021986061099990000480000343000000
021986061101090000150001732400000
021986061101090000260001248300000
021986061101090000640000055100000
021986061109990000150004843400000
021986061111590000130001309200000
021986061111590000350000604200000
021986061113290000660000042200000
021986061122890000200000308000000
021986061010490000150001896000000
021986061010490000610000103500000
021986061011190000350000374300000
021986061011890000500000310300000
021986061012190000350000188900000
021986061012190000600013038600004
021986061012990000360001193300000
021986061014190000120000222400000
021986061014190000300006603400001
021986061014190000480000037800000
021986061019990000660000411400000
021986061039990000620000368800000
021986061040790000090011700700003
021986061053590000480000138900000
021986061053890000270000076000000
021986061053890000640000128000000
021986061059990000290002882000000
021986061063990000480000078300000
021986061071390000500000216100000
021986061071690000350000147500000
021986061071990000400000008500000
021986061080990000350000202900000
021986061080990000400000000800000
021986061083790000090007643800001
021986061084290000350000040000000
021986061084790000380000104700000
021986061084790000620000137600000
021986061084790000640000072600000
021986061084990000090005284400002
021986061084990000500000140500000
021986061089990000090052907700014
021986061089990000510000244900000
021986061090890000090026116600004
021986061092590000250000588000000
021986061092590000640000023800000
021986061094390000540010526100002
021986061094390000640000045700000
021986061099990000150013070400001
021986061099990000420001174600000
021986061101090000270000057200000
021986061109990000090016103600004
021986061113290000130000278300000
021986061129990000350006392800000
021986061140190000220001108100000
021986061140190000230000000000000
021986061142090000280008003200002
021986061144890000090006521200001
021986061144890000410000686300000
021986061149990000090011496700002
021986061149990000480000146000000
021986061149990000570028791800007
021986061153090000350000300500000
021986061159990000500000706700000
021986061010490000640000044600000
021986061011490000350000324600000
021986061011490000500000407500000
021986061012390000090009839500002
021986061019990000480000231900000
021986061019990000640000519300000
021986061024490000640000020500000
021986061029990000390007300400001
021986061029990000690000257000000
021986061033390000150007978800001
021986061033390000500000510500000
021986061033390000600027894600005
021986061033390000620000368800000
021986061040790000600013736300003
021986061053890000010001549900000
021986061053890000620000331300000
021986061059990000070006566400001
021986061063990000620000171300000
021986061069990000300000899700000
021986061069990000640000094800000
021986061071390000660000042200000
021986061071690000600005736100002
021986061071990000480000016000000
021986061074590000480000022300000
021986061080590000620000043200000
021986061082490000620000144100000
021986061083490000400000000000000
021986061083490000620000041000000
021986061083790000150003904400001
021986061089990000150025787800004
021986061089990000660000289300000
021986061090890000120001478800000
021986061090890000540105413500016
021986061092590000270000021100000
021986061092590000540005822100001
021986061092590000660000018900000
021986061099990000620001151900000
021986061100690000500000202300000
021986061109990000300002352300000
021986061113690000350000429600000
021986061113690000660000052300000
021986061119990000350001207200000
021986061122890000120000347800000
021986061122890000500003670900000
021986061122890000640000273700000
021986061129990000120000347800000
021986061129990000480000142200000
021986061133190000480000034900000
021986061133190000640000061800000
021986061139990000230000000000000
021986061139990000310000000000000
021986061139990000480000034900000
021986061139990000600009701000002
021986061011190000150002608000000
021986061011890000090010515600002
021986061011890000150002739800000
021986061012190000360000491000000
021986061014190000640000084100000
021986061019990000150019014800000
021986061019990000200000081400000
021986061022290000480000038000000
021986061025090000150004942500001
021986061025090000390005281300001
021986061025090000660000062300000
021986061029990000090017326100004
021986061033390000270000149700000
021986061033390000400000000000000
021986061049990000480000058300000
021986061074590000400000000000000
021986061079990000150009310200000
021986061079990000640000201600000
021986061080590000150004528300001
021986061084990000400000018000000
021986061090890000350001539000000
021986061090890000400004475700000
021986061091790000480000051000000
021986061091790000620000163300000
021986061094390000480000029300000
021986061094390000620000121800000
021986061099990000350001810000000
021986061101090000350000216600000
021986061101090000400000000200000
021986061111590000560020052200004
021986061112790000580000308800000
021986061113290000160002404500001
021986061113690000150003629200001
021986061113690000640000088100000
021986061133190000150002610600000
021986061139990000460000193200000
021986061140190000400000000000000
021986061140190000660000019300000
021986061142090000480000029900000
021986061142090000570008033600002
021986061144890000310000000000000
021986061149990000280019372400004
021986061149990000410001025500000
021986061153090000520000140100000
021986061169990000600006515100002
021986061170390000400000053300000
021986061170390000670000573500000
021986061171290000350000396100000
021986061174690000150009917500001
021986061185190000600001093700001
021986061185190000640000006600000
021986061195290000300000054900000
021986061199990000300000054900000
021986061159990000300002422200000
021986061162690000150001495300000
021986061162690000640000052400000
021986061170390000300003134000000
021986061170390000480000082700000
021986061174690000240000211600000
021986061174690000350002009500000
021986061174690000480000101400000
021986061179990000620000861300000
021986061185190000150000192800000
021986061189990000500000049900000
021986061999990000160007997200001
021986061999990000230000000000000
021986061999990000300093550400007
021986061999990000360009400800000
021986061999990000480002185300000
021986061999990000550000488500000
021986061999990000600890171800184
021986061999990000320000195200000
021986061129990000600105473000015
021986061140190000090002160000001
021986061142090000230000000000000
021986061153090000640000135200000
021986061159990000270000148800000
021986061170390000640000135100000
021986061179990000690000302500000
021986061185190000090000878800000
021986061999990000200000520900000
021986061999990000250008462800000
021986061999990000620007791400000
021986061179990000270000511700000
021986061185190000300000035100000
021986061189990000140000075800000
021986061189990000640000006600000
021986061999990000280023172200005
021986061999990000520000140100000
021986061999990000590000753900000
021986061159990000090018410900003
021986061159990000620000195900000
021986061169990000090005817700002
021986061169990000150001495300000
021986061170390000660000103800000
021986061171290000600011925000003
021986061171290000660000057300000
021986061174690000300006085700000
021986061174690000620000475900000
021986061174690000640000215900000
021986061195290000150000221800000
021986061195290000640000011800000
021986061199990000500000046500000
021986061999990000040000060100000
021986061999990000170101425800018
021986061149990000400000000000000
021986061162690000300000296100000
021986061169990000660000028400000
021986061170390000090018839900003
021986061179990000350003008700000
021986061189990000040000060100000
021986061999990000270004344900000
021986061999990000310000000000000
021986061999990000400005710700000
021986061999990000460000193200000
021986061169990000270000037200000
021986061169990000300000296100000
021986061169990000400000019000000
021986061171290000500000644700000
021986061999990000190000188600000
021986061999990000220010705300002
021986061999990000330003190900000
021986061999990000350022969500000
021986061999990000380000104700000
021986061133190000600009701000002
021986061139990000660000044600000
021986061144890000640000139700000
021986061153090000620000195900000
021986061159990000640000135200000
021986061170390000620000273000000
021986061170390000680000178600000
021986061171290000150002311300000
021986061171290000480000036600000
021986061174690000690000302500000
021986061179990000330001189900000
021986061185190000500000049900000
021986061189990000300000035100000
021986061999990000010003689200000
021986061999990000120002956700000
021986061999990000150186191200019
021986061999990000370000025400000
021986061999990000390007300400001
021986061153090000480000088100000
021986061159990000400000058000000
021986061169990000640000052400000
021986061170390000350000603100000
021986061171290000400000000000000
021986061174690000400000010200000
021986061179990000640000403800000
021986061185190000620000011700000
021986061195290000500000046500000
021986061999990000090524767700105
021986061999990000130002704900000
021986061999990000470000512600000
021986061999990000580004557400000
021986061999990000640004245100000
021986061179990000480000220700000
021986061179990000500002735400000
021986061179990000670004026400000
021986061199990000600000704800000
021986061122890000620001128200000
021986061129990000470000204400000
021986061139990000150002610600000
021986061139990000620000120200000
021986061140190000280001644000000
021986061144890000280009725200002
021986061144890000300000963800000
021986061149990000620000429700000
021986061153090000500000706700000
021986061169990000500000282400000
021986061171290000270000050900000
021986061174690000090032880000005
021986061189990000090000878800000
021986061195290000090000908200001
021986061199990000150000221800000
021986061999990000070006566400001
021986061999990000240000211600000
021986061999990000510000244900000
021986061162690000660000028400000
021986061170390000330000563800000
021986061174690000670002897300000
021986061189990000150000192800000
021986061189990000600001093700001
021986061999990000140000075800000
021986061999990000180000252000000
021986061999990000500019453800000
021986061999990000670004026400000
021986061142090000220003723700001
021986061142090000310000000000000
021986061142090000410000257800000
021986061153090000400000058000000
021986061159990000600026192200005
021986061170390000600031476300006
021986061171290000640000052800000
021986061171290000670000555600000
021986061174690000270000253700000
021986061174690000600055942600009
021986061174690000660000159600000
021986061179990000090060323100010
021986061179990000300009835200000
021986061179990000400000063500000
021986061179990000600099343900018
021986061185190000140000075800000
021986061199990000090000908200001
021986061999990000030000385700000
021986061999990000530000075600000
021986061199990000640000011800000
021986061999990000210030961000006
021986061999990000260001609100000
021986061999990000690002831800000
