072019051010490000280000064500000
072019051010490000590000015600000
072019051011190000070000023600000
072019051011190000100000011100000
072019051011490000220000019000000
072019051011890000100000009600000
072019051012190000020000018700000
072019051012190000210000021600000
072019051012190000320000004900000
072019051012390000170000004600000
072019051012990000170000012400000
072019051014190000590000107900000
072019051019990000010000438100000
072019051019990000040000201200000
072019051019990000060000284600000
072019051019990000590000353100000
072019051025090000150000036400000
072019051029990000260000019100000
072019051029990000280000096000000
072019051033390000240000057500000
072019051039990000120000607100000
072019051039990000180000074900000
072019051040790000260000017700000
072019051049990000080000021300000
072019051049990000310000095400000
072019051053590000030014551400000
072019051053890000050000017600000
072019051053890000110000026300000
072019051059990000210000105600000
072019051059990000320000039200000
072019051063990000080000019600000
072019051070290000080000010500000
072019051070290000280000029900000
072019051071690000010000013900000
072019051071990000170000002200000
072019051071990000250001376200000
072019051071990000290000031700000
072019051080590000170000003100000
072019051080590000790000006500000
072019051080990000250001323500000
072019051082490000020000008300000
072019051082490000100000003400000
072019051082490000650000031300000
072019051083490000090000072000000
072019051083490000250000646300000
072019051083490000260000002600000
072019051083790000230002919300000
072019051084090000650000008900000
072019051084290000200000350600000
072019051084790000220000012200000
072019051084790000280000041600000
072019051084990000020000018300000
072019051084990000040000003400000
072019051089990000280000181100000
072019051090890000010000357300000
072019051092590000150000004600000
072019051094390000270000043400000
072019051100690000040000011200000
072019051100690000050000039800000
072019051100690000240000022200000
072019051109990000300015544400000
072019051111590000010000088900000
072019051112790000250000500200000
072019051112790000530000015000000
072019051113290000170000005900000
072019051113290000790000015000000
072019051113690000090000746200000
072019051119990000050000090000000
072019051119990000080000053100000
072019051119990000130000066900000
072019051119990000300043433700000
072019051122890000050000193000000
072019051122890000320000222900000
072019051129990000140000078100000
072019051129990000650000283100000
072019051139990000310000108800000
072019051140190000130000004400000
072019051140190000170000005600000
072019051140190000490000017800000
072019051144890000160000044200000
072019051149990000030021288100000
072019051149990000150000049000000
072019051149990000160000085100000
072019051153090000100000019100000
072019051153090000160000051700000
072019051159990000140000014800000
072019051159990000170000020000000
072019051162690000010000025600000
072019051169990000010000025600000
072019051169990000210000016700000
072019051170390000740000030500000
072019051174690000040000027000000
072019051174690000310000241700000
072019051185190000080000000700000
072019051199990000230000268700000
072019051999990000030736978900020
072019051999990000150002552800000
072019051010490000080000019800000
072019051010490000240000019000000
072019051011490000170000008100000
072019051011490000290000073900000
072019051012190000220000008900000
072019051012190000250001489900000
072019051012190000310000042700000
072019051012390000010000037000000
072019051012390000070000010400000
072019051012390000090000344800000
072019051012390000150000033500000
072019051012990000590000064600000
072019051014190000060000075500000
072019051014190000150000216300000
072019051014190000290000192500000
072019051019990000020000296100000
072019051022290000420000044700000
072019051024490000220000002900000
072019051025090000040000045700000
072019051039990000220000019500000
072019051049990000010000069300000
072019051049990000090000676300000
072019051049990000290000181700000
072019051049990000300008843200000
072019051053590000010000075300000
072019051053890000080000017900000
072019051053890000210000043200000
072019051053890000240000082200000
072019051053890000310000145400000
072019051059990000170000055900000
072019051063990000090000427100000
072019051069990000790000025600000
072019051070290000150000011800000
072019051070290000180000005500000
072019051071390000150000012500000
072019051071990000210000013700000
072019051074590000100000005500000
072019051074590000200002634700000
072019051080590000080000007800000
072019051080590000160000005400000
072019051080990000320000005500000
072019051082490000180000012500000
072019051083490000300003203300000
072019051083790000090000123400000
072019051083790000110000015600000
072019051084790000020000010400000
072019051084790000030010150600000
072019051084790000100000022300000
072019051084990000140000002700000
072019051099990000050000207400000
072019051100690000130000011500000
072019051109990000280000077400000
072019051113290000010000024700000
072019051113290000140000004200000
072019051113290000450001638800000
072019051113690000030018317800000
072019051113690000320000013000000
072019051119990000070000055500000
072019051119990000750000118000000
072019051122890000010000420300000
072019051122890000020000246200000
072019051122890000120000114600000
072019051133190000010000091100000
072019051133190000320000010000000
072019051139990000110000037000000
072019051140190000040000021900000
072019051140190000100000002500000
072019051142090000130000008900000
072019051142090000170000005600000
072019051144890000010000069000000
072019051144890000120000011800000
072019051149990000070000048600000
072019051149990000080000023200000
072019051153090000200005131600000
072019051153090000300019689900000
072019051159990000050000057400000
072019051162690000310000033700000
072019051169990000070000003000000
072019051169990000260000006600000
072019051169990000650000026100000
072019051170390000100000012400000
072019051171290000010000032800000
072019051171290000090000332400000
072019051174690000090001910000000
072019051189990000250000674800000
072019051195290000250000337200000
072019051999990000040001107600000
072019051999990000130000794700000
072019051010490000310000033100000
072019051010490000790000012800000
072019051011190000240000049700000
072019051011190000250003889900000
072019051011490000180000038900000
072019051011490000250002597600000
072019051012190000120000012500000
072019051012190000290000045100000
072019051012190000620000024500000
072019051014190000070000047000000
072019051014190000280000153300000
072019051019990000300084977100000
072019051022290000040000010400000
072019051022290000110000011300000
072019051024490000170000001400000
072019051024490000290000013200000
072019051025090000070000008100000
072019051033390000260000024200000
072019051039990000030020164200000
072019051040790000050000021100000
072019051040790000090000676300000
072019051049990000100000009700000
072019051053890000040000041100000
072019051059990000040000076200000
072019051059990000200009332900000
072019051059990000300014193300000
072019051063990000650000065000000
072019051069990000080000019600000
072019051069990000100000013800000
072019051071390000060000013100000
072019051071390000320000008600000
072019051071690000030004909900000
072019051071690000070000002000000
072019051071990000070000009400000
072019051074590000790000012000000
072019051079990000200008136400000
072019051079990000300029629000000
072019051080590000650000012500000
072019051080990000200001785200000
072019051080990000210000028200000
072019051082490000010000028400000
072019051083490000310000013900000
072019051084090000010000010400000
072019051084090000020000003400000
072019051084090000100000001800000
072019051084290000030001837400000
072019051084290000180000001600000
072019051084290000260000003200000
072019051084790000320000003500000
072019051084990000230001395700000
072019051089990000080000086700000
072019051090890000120000060300000
072019051090890000480051306700000
072019051090890000740000204900000
072019051092590000050000005800000
072019051092590000770008198800000
072019051094390000320000016000000
072019051100690000150000044900000
072019051100690000250002061700000
072019051100690000260000016000000
072019051100690000310000054500000
072019051101090000220000005300000
072019051109990000050000059700000
072019051109990000100000011300000
072019051112790000300006596400000
072019051113290000220000010300000
072019051113290000250000467700000
072019051113690000350000181600000
072019051119990000170000054800000
072019051122890000040000094000000
072019051122890000160000444500000
072019051129990000070000085900000
072019051129990000080000304700000
072019051129990000180000172600000
072019051129990000280000674700000
072019051129990000320000222900000
072019051140190000260000006300000
072019051140190000290000067100000
072019051142090000490000024900000
072019051144890000650000059500000
072019051149990000040000086700000
072019051149990000710012411500000
072019051153090000650000076300000
072019051159990000160000051700000
072019051162690000060000032900000
072019051162690000210000016700000
072019051162690000290000067300000
072019051170390000170000034200000
072019051170390000440000293100000
072019051171290000250001992600000
072019051174690000250009215600000
072019051174690000360000130000000
072019051179990000180000097900000
072019051179990000740000142200000
072019051179990000810000124600000
072019051185190000060000002600000
072019051185190000090000031300000
072019051195290000280000002600000
072019051199990000120000001100000
072019051199990000180000001900000
072019051199990000250000337200000
072019051199990000650000002700000
072019051199990000800000001500000
072019051999990000220000840200000
072019051999990000230273182500007
072019051999990000270001675500000
072019051010490000070000006400000
072019051010490000180000014900000
072019051011190000090000937600000
072019051011190000300010063500000
072019051011490000140000091500000
072019051011890000060000035000000
072019051011890000240000027000000
072019051011890000620000082000000
072019051012190000060000015700000
072019051012990000260000028200000
072019051012990000280000104800000
072019051014190000010000090600000
072019051014190000720012214500000
072019051019990000130000140400000
072019051019990000240000229700000
072019051022290000130000004100000
072019051022290000240000047200000
072019051024490000010000011400000
072019051024490000200000590100000
072019051024490000230001084800000
072019051029990000050000019400000
072019051033390000160000044700000
072019051040790000030012253200000
072019051040790000380001599300000
072019051040790000740000031300000
072019051049990000180000020500000
072019051049990000660000040700000
072019051053590000050000022700000
072019051053590000280000068200000
072019051063990000290000095800000
072019051069990000120000013400000
072019051070290000070000021900000
072019051070290000130000005700000
072019051071390000010000033300000
072019051071390000200001812200000
072019051071690000130000002900000
072019051071690000280000012900000
072019051071990000050000006000000
072019051071990000100000001900000
072019051074590000080000030200000
072019051074590000220000012300000
072019051074590000300009874100000
072019051074590000320000020400000
072019051079990000010000113800000
072019051079990000210000082100000
072019051079990000260000043900000
072019051080590000210000008400000
072019051080590000260000002700000
072019051080990000090000194200000
072019051082490000040000018900000
072019051082490000230003374000000
072019051082490000310000036700000
072019051083490000020000003600000
072019051083490000170000001500000
072019051083490000210000008400000
072019051084090000150000011300000
072019051084790000070000010600000
072019051084790000080000021100000
072019051084790000230004867600000
072019051084790000250002517100000
072019051084990000010000012100000
072019051084990000170000003200000
072019051089990000260000065000000
072019051090890000140000080300000
072019051091790000250000536100000
072019051091790000290000080600000
072019051091790000740000014500000
072019051092590000100000002600000
072019051092590000230001148600000
072019051099990000070000096900000
072019051099990000270000488200000
072019051100690000140000005800000
072019051100690000300009090500000
072019051101090000020000035700000
072019051101090000040000005900000
072019051101090000060000014600000
072019051101090000150000050000000
072019051101090000280000034900000
072019051109990000200004079100000
072019051109990000650000085100000
072019051111590000290000178000000
072019051111590000650000082800000
072019051111590000790000053700000
072019051112790000120000011700000
072019051112790000140000006400000
072019051112790000320000004400000
072019051113290000350000081900000
072019051119990000030051124600000
072019051122890000100000067200000
072019051129990000090005041500000
072019051133190000220000006300000
072019051139990000050000036700000
072019051139990000090000352400000
072019051139990000120000022700000
072019051139990000140000011200000
072019051139990000200003978000000
072019051142090000370011259500000
072019051153090000140000014800000
072019051159990000010000075400000
072019051159990000130000023200000
072019051159990000220000020100000
072019051162690000180000009000000
072019051170390000080000035000000
072019051170390000120000032400000
072019051170390000130000027000000
072019051170390000230011650800000
072019051170390000300018908200000
072019051174690000010000139100000
072019051174690000140000018100000
072019051179990000290000740700000
072019051185190000170000000800000
072019051189990000300000893000000
072019051189990000650000003000000
072019051195290000150000001200000
072019051195290000210000002300000
072019051195290000240000003000000
072019051199990000140000000800000
072019051999990000080001169900000
072019051999990000110001908000000
072019051010490000040000007200000
072019051010490000170000006900000
072019051011190000030019860200000
072019051011190000230007617900000
072019051011890000030017867600000
072019051012390000050000012300000
072019051012990000060000055400000
072019051012990000100000021100000
072019051012990000220000040200000
072019051014190000180000074600000
072019051014190000230011516700000
072019051014190000310000165000000
072019051019990000260000200500000
072019051019990000290000886500000
072019051022290000070000002800000
072019051024490000070000002100000
072019051024490000140000001100000
072019051024490000310000010200000
072019051025090000020000018600000
072019051025090000050000012800000
072019051025090000280000069300000
072019051029990000040000059100000
072019051029990000090000674600000
072019051029990000150000051100000
072019051029990000310000157200000
072019051029990000540001324100000
072019051033390000510000107700000
072019051039990000100000014600000
072019051039990000210000042400000
072019051039990000250003891300000
072019051040790000250003198300000
072019051040790000300008843200000
072019051040790000690004384100000
072019051049990000030012253200000
072019051049990000810000037600000
072019051053590000120000040200000
072019051053590000310000175400000
072019051053890000330011833800000
072019051059990000090001485200000
072019051059990000110000057800000
072019051059990000180000044400000
072019051059990000250002968300000
072019051063990000110000050100000
072019051069990000140000009200000
072019051069990000310000080100000
072019051070290000110000016700000
072019051070290000220000003000000
072019051071690000320000001400000
072019051071990000110000014100000
072019051071990000150000011600000
072019051071990000200001233000000
072019051079990000030043429200000
072019051080590000200000615000000
072019051080990000050000013100000
072019051080990000120000011500000
072019051082490000120000011600000
072019051083490000200000706100000
072019051083490000220000002100000
072019051083790000280000023500000
072019051084290000090000030500000
072019051084290000240000003200000
072019051084790000130000008700000
072019051084790000650000034100000
072019051084990000790000008400000
072019051089990000130000045300000
072019051089990000200010924100000
072019051089990000790000095400000
072019051090890000080000086100000
072019051090890000090003780900000
072019051090890000220000076700000
072019051090890000340000343100000
072019051091790000140000017000000
072019051092590000010000023400000
072019051099990000100000051600000
072019051099990000250006828600000
072019051100690000010000048200000
072019051100690000080000014900000
072019051111590000090000712400000
072019051112790000010000025800000
072019051113690000050000033600000
072019051113690000240000065000000
072019051119990000100000052700000
072019051119990000230009741600000
072019051119990000250003789200000
072019051122890000180000172600000
072019051122890000230058987700000
072019051133190000120000022700000
072019051139990000250001434900000
072019051140190000320000009400000
072019051142090000290000108200000
072019051142090000300001586100000
072019051144890000080000015900000
072019051144890000280000039600000
072019051159990000070000050200000
072019051159990000280000134400000
072019051169990000280000025000000
072019051169990000790000013900000
072019051170390000050000055900000
072019051170390000260000029800000
072019051179990000320000069200000
072019051189990000210000004100000
072019051195290000090000033100000
072019051195290000230000268700000
072019051199990000110000001400000
072019051199990000320000020400000
072019051999990000050001561500000
072019051999990000070001243000000
072019051011190000620000103600000
072019051011490000050000014100000
072019051011490000280000052900000
072019051011890000050000091400000
072019051011890000590000037700000
072019051012390000120000008600000
072019051012390000290000051200000
072019051014190000250006543400000
072019051025090000100000010200000
072019051025090000120000024100000
072019051025090000200005177000000
072019051029990000210000055700000
072019051029990000320000022600000
072019051033390000120000607100000
072019051033390000150000188800000
072019051039990000160000044700000
072019051039990000430000190200000
072019051039990000810000031000000
072019051053590000080000022400000
072019051063990000150000028100000
072019051069990000230004373000000
072019051071390000040000005600000
072019051071390000240000010300000
072019051071690000090000088900000
072019051074590000110000023300000
072019051079990000100000018100000
072019051079990000280000140200000
072019051080590000100000001700000
072019051080990000140000003900000
072019051082490000790000016800000
072019051083490000120000003700000
072019051083790000200001212200000
072019051084090000230001337000000
072019051084090000250000604400000
072019051084290000020000002400000
072019051084790000170000004800000
072019051084990000030003752100000
072019051089990000230020394000000
072019051089990000320000035200000
072019051090890000770064883600000
072019051091790000090000385400000
072019051091790000340000017800000
072019051091790000770015069800000
072019051092590000080000005600000
072019051094390000120000010200000
072019051094390000180000018300000
072019051094390000250000935700000
072019051094390000280000028800000
072019051099990000220000097500000
072019051100690000230004289500000
072019051109990000320000387300000
072019051111590000300016964100000
072019051112790000310000039700000
072019051112790000790000013500000
072019051113690000580000518300000
072019051129990000060000560100000
072019051133190000070000033200000
072019051139990000010000091100000
072019051140190000090000163000000
072019051142090000320000007200000
072019051144890000180000018300000
072019051144890000230001598700000
072019051144890000780000030400000
072019051149990000240000507300000
072019051149990000490000078500000
072019051149990000760000093600000
072019051153090000060000048700000
072019051153090000150000036800000
072019051171290000080000014600000
072019051171290000260000015300000
072019051171290000280000038900000
072019051171290000320000006200000
072019051174690000280000148700000
072019051179990000050000125200000
072019051179990000300052260200000
072019051185190000290000014100000
072019051185190000650000003000000
072019051189990000020000009800000
072019051189990000120000001000000
072019051195290000290000028100000
072019051199990000200000095700000
072019051199990000280000002600000
072019051199990000300000983000000
072019051011190000050000037400000
072019051011890000280000076900000
072019051012190000230002691500000
072019051012390000030015960500000
072019051012390000720002952800000
072019051012990000010000076600000
072019051012990000030024492200000
072019051012990000050000025200000
072019051014190000130000026700000
072019051019990000100000088600000
072019051019990000120000146900000
072019051029990000100000013900000
072019051033390000090000606000000
072019051033390000170000009000000
072019051033390000230007099700000
072019051040790000310000095400000
072019051049990000470002046400000
072019051053590000630000066300000
072019051053890000150000029900000
072019051053890000300007119400000
072019051053890000320000021900000
072019051063990000100000013800000
072019051063990000300008476000000
072019051071390000020000007400000
072019051071390000080000010000000
072019051071390000110000018400000
072019051071690000080000005600000
072019051071690000140000001900000
072019051071690000200000766800000
072019051074590000120000013000000
072019051080590000180000004800000
072019051080590000240000005600000
072019051080590000250000762700000
072019051080990000300005193100000
072019051082490000320000005500000
072019051083790000080000008700000
072019051084290000290000011200000
072019051084790000040000022600000
072019051084790000300008183800000
072019051084990000260000003700000
072019051089990000100000065900000
072019051089990000140000024200000
072019051089990000210000132000000
072019051089990000650000159500000
072019051090890000270000368700000
072019051092590000570000014900000
072019051092590000640000026100000
072019051094390000260000009600000
072019051094390000570000044800000
072019051099990000080000117200000
072019051099990000090004822900000
072019051100690000290000051200000
072019051101090000240000009000000
072019051109990000040000017100000
072019051109990000120000030300000
072019051109990000220000037200000
072019051109990000250003412400000
072019051111590000450007644100000
072019051112790000230000978700000
072019051119990000310000400100000
072019051129990000300071587100000
072019051133190000260000016000000
072019051133190000650000046500000
072019051139990000210000060500000
072019051142090000100000005200000
072019051142090000140000006700000
072019051142090000180000012900000
072019051142090000250000320300000
072019051142090000650000038200000
072019051144890000100000010300000
072019051144890000290000155000000
072019051144890000460010859500000
072019051149990000170000019500000
072019051149990000460024693700000
072019051153090000090000911500000
072019051153090000230009052300000
072019051153090000240000038900000
072019051159990000320000024500000
072019051162690000090000135700000
072019051162690000250000841700000
072019051169990000240000017000000
072019051169990000320000010600000
072019051170390000660000103700000
072019051171290000050000031400000
072019051174690000150000091100000
072019051179990000130000059500000
072019051185190000300000893000000
072019051189990000080000000700000
072019051195290000100000001300000
072019051195290000260000006600000
072019051199990000130000001000000
072019051199990000310000033000000
072019051011490000070000009900000
072019051011490000110000054200000
072019051011890000250003690300000
072019051012190000790000013600000
072019051012390000230004104600000
072019051014190000110000074900000
072019051019990000030154789600000
072019051022290000790000012100000
072019051024490000150000006000000
072019051024490000240000013100000
072019051024490000300001896900000
072019051025090000010000057000000
072019051029990000170000014800000
072019051033390000730007694900000
072019051040790000010000069300000
072019051049990000380001599300000
072019051049990000520000033000000
072019051053590000110000031500000
072019051053890000120000021400000
072019051053890000260000020600000
072019051059990000050000040300000
072019051059990000070000083200000
072019051059990000280000115400000
072019051059990000330018637200000
072019051063990000120000013400000
072019051063990000160000029200000
072019051070290000050000053900000
072019051071990000790000008000000
072019051074590000050000074200000
072019051080590000020000003700000
072019051080590000280000014800000
072019051080990000130000007200000
072019051082490000030009942500000
072019051082490000090000255700000
072019051082490000300006903900000
072019051083790000060000016000000
072019051083790000100000005300000
072019051083790000250001243000000
072019051083790000260000004600000
072019051083790000290000050900000
072019051084090000080000005200000
072019051084990000240000004700000
072019051089990000220000052800000
072019051090890000310000560000000
072019051091790000120000012400000
072019051091790000310000044200000
072019051092590000180000009300000
072019051092590000280000011900000
072019051100690000070000012700000
072019051100690000120000017500000
072019051109990000210000064700000
072019051111590000070000024100000
072019051113690000300013463900000
072019051122890000250031944300000
072019051129990000010000420300000
072019051133190000080000012100000
072019051139990000240000133600000
072019051142090000240000219800000
072019051144890000170000008300000
072019051144890000760000049500000
072019051149990000090000932300000
072019051149990000230003046400000
072019051153090000070000050200000
072019051153090000210000049300000
072019051153090000250007170400000
072019051159990000100000019100000
072019051159990000260000038400000
072019051159990000790000041000000
072019051162690000080000008700000
072019051169990000180000009000000
072019051169990000300005012400000
072019051174690000260000055600000
072019051174690000740000097200000
072019051179990000150000198000000
072019051185190000280000005400000
072019051189990000170000000800000
072019051189990000550000126000000
072019051195290000080000001700000
072019051199990000030000748700000
072019051010490000100000006400000
072019051011490000090000432700000
072019051012190000100000003900000
072019051012190000300005202000000
072019051012390000130000009400000
072019051012990000040000053400000
072019051012990000620000104000000
072019051012990000720007596000000
072019051014190000210000119000000
072019051019990000280000654500000
072019051022290000230001664800000
072019051025090000090000512100000
072019051025090000130000012600000
072019051025090000250003990000000
072019051029990000180000038900000
072019051033390000020000032700000
072019051033390000100000014600000
072019051039990000080000025400000
072019051049990000260000017700000
072019051053590000220000023900000
072019051053890000090000797700000
072019051053890000200004546900000
072019051053890000220000036000000
072019051053890000280000047200000
072019051053890000610000334800000
072019051063990000240000025400000
072019051063990000310000080100000
072019051069990000250002138100000
072019051069990000300008476000000
072019051071390000140000005200000
072019051074590000090000361500000
072019051074590000650000038200000
072019051079990000230013093700000
072019051079990000240000056700000
072019051080590000030002809100000
072019051080590000150000021500000
072019051080590000230001522500000
072019051080590000320000004100000
072019051083490000790000005300000
072019051083790000300006511700000
072019051084090000320000002200000
072019051084090000790000005100000
072019051084290000650000006900000
072019051084290000790000004700000
072019051084790000010000029400000
072019051084990000090000071200000
072019051084990000100000002700000
072019051084990000120000008200000
072019051089990000060000161000000
072019051089990000310000255000000
072019051090890000230022901500000
072019051091790000260000005800000
072019051092590000220000003700000
072019051094390000670002171800000
072019051100690000100000005600000
072019051111590000050000039400000
072019051111590000120000022900000
072019051113290000090000189100000
072019051113290000580000156700000
072019051113690000120000017600000
072019051113690000220000013900000
072019051119990000280000156600000
072019051119990000320000035400000
072019051122890000110000277800000
072019051122890000140000078100000
072019051122890000170000138400000
072019051129990000040000094000000
072019051129990000050000193000000
072019051129990000110000277800000
072019051133190000180000046100000
072019051140190000120000001600000
072019051140190000760000025300000
072019051142090000040000030800000
072019051142090000230000844900000
072019051144890000260000014900000
072019051149990000010000156900000
072019051149990000300007227400000
072019051153090000020000065200000
072019051162690000150000011600000
072019051162690000650000026100000
072019051169990000120000003200000
072019051174690000070000160600000
072019051174690000660000125200000
072019051179990000140000044100000
072019051185190000140000001300000
072019051185190000240000001600000
072019051189990000030001100800000
072019051189990000180000001300000
072019051195290000200000095700000
072019051199990000210000002300000
072019051010490000230003499300000
072019051011190000210000050600000
072019051011190000720007437400000
072019051011890000260000015700000
072019051012190000090000307500000
072019051012190000130000011900000
072019051012390000250002198300000
072019051012390000320000006600000
072019051012390000620000051900000
072019051012990000180000037400000
072019051014190000040000030100000
072019051014190000050000027000000
072019051014190000090001325200000
072019051022290000150000008700000
072019051022290000300002514500000
072019051024490000250000495900000
072019051025090000110000041400000
072019051029990000110000057800000
072019051039990000050000018800000
072019051039990000730007694900000
072019051049990000150000091700000
072019051049990000220000021800000
072019051053590000210000062400000
072019051053590000330006803400000
072019051053890000100000010400000
072019051063990000070000024200000
072019051063990000140000009200000
072019051069990000070000024200000
072019051070290000140000002200000
072019051070290000230002804500000
072019051071390000120000006700000
072019051074590000170000008000000
072019051080590000040000004400000
072019051080990000060000045200000
072019051080990000220000011900000
072019051080990000290000075800000
072019051083490000230001252300000
072019051084090000260000003000000
072019051084790000160000022000000
072019051084790000200002578200000
072019051090890000290000941100000
072019051090890000670024355500000
072019051091790000010000038800000
072019051094390000300001926800000
072019051099990000140000117800000
072019051100690000280000042500000
072019051101090000050000019900000
072019051109990000060000034400000
072019051111590000140000015100000
072019051111590000220000030100000
072019051111590000350000283200000
072019051112790000030006490700000
072019051112790000240000023900000
072019051112790000650000027700000
072019051112790000750000010800000
072019051113290000030006177700000
072019051113290000280000015500000
072019051113690000230003379300000
072019051113690000680004951200000
072019051113690000790000042000000
072019051119990000290000411000000
072019051122890000060000560100000
072019051133190000040000024800000
072019051133190000130000018500000
072019051133190000300006380000000
072019051139990000150000023500000
072019051139990000280000040700000
072019051140190000070000017000000
072019051140190000150000010000000
072019051140190000180000007900000
072019051142090000090000264700000
072019051142090000120000004300000
072019051144890000040000034000000
072019051144890000150000025000000
072019051144890000300003627600000
072019051149990000120000017700000
072019051149990000250001372600000
072019051153090000280000134400000
072019051159990000080000036200000
072019051159990000200005131600000
072019051162690000020000019600000
072019051162690000280000025000000
072019051169990000020000019600000
072019051170390000140000018700000
072019051170390000180000038000000
072019051171290000100000002700000
072019051171290000300006750100000
072019051171290000360000025500000
072019051179990000360000201500000
072019051179990000520000122900000
072019051179990000570019350600000
072019051185190000040000000900000
072019051189990000070000000700000
072019051189990000110000001400000
072019051189990000260000001000000
072019051189990000310000005000000
072019051195290000300000983000000
072019051999990000010002927600000
072019051011190000110000046100000
072019051011190000170000016700000
072019051011890000150000045500000
072019051011890000170000006800000
072019051012190000040000005900000
072019051012190000050000029800000
072019051012190000140000136100000
072019051012190000260000013100000
072019051012190000720002185200000
072019051014190000260000053800000
072019051019990000230049683000000
072019051022290000020000003500000
072019051024490000080000006000000
072019051024490000130000001400000
072019051024490000210000007500000
072019051025090000290000131400000
072019051029990000070000013000000
072019051039990000280000129100000
072019051049990000140000023400000
072019051053590000130000029800000
072019051053590000240000099600000
072019051053590000250001601800000
072019051053590000320000017300000
072019051063990000280000045000000
072019051069990000060000063100000
072019051069990000150000028100000
072019051070290000060000014100000
072019051071390000090000242600000
072019051071690000020000002700000
072019051071990000160000013500000
072019051071990000240000008300000
072019051074590000030014584200000
072019051079990000090001100900000
072019051079990000650000104600000
072019051080590000070000002900000
072019051080990000020000059700000
072019051080990000280000026200000
072019051080990000650000031900000
072019051082490000200002252200000
072019051083490000320000002000000
072019051083790000220000003800000
072019051084290000140000001300000
072019051084290000160000003000000
072019051084790000150000024900000
072019051084990000080000005500000
072019051084990000200000710200000
072019051090890000040000118900000
072019051090890000180000146000000
072019051091790000070000013500000
072019051091790000300001061900000
072019051092590000250000308100000
072019051094390000170000011400000
072019051099990000230029543500000
072019051099990000260000079600000
072019051099990000280000286800000
072019051099990000290001153500000
072019051109990000240000031200000
072019051111590000310000174100000
072019051112790000090000167200000
072019051113290000240000023700000
072019051113690000070000017900000
072019051119990000260000058600000
072019051122890000030104382700000
072019051129990000220000089800000
072019051129990000250031944300000
072019051129990000260000106100000
072019051129990000290000957300000
072019051133190000460005440600000
072019051139990000180000046100000
072019051139990000220000006300000
072019051139990000300006380000000
072019051140190000010000048300000
072019051140190000250000335000000
072019051142090000010000039600000
072019051142090000260000006200000
072019051144890000140000007000000
072019051149990000180000039100000
072019051159990000180000058400000
072019051159990000230009052300000
072019051170390000570003724800000
072019051179990000010000263200000
072019051189990000200000110800000
072019051189990000290000014100000
072019051195290000010000003400000
072019051199990000050000009600000
072019051999990000100000554300000
072019051999990000200225885700006
072019051999990000310005000200000
072019051010490000120000007300000
072019051011190000010000072600000
072019051011190000280000109200000
072019051011190000320000019200000
072019051011490000020000053800000
072019051011490000240000022200000
072019051011890000230005974800000
072019051012190000070000006500000
072019051012190000590000020600000
072019051012990000020000056000000
072019051012990000130000030600000
072019051012990000150000055500000
072019051014190000020000062900000
072019051014190000120000033000000
072019051022290000030004225000000
072019051022290000260000002900000
072019051025090000210000039700000
072019051029990000030023935800000
072019051029990000240000113300000
072019051039990000070000016800000
072019051040790000120000017300000
072019051049990000050000021100000
072019051049990000320000014100000
072019051053590000230003745300000
072019051053590000260000034700000
072019051069990000050000019500000
072019051069990000090000427100000
072019051069990000180000024800000
072019051069990000210000030500000
072019051070290000030008091200000
072019051070290000120000005000000
072019051070290000260000009700000
072019051071990000030004553600000
072019051071990000310000033400000
072019051071990000320000004800000
072019051074590000240000017300000
072019051079990000060000076400000
072019051079990000150000077400000
072019051079990000290000199100000
072019051079990000310000222300000
072019051082490000210000023800000
072019051083490000050000003500000
072019051083490000240000004000000
072019051083790000120000012300000
072019051084090000060000009100000
072019051084090000240000005200000
072019051084090000280000013300000
072019051084090000310000010200000
072019051084290000100000001600000
072019051084790000060000030900000
072019051084790000310000048900000
072019051084990000210000008200000
072019051089990000070000076600000
072019051089990000090001158000000
072019051089990000110000148500000
072019051089990000290000385800000
072019051091790000570000026600000
072019051092590000070000003700000
072019051092590000140000007000000
072019051092590000270000025900000
072019051092590000290000038900000
072019051094390000010000040400000
072019051094390000050000021500000
072019051094390000340000019700000
072019051099990000010000459900000
072019051099990000770098135700000
072019051100690000030017532100000
072019051100690000210000050700000
072019051100690000790000014100000
072019051101090000010000035500000
072019051101090000080000008600000
072019051109990000260000025500000
072019051111590000320000014800000
072019051113290000310000055600000
072019051113690000650000065800000
072019051119990000180000061700000
072019051119990000580001537500000
072019051122890000080000304700000
072019051122890000150000738800000
072019051133190000150000023500000
072019051140190000030003570900000
072019051142090000080000004900000
072019051144890000090000504600000
072019051144890000710006762500000
072019051149990000370038057700000
072019051159990000060000048700000
072019051162690000030006022900000
072019051171290000290000076100000
072019051174690000700012818800000
072019051185190000110000001400000
072019051185190000180000001300000
072019051185190000260000001000000
072019051189990000220000001100000
072019051195290000040000000400000
072019051195290000220000000800000
072019051195290000560000592700000
072019051010490000320000003700000
072019051011190000790000029600000
072019051011490000210000035500000
072019051011490000260000014400000
072019051011490000310000051400000
072019051011890000020000041200000
072019051011890000040000051800000
072019051011890000090000566600000
072019051011890000790000021000000
072019051012190000010000028700000
072019051012390000100000010900000
072019051012990000110000056200000
072019051012990000120000027300000
072019051012990000240000039400000
072019051012990000310000129000000
072019051022290000140000002000000
072019051022290000210000008500000
072019051024490000040000003000000
072019051024490000320000001300000
072019051029990000080000043300000
072019051029990000120000028600000
072019051029990000200006849300000
072019051033390000080000025400000
072019051033390000430000190200000
072019051039990000240000057500000
072019051040790000140000023400000
072019051040790000220000021800000
072019051040790000280000084100000
072019051049990000130000024100000
072019051049990000230004936900000
072019051049990000600001244700000
072019051053890000010000066000000
072019051053890000230003057200000
072019051069990000030011750800000
072019051069990000130000018000000
072019051069990000170000012700000
072019051069990000200002679300000
072019051069990000650000065000000
072019051070290000170000004000000
072019051070290000300005554700000
072019051071390000310000078300000
072019051071690000650000008700000
072019051071690000790000004500000
072019051071990000090000177900000
072019051074590000230004219500000
072019051079990000110000078900000
072019051079990000180000037300000
072019051079990000790000047300000
072019051080590000010000012000000
072019051080590000110000008800000
072019051080990000030006637000000
072019051080990000080000011800000
072019051080990000260000009900000
072019051083490000060000009200000
072019051083490000100000003900000
072019051083490000110000008600000
072019051083790000050000008100000
072019051083790000140000004400000
072019051083790000150000013500000
072019051084090000300002635600000
072019051084290000170000001200000
072019051084790000790000019800000
072019051084990000070000004000000
072019051090890000100000035600000
072019051090890000320000097800000
072019051091790000170000007100000
072019051091790000180000013500000
072019051092590000040000006300000
072019051092590000310000023000000
072019051094390000100000006900000
072019051099990000120000087000000
072019051099990000130000087700000
072019051099990000500000266800000
072019051101090000070000031200000
072019051101090000130000005800000
072019051112790000070000006300000
072019051112790000450001919200000
072019051113290000180000006000000
072019051113290000320000003200000
072019051113690000010000065000000
072019051113690000040000022600000
072019051113690000130000022700000
072019051119990000220000062000000
072019051119990000450017208800000
072019051122890000260000106100000
072019051129990000030104382700000
072019051129990000310000635100000
072019051133190000030009516400000
072019051133190000110000037000000
072019051133190000140000011200000
072019051144890000220000011200000
072019051144890000240000207800000
072019051144890000250000717300000
072019051144890000370022712700000
072019051149990000280000069600000
072019051153090000260000038400000
072019051159990000030020601500000
072019051159990000250007170400000
072019051162690000200001354400000
072019051169990000250000841700000
072019051171290000120000007000000
072019051171290000520000014900000
072019051174690000440000665600000
072019051185190000050000001800000
072019051185190000100000000200000
072019051185190000200000110800000
072019051185190000320000000600000
072019051189990000140000001300000
072019051199990000040000000400000
072019051999990000160029649100000
072019051010490000210000018200000
072019051011490000100000006300000
072019051011490000130000012600000
072019051011890000130000015700000
072019051011890000320000008200000
072019051012190000180000011300000
072019051012190000280000043100000
072019051012390000260000010500000
072019051012390000790000012000000
072019051012990000070000037600000
072019051014190000080000041600000
072019051019990000150000454500000
072019051019990000180000266000000
072019051019990000720044291700000
072019051022290000180000004700000
072019051022290000250000745000000
072019051022290000310000035000000
072019051024490000020000003400000
072019051033390000040000024100000
072019051033390000180000074900000
072019051039990000230007099700000
072019051049990000070000052700000
072019051053890000250001366500000
072019051053890000290000167500000
072019051059990000030028703300000
072019051059990000630000119700000
072019051063990000010000043200000
072019051063990000180000024800000
072019051063990000260000015400000
072019051063990000320000009500000
072019051069990000110000050100000
072019051069990000240000025400000
072019051071690000050000016000000
072019051071690000120000003800000
072019051071690000220000001400000
072019051071690000230001072300000
072019051071990000650000012700000
072019051074590000250003290900000
072019051079990000040000032200000
072019051079990000080000070700000
072019051080590000310000017400000
072019051080990000010000049300000
072019051080990000110000028900000
072019051080990000180000014700000
072019051082490000060000028600000
072019051082490000080000018500000
072019051082490000160000018300000
072019051083790000180000009600000
072019051084090000090000075400000
072019051084290000080000003200000
072019051084290000150000003600000
072019051084290000300001377500000
072019051084790000240000016800000
072019051089990000180000081600000
072019051091790000270000050200000
072019051091790000320000010700000
072019051094390000400007135200000
072019051100690000320000138600000
072019051101090000230002508900000
072019051101090000290000037200000
072019051101090000790000013800000
072019051109990000310000087600000
072019051111590000250001637600000
072019051113290000150000012300000
072019051119990000240000197400000
072019051119990000350000649200000
072019051129990000160000444500000
072019051129990000790000225900000
072019051133190000390002720200000
072019051139990000130000018500000
072019051139990000170000010600000
072019051139990000230002523300000
072019051142090000710003749700000
072019051159990000110000046100000
072019051162690000050000006000000
072019051169990000040000007200000
072019051169990000090000135700000
072019051169990000220000009500000
072019051170390000280000137000000
072019051171290000130000006200000
072019051171290000220000004000000
072019051171290000230003509900000
072019051174690000030040938800000
072019051174690000080000053800000
072019051174690000220000028100000
072019051179990000080000103400000
072019051179990000170000071600000
072019051185190000250000674800000
072019051189990000050000001800000
072019051195290000020000001300000
072019051199990000020000001300000
072019051199990000070000000900000
072019051199990000080000001700000
072019051999990000260000907600000
072019051010490000090000341500000
072019051010490000140000028000000
072019051010490000720001918200000
072019051012190000170000006400000
072019051014190000220000043500000
072019051019990000320000082300000
072019051022290000200001082200000
072019051022290000220000003400000
072019051029990000140000009900000
072019051029990000290000183800000
072019051033390000130000019000000
072019051033390000810000031000000
072019051039990000260000024200000
072019051040790000180000020500000
072019051040790000230004936900000
072019051040790000600001244700000
072019051049990000120000017300000
072019051053590000410000133000000
072019051053890000030014151900000
072019051059990000120000061600000
072019051059990000410000246000000
072019051063990000170000012700000
072019051063990000210000030500000
072019051069990000010000043200000
072019051069990000320000009500000
072019051070290000210000018700000
072019051070290000790000010600000
072019051071690000060000007900000
072019051071690000100000001300000
072019051071690000180000004500000
072019051071690000250000794700000
072019051071990000010000012700000
072019051071990000060000017500000
072019051079990000140000019300000
072019051079990000250008811200000
072019051080590000120000002500000
072019051080590000220000003700000
072019051082490000240000020000000
072019051083490000150000006200000
072019051083490000180000005300000
072019051083490000650000009000000
072019051083790000210000018400000
072019051083790000790000012600000
072019051084090000110000008600000
072019051084090000180000007800000
072019051084290000130000001300000
072019051084290000320000001400000
072019051084990000060000008000000
072019051084990000160000005500000
072019051084990000220000003000000
072019051089990000020000116800000
072019051090890000070000069000000
072019051091790000040000012200000
072019051092590000260000005800000
072019051092590000500000013500000
072019051099990000150000158400000
072019051099990000170000109000000
072019051099990000340000395700000
072019051101090000140000003200000
072019051109990000150000094900000
072019051109990000160000026700000
072019051109990000290000088400000
072019051111590000580000649000000
072019051113290000260000007400000
072019051113290000300006409300000
072019051119990000120000065500000
072019051119990000530000133100000
072019051129990000150000738800000
072019051133190000200003978000000
072019051133190000230002523300000
072019051139990000260000016000000
072019051139990000650000046500000
072019051140190000300002013700000
072019051142090000030006689100000
072019051144890000070000012400000
072019051144890000310000101300000
072019051149990000050000118600000
072019051149990000140000016700000
072019051149990000650000118900000
072019051153090000030020601500000
072019051153090000110000046100000
072019051153090000290000173100000
072019051162690000100000002400000
072019051169990000030006022900000
072019051169990000100000002400000
072019051171290000070000006200000
072019051174690000170000032500000
072019051195290000170000001300000
072019051999990000170000680900000
072019051010490000150000017100000
072019051011190000180000047100000
072019051011490000010000046400000
072019051011890000220000051100000
072019051012390000020000007600000
072019051012390000110000028100000
072019051012390000240000010900000
072019051012990000300016859600000
072019051012990000790000040600000
072019051019990000050000249300000
072019051019990000080000178100000
072019051019990000250028874800000
072019051019990000310000788200000
072019051022290000280000018200000
072019051025090000420000118300000
072019051029990000250005230900000
072019051033390000010000063000000
072019051033390000140000007600000
072019051033390000220000019500000
072019051033390000300009937000000
072019051039990000130000019000000
072019051040790000170000017800000
072019051040790000240001055800000
072019051049990000690004384100000
072019051053890000790000026800000
072019051059990000080000040300000
072019051063990000040000016800000
072019051063990000200002679300000
072019051069990000220000020700000
072019051070290000100000003200000
072019051071390000220000008400000
072019051071390000290000042700000
072019051071990000300003015000000
072019051074590000210000025900000
072019051079990000020000079700000
072019051083490000080000004900000
072019051083490000160000012100000
072019051083790000170000003600000
072019051083790000240000013600000
072019051083790000650000014300000
072019051084090000130000003500000
072019051084090000290000046400000
072019051084790000120000010400000
072019051084990000110000009500000
072019051089990000050000118300000
072019051091790000100000006500000
072019051091790000500000027800000
072019051092590000400002898900000
072019051094390000130000008900000
072019051094390000310000071700000
072019051099990000300017675200000
072019051099990000310000698900000
072019051099990000320000129600000
072019051100690000200002452600000
072019051101090000210000014000000
072019051109990000110000053000000
072019051109990000130000017300000
072019051113290000120000013300000
072019051113290000530000014800000
072019051113690000310000130700000
072019051119990000040000084000000
072019051122890000300071587100000
072019051129990000240000280100000
072019051139990000460005440600000
072019051140190000370004085500000
072019051142090000150000014000000
072019051142090000220000007400000
072019051142090000280000017000000
072019051142090000760000018800000
072019051149990000320000028200000
072019051153090000180000058400000
072019051159990000290000173100000
072019051159990000310000146100000
072019051162690000220000009500000
072019051169990000050000006000000
072019051170390000010000091300000
072019051170390000310000293400000
072019051171290000030009458000000
072019051171290000150000016100000
072019051171290000240000169100000
072019051174690000240000349100000
072019051174690000520000058700000
072019051179990000070000346800000
072019051179990000440001238800000
072019051179990000700022420700000
072019051185190000070000000700000
072019051185190000130000001000000
072019051185190000150000001900000
072019051189990000100000000200000
072019051195290000320000020400000
072019051999990000090029554600000
072019051010490000250003217300000
072019051010490000290000055300000
072019051011190000080000022100000
072019051011190000120000028400000
072019051011490000030015923300000
072019051011490000230005069200000
072019051011890000210000064500000
072019051011890000290000133200000
072019051012190000080000009200000
072019051012190000110000019600000
072019051012390000280000049800000
072019051012390000300008202000000
072019051012990000250005248100000
072019051012990000320000013300000
072019051019990000170000078200000
072019051022290000080000006400000
072019051024490000420000017500000
072019051025090000080000030900000
072019051025090000180000029600000
072019051025090000240000053000000
072019051025090000540001011700000
072019051029990000790000050500000
072019051033390000030020164200000
072019051033390000320000009800000
072019051039990000010000063000000
072019051039990000090000606000000
072019051039990000150000188800000
072019051039990000650000090700000
072019051040790000070000052700000
072019051040790000100000009700000
072019051040790000520000033000000
072019051049990000280000084100000
072019051053590000040000035100000
072019051053590000290000164700000
072019051053890000170000026700000
072019051059990000240000181800000
072019051059990000260000055300000
072019051059990000290000332200000
072019051063990000230004373000000
072019051069990000160000029200000
072019051069990000260000015400000
072019051070290000240000012100000
072019051070290000250001524400000
072019051070290000650000024900000
072019051071390000070000007800000
072019051071390000100000006200000
072019051071390000130000007400000
072019051071390000160000012000000
072019051071390000170000004400000
072019051071990000080000014400000
072019051071990000140000004100000
072019051074590000020000058800000
072019051079990000220000028300000
072019051080590000060000008100000
072019051080590000130000001800000
072019051080590000290000020400000
072019051080990000150000017800000
072019051082490000110000034100000
072019051083490000070000003000000
072019051083790000320000008400000
072019051084090000030002791100000
072019051084090000200000714400000
072019051084090000210000008400000
072019051084290000310000008500000
072019051084790000050000025900000
072019051084790000110000026900000
072019051084990000130000003600000
072019051094390000040000032800000
072019051094390000770009983500000
072019051099990000640000467900000
072019051101090000110000020900000
072019051101090000320000248700000
072019051101090000650000040500000
072019051111590000750000038100000
072019051112790000150000014900000
072019051112790000180000008300000
072019051112790000220000007700000
072019051112790000290000051200000
072019051113290000230001267200000
072019051113290000650000021000000
072019051113690000100000017600000
072019051113690000150000043100000
072019051113690000280000054900000
072019051113690000450006006700000
072019051119990000650000197300000
072019051122890000290000957300000
072019051122890000650000283100000
072019051122890000790000225900000
072019051129990000230058987700000
072019051133190000050000036700000
072019051139990000100000045800000
072019051140190000140000003000000
072019051140190000240000079700000
072019051142090000050000061500000
072019051149990000780000063600000
072019051153090000220000020100000
072019051159990000150000036800000
072019051159990000300019689900000
072019051162690000140000002300000
072019051162690000240000017000000
072019051162690000260000006600000
072019051162690000320000010600000
072019051169990000310000033700000
072019051171290000440000280100000
072019051174690000100000017800000
072019051174690000290000367500000
072019051179990000660000256800000
072019051185190000220000001100000
072019051189990000090000031300000
072019051195290000110000001400000
072019051195290000140000000800000
072019051195290000650000002700000
072019051199990000150000001200000
072019051199990000170000001300000
072019051199990000290000028100000
072019051199990000560000592700000
072019051999990000190002850800000
072019051010490000060000019400000
072019051010490000130000007700000
072019051010490000260000006900000
072019051011190000590000062100000
072019051011890000180000025900000
072019051012190000240000010300000
072019051012390000220000006900000
072019051012990000210000050500000
072019051012990000290000183900000
072019051014190000790000045300000
072019051019990000090005481700000
072019051019990000620000619400000
072019051022290000100000002300000
072019051022290000320000004900000
072019051024490000090000053800000
072019051024490000540000131600000
072019051025090000220000010600000
072019051029990000130000018100000
072019051033390000050000018800000
072019051033390000210000042400000
072019051033390000290000126200000
072019051040790000150000091700000
072019051049990000740000031300000
072019051053590000150000037100000
072019051053890000140000010400000
072019051059990000010000141300000
072019051063990000030011750800000
072019051063990000790000025600000
072019051070290000010000023200000
072019051070290000310000049600000
072019051071690000310000009500000
072019051071990000020000004700000
072019051071990000130000003600000
072019051071990000260000002900000
072019051074590000010000030700000
072019051079990000130000028500000
072019051080990000040000031100000
072019051080990000160000018700000
072019051080990000310000044800000
072019051082490000070000012500000
072019051082490000170000003800000
072019051083490000140000001800000
072019051083790000040000010300000
072019051083790000160000011800000
072019051084090000220000002200000
072019051084290000050000003100000
072019051084990000050000007500000
072019051084990000310000038100000
072019051090890000130000065500000
072019051090890000150000129100000
072019051091790000230002048500000
072019051092590000090000156000000
072019051092590000300000981300000
072019051092590000320000005100000
072019051094390000070000010700000
072019051094390000480008807200000
072019051094390000500000028400000
072019051099990000570000385600000
072019051101090000170000005500000
072019051101090000260000009500000
072019051101090000310000033100000
072019051109990000070000043900000
072019051109990000140000009000000
072019051111590000100000025100000
072019051111590000180000028300000
072019051112790000040000019000000
072019051112790000170000005300000
072019051113290000130000008300000
072019051113290000290000058100000
072019051113690000080000015400000
072019051113690000170000021100000
072019051119990000680011849100000
072019051122890000280000674700000
072019051122890000310000635100000
072019051144890000030011028100000
072019051153090000790000041000000
072019051159990000090000911500000
072019051162690000130000004100000
072019051162690000170000005600000
072019051169990000060000032900000
072019051170390000040000024100000
072019051170390000810000042800000
072019051171290000310000038600000
072019051171290000570001966500000
072019051174690000300026601900000
072019051179990000120000068600000
072019051185190000310000005000000
072019051189990000280000005400000
072019051189990000320000000600000
072019051195290000120000001100000
072019051195290000310000033000000
072019051195290000800000001500000
072019051199990000260000006600000
072019051999990000140002399500000
072019051999990000180001293900000
072019051999990000300451920500012
072019051010490000010000032900000
072019051010490000050000012100000
072019051010490000110000016800000
072019051010490000220000005200000
072019051011190000310000197700000
072019051011490000060000023200000
072019051011490000080000017000000
072019051011490000150000026300000
072019051011490000620000096000000
072019051011890000110000042400000
072019051011890000720004833400000
072019051014190000170000016300000
072019051019990000110000338300000
072019051019990000220000199400000
072019051022290000010000022700000
072019051022290000120000003500000
072019051022290000290000039200000
072019051024490000650000008900000
072019051025090000170000009700000
072019051025090000230008707000000
072019051025090000650000060100000
072019051029990000300014361600000
072019051039990000510000107700000
072019051053590000100000016800000
072019051053590000790000027100000
072019051059990000140000026500000
072019051063990000050000019500000
072019051063990000060000063100000
072019051063990000250002138100000
072019051069990000020000077700000
072019051070290000020000006100000
072019051071390000030011290300000
072019051071390000180000009200000
072019051071390000260000010600000
072019051071690000110000006400000
072019051071690000290000017700000
072019051071990000180000005800000
072019051074590000040000011300000
072019051074590000140000005900000
072019051074590000150000035900000
072019051074590000260000015100000
072019051074590000290000056700000
072019051079990000050000169400000
072019051079990000070000057000000
072019051079990000120000033400000
072019051080990000070000012600000
072019051082490000130000009500000
072019051083490000010000012200000
072019051083490000030003409900000
072019051083490000130000003400000
072019051084090000070000002600000
072019051084090000140000001000000
072019051084290000110000007500000
072019051084990000180000006100000
072019051084990000250000673500000
072019051089990000010000182300000
072019051089990000170000026700000
072019051089990000300040817000000
072019051090890000500000197100000
072019051091790000220000006100000
072019051091790000640000038700000
072019051091790000670001523900000
072019051092590000670000788100000
072019051099990000400075623100000
072019051101090000030010273500000
072019051101090000100000005700000
072019051101090000120000012800000
072019051101090000180000010300000
072019051101090000200001626500000
072019051109990000090000443100000
072019051109990000170000014100000
072019051111590000040000033100000
072019051111590000130000028100000
072019051112790000130000007800000
072019051112790000260000006900000
072019051112790000680001093000000
072019051113290000080000007700000
072019051119990000150000130800000
072019051129990000130000142600000
072019051129990000170000138400000
072019051133190000210000060500000
072019051140190000160000015100000
072019051140190000220000002300000
072019051140190000310000044200000
072019051142090000070000019200000
072019051149990000290000330300000
072019051159990000240000038900000
072019051162690000070000003000000
072019051162690000790000013900000
072019051169990000150000011600000
072019051170390000360000046000000
072019051171290000040000008900000
072019051171290000180000008500000
072019051174690000050000037900000
072019051174690000130000026300000
072019051174690000180000051400000
072019051174690000320000032800000
072019051174690000570013659300000
072019051179990000030076312000000
072019051179990000040000060000000
072019051179990000260000100700000
072019051185190000020000009800000
072019051185190000030001100800000
072019051185190000790000001200000
072019051189990000130000001000000
072019051199990000060000001200000
072019051999990000020063309000001
072019051999990000120001417500000
072019051999990000210002158400000
072019051999990000280003243200000
072019051011190000220000024600000
072019051011190000290000151400000
072019051011490000040000008500000
072019051011490000720005154200000
072019051012990000230009209000000
072019051014190000240000051200000
072019051019990000210000381000000
072019051022290000170000003700000
072019051022290000540000180800000
072019051024490000030002676300000
072019051024490000110000005100000
072019051025090000300009950200000
072019051029990000010000091100000
072019051029990000020000025500000
072019051029990000220000016900000
072019051029990000230011456600000
072019051029990000650000087500000
072019051039990000140000007600000
072019051040790000080000021300000
072019051053590000090000687500000
072019051053590000180000025500000
072019051053890000130000017500000
072019051053890000410000113000000
072019051059990000230006802500000
072019051070290000040000006800000
072019051070290000200001689700000
072019051071390000790000012200000
072019051071690000040000003000000
072019051074590000070000015900000
072019051074590000160000018400000
072019051074590000180000012300000
072019051079990000170000020100000
072019051082490000250001635400000
072019051082490000280000028900000
072019051083790000010000021000000
072019051083790000030006096700000
072019051083790000130000006300000
072019051084090000120000003600000
072019051084790000210000023800000
072019051084790000260000010900000
072019051089990000240000087200000
072019051089990000250009715400000
072019051090890000170000084800000
072019051090890000570000299300000
072019051092590000740000009300000
072019051094390000140000013500000
072019051100690000020000041900000
072019051109990000010000083700000
072019051109990000030027805600000
072019051109990000080000023500000
072019051109990000790000027900000
072019051111590000530000053100000
072019051113690000750000041200000
072019051122890000090005041500000
072019051122890000210000483900000
072019051122890000220000089800000
072019051122890000240000280100000
072019051133190000100000045800000
072019051133190000170000010600000
072019051133190000290000195500000
072019051133190000780000031200000
072019051139990000290000195500000
072019051140190000080000002400000
072019051140190000230000602800000
072019051140190000460002887500000
072019051140190000780000013400000
072019051144890000490000035800000
072019051149990000220000020900000
072019051159990000020000065200000
072019051159990000040000014900000
072019051169990000200001354400000
072019051169990000230002135900000
072019051170390000090001183700000
072019051170390000220000043600000
072019051179990000090003426100000
072019051185190000010000001600000
072019051185190000550000126000000
072019051189990000240000001600000
072019051195290000060000001200000
072019051195290000180000001900000
072019051199990000240000003000000
072019051999990000060125213900003
072019051999990000250139368400003
072019051010490000030010181500000
072019051010490000620000029600000
072019051011490000120000013500000
072019051011490000590000028100000
072019051011890000140000130800000
072019051012390000590000016500000
072019051014190000620000127800000
072019051019990000140001945800000
072019051022290000090000108700000
072019051024490000050000001500000
072019051024490000120000001000000
072019051025090000030017034500000
072019051029990000420000180500000
072019051033390000310000151400000
072019051033390000650000090700000
072019051039990000020000032700000
072019051039990000170000009000000
072019051039990000290000126200000
072019051039990000300009937000000
072019051039990000320000009800000
072019051040790000810000037600000
072019051053590000070000054100000
072019051053890000070000029100000
072019051053890000630000053400000
072019051059990000150000067000000
072019051059990000220000059900000
072019051059990000610003829500000
072019051069990000280000045000000
072019051069990000290000095800000
072019051071390000210000015300000
072019051071390000300007516600000
072019051071690000160000007200000
072019051071990000280000018700000
072019051074590000130000008900000
072019051080990000240000014100000
072019051082490000140000003000000
072019051084290000060000005900000
072019051084290000210000004400000
072019051084290000220000001200000
072019051084790000140000003300000
072019051084790000180000019200000
072019051090890000260000058400000
072019051090890000640000358500000
072019051091790000480007223000000
072019051092590000120000004100000
072019051094390000220000011000000
072019051094390000290000092900000
072019051100690000060000019800000
072019051101090000250001350700000
072019051109990000020000077600000
072019051109990000230006798400000
072019051111590000030020138400000
072019051111590000080000022500000
072019051111590000170000022500000
072019051111590000280000072000000
072019051111590000680004850600000
072019051112790000050000003800000
072019051112790000350000102500000
072019051113290000680000954300000
072019051119990000010000204400000
072019051119990000140000037500000
072019051129990000020000246200000
072019051133190000240000133600000
072019051139990000030009516400000
072019051139990000070000033200000
072019051139990000080000012100000
072019051142090000310000062300000
072019051144890000320000011600000
072019051149990000260000027400000
072019051153090000170000020000000
072019051153090000320000024500000
072019051162690000040000007200000
072019051162690000160000012600000
072019051162690000230002135900000
072019051169990000080000008700000
072019051169990000290000067300000
072019051170390000030025915200000
072019051170390000070000180000000
072019051170390000150000090800000
072019051170390000250005525800000
072019051170390000290000297100000
072019051171290000140000007300000
072019051179990000100000032900000
072019051179990000250016734000000
072019051179990000280000324600000
072019051189990000060000002600000
072019051189990000150000001900000
072019051189990000230000252700000
072019051195290000050000009600000
072019051199990000010000003400000
072019051999990000240101843500002
072019051999990000320001189400000
072019051010490000020000007300000
072019051010490000300008800000000
072019051011190000140000762500000
072019051011190000260000057900000
072019051011490000300009535500000
072019051011490000320000005300000
072019051011890000300010242600000
072019051012190000150000018000000
072019051012390000060000018000000
072019051012390000140000099600000
072019051012390000180000015900000
072019051012390000210000021100000
072019051012390000310000046800000
072019051019990000070000153900000
072019051022290000650000018500000
072019051024490000260000002900000
072019051025090000260000013300000
072019051025090000310000112000000
072019051040790000320000014100000
072019051040790000660000040700000
072019051049990000040000039200000
072019051049990000240001055800000
072019051049990000250003198300000
072019051053590000170000029200000
072019051053890000180000018900000
072019051059990000100000027200000
072019051059990000130000047300000
072019051063990000020000077700000
072019051063990000130000018000000
072019051070290000160000021600000
072019051071390000050000019300000
072019051071690000240000008700000
072019051071690000300003668600000
072019051071990000040000005500000
072019051071990000120000004900000
072019051071990000230001849500000
072019051079990000320000038000000
072019051083490000280000013200000
072019051083490000290000020900000
072019051083790000070000026300000
072019051083790000310000036500000
072019051084090000040000002700000
072019051084090000160000006900000
072019051084290000010000007500000
072019051084290000280000005100000
072019051084990000300003286900000
072019051089990000120000065900000
072019051089990000160000103700000
072019051090890000050000165600000
072019051091790000050000014500000
072019051091790000280000022700000
072019051092590000130000004300000
072019051092590000170000005700000
072019051099990000180000187100000
072019051099990000480072703900000
072019051099990000740000262500000
072019051100690000110000032100000
072019051100690000160000017600000
072019051101090000090000178300000
072019051112790000080000007500000
072019051113290000750000027900000
072019051113690000290000123700000
072019051119990000090001814900000
072019051122890000130000142600000
072019051129990000210000483900000
072019051133190000160000034400000
072019051133190000280000040700000
072019051133190000310000108800000
072019051139990000040000024800000
072019051139990000390002720200000
072019051140190000710001899300000
072019051149990000310000207800000
072019051153090000010000075400000
072019051153090000050000057400000
072019051159990000650000076300000
072019051162690000110000017900000
072019051162690000120000003200000
072019051170390000240000172100000
072019051170390000320000030200000
072019051170390000520000049300000
072019051171290000170000004900000
072019051171290000700002453000000
072019051174690000230017831900000
072019051174690000810000063500000
072019051179990000230032992600000
072019051179990000310000573700000
072019051195290000030000748700000
072019051195290000130000001000000
072019051011190000130000025800000
072019051011190000150000042300000
072019051011890000070000012500000
072019051012190000030010841600000
072019051012390000040000007800000
072019051012990000080000031200000
072019051014190000030039662700000
072019051014190000140000491400000
072019051019990000790000191000000
072019051024490000180000004600000
072019051024490000280000008500000
072019051024490000790000004500000
072019051025090000140000006800000
072019051025090000320000016400000
072019051033390000280000129100000
072019051039990000040000024100000
072019051040790000040000039200000
072019051053590000140000016100000
072019051053590000200004786000000
072019051053590000300007073900000
072019051059990000790000053900000
072019051063990000220000020700000
072019051069990000040000016800000
072019051070290000090000230000000
072019051071390000280000036800000
072019051071690000150000005600000
072019051071690000210000008500000
072019051071990000220000003200000
072019051074590000060000023800000
072019051074590000280000041900000
072019051080590000050000008200000
072019051080590000090000076500000
072019051080590000300003521200000
072019051080990000230003098600000
072019051082490000220000012700000
072019051082490000290000065600000
072019051083490000040000002300000
072019051084290000230000627000000
072019051084290000250000309500000
072019051084790000090000259100000
072019051084990000280000014500000
072019051089990000030047426400000
072019051090890000300013705200000
072019051091790000080000010400000
072019051091790000130000009000000
072019051091790000400004952000000
072019051092590000480005367000000
072019051094390000090000500600000
072019051094390000740000033800000
072019051099990000040000170200000
072019051099990000670028839300000
072019051100690000170000008600000
072019051100690000180000020100000
072019051100690000650000044600000
072019051101090000160000009100000
072019051101090000300006453900000
072019051109990000180000030400000
072019051111590000230004116400000
072019051111590000240000084800000
072019051112790000280000014200000
072019051113290000050000013200000
072019051113290000070000007200000
072019051113290000100000004900000
072019051113690000140000011800000
072019051113690000260000019900000
072019051119990000790000124200000
072019051129990000100000067200000
072019051129990000200041322800000
072019051133190000090000352400000
072019051139990000160000034400000
072019051139990000320000010000000
072019051139990000780000031200000
072019051140190000050000009900000
072019051140190000280000013000000
072019051140190000650000021200000
072019051142090000160000025800000
072019051142090000460010946700000
072019051144890000050000047200000
072019051149990000130000032200000
072019051153090000040000014900000
072019051153090000080000036200000
072019051153090000120000031600000
072019051153090000130000023200000
072019051159990000210000049300000
072019051162690000300005012400000
072019051169990000130000004100000
072019051171290000660000027900000
072019051171290000740000014500000
072019051174690000120000029200000
072019051179990000220000075700000
072019051179990000240000690300000
072019051185190000120000001000000
072019051185190000210000004100000
072019051189990000010000001600000
072019051189990000040000000900000
072019051195290000070000000900000
072019051199990000100000001300000
072019051199990000220000000800000
072019051011190000020000048600000
072019051011190000040000036500000
072019051011190000060000042400000
072019051011490000790000016100000
072019051011890000010000053300000
072019051011890000080000020100000
072019051011890000120000016300000
072019051011890000310000122500000
072019051012390000080000017100000
072019051012990000090001225800000
072019051012990000140000205900000
072019051014190000100000019300000
072019051014190000300016071900000
072019051014190000320000021100000
072019051022290000050000005100000
072019051024490000100000001400000
072019051025090000790000033900000
072019051033390000070000016800000
072019051033390000250003891300000
072019051039990000310000151400000
072019051040790000130000024100000
072019051040790000290000181700000
072019051040790000470002046400000
072019051049990000170000017800000
072019051053590000610003494700000
072019051059990000310000320800000
072019051070290000290000050300000
072019051070290000320000002800000
072019051071390000230003147900000
072019051071390000250001825000000
072019051071390000650000020100000
072019051071690000170000001500000
072019051071690000260000005600000
072019051074590000310000051500000
072019051079990000160000072700000
072019051080590000140000002800000
072019051080990000100000023200000
072019051080990000170000003800000
072019051080990000790000016200000
072019051082490000050000010200000
072019051082490000150000043200000
072019051082490000260000024400000
072019051083790000020000007000000
072019051084090000050000038700000
072019051084090000170000001700000
072019051084290000040000002900000
072019051084290000070000002100000
072019051084290000120000002100000
072019051084790000290000066300000
072019051084990000150000007300000
072019051084990000290000028300000
072019051084990000320000002600000
072019051084990000650000010600000
072019051089990000040000098600000
072019051089990000150000149300000
072019051090890000250005048700000
072019051090890000280000223400000
072019051090890000400060637000000
072019051091790000150000010000000
072019051092590000340000015100000
072019051094390000080000015100000
072019051094390000150000014700000
072019051094390000230003444900000
072019051094390000640000044600000
072019051100690000090000264800000
072019051100690000220000031900000
072019051111590000150000060500000
072019051111590000260000024400000
072019051112790000100000005100000
072019051112790000580000213500000
072019051113290000040000009300000
072019051113690000180000019100000
072019051113690000250001183700000
072019051113690000530000050200000
072019051122890000070000085900000
072019051122890000200041322800000
072019051129990000120000114600000
072019051133190000250001434900000
072019051142090000780000019800000
072019051144890000130000018900000
072019051149990000100000018000000
072019051153090000310000146100000
072019051159990000120000031600000
072019051169990000110000017900000
072019051169990000140000002300000
072019051169990000160000012600000
072019051169990000170000005600000
072019051170390000700007148900000
072019051171290000810000018300000
072019051185190000230000252700000
072019051189990000790000001200000
072019051199990000090000033100000
072019051999990000290006550400000
