022019111011190000830011108900002
022019111012390000980000041900000
022019111012990000440001411200000
022019111014190000580000084200000
022019111019990000550004748500000
022019111022290000610000010000000
022019111024490000570000009600000
022019111025090000180004700100000
022019111025090000980000048500000
022019111040790000730000037200000
022019111049990000750008222500002
022019111053590000020000111000000
022019111053890001010000048900000
022019111059990000130012428900002
022019111059990000680000071300000
022019111063990000230000025900000
022019111063990000730000012600000
022019111070290000780002077100000
022019111070290001020000022200000
022019111071390000180001833700000
022019111071990000780001489700000
022019111074590000980000066100000
022019111080990000550000141500000
022019111083490000350000007900000
022019111083790000830006771500002
022019111084090000640000006700000
022019111089990000870000146600000
022019111090890000400000117800000
022019111090890001160018471500002
022019111091790000190001386900000
022019111091790000600000032700000
022019111094390000410005146100001
022019111109990000980000122000000
022019111111590000670000047200000
022019111113690000100003912500000
022019111113690000180002398400000
022019111113690000550000461900000
022019111113690000740008104100001
022019111119990000180006466100000
022019111133190000650000038100000
022019111139990000800005549800001
022019111142090000220011676100002
022019111153090000210000021400000
022019111153090000610000049000000
022019111159990000400000043400000
022019111162690000940005748500002
022019111162690000980000029700000
022019111171290001010000025700000
022019111179990000610000224700000
022019111195290000780000080900000
022019111199990000940000508700000
022019111999990000100012045600001
022019111999990000120000052000000
022019111999990000130012428900002
022019111999990000570000972500000
022019111999990001130001024300000
022019111011190000440001131600000
022019111011190000810009354100001
022019111011190000940018827100003
022019111011890000120000052000000
022019111012190001010000049500000
022019111012390000810003596200000
022019111012990000580000058100000
022019111019990000120000052000000
022019111022290000830002980400001
022019111024490000780000398200000
022019111024490001000000002500000
022019111025090001000000053200000
022019111039990000030000088700000
022019111049990000830010372200002
022019111053590000720000027600000
022019111053590000940014107800003
022019111053890000160000023600000
022019111059990001160011800600002
022019111069990000880006883000001
022019111070290000550000165100000
022019111071690000180000509400000
022019111071690000780000752900000
022019111071990000940004116700001
022019111071990001160003168300001
022019111079990000610000062900000
022019111080990000980000062000000
022019111082490000980000031700000
022019111083790000890000032200000
022019111083790001020000030600000
022019111083790001160003492900001
022019111084090000730000003800000
022019111084090000940002523300001
022019111084990000890000027800000
022019111089990000940043428700012
022019111089990001120000053000000
022019111092590000960000016900000
022019111092590001010000018300000
022019111092590001160000931200000
022019111094390000630000019100000
022019111100690000830009274200002
022019111109990000550000367600000
022019111109990000940022744700005
022019111112790000110000007200000
022019111112790000830006853000002
022019111113290000740001357300000
022019111113290000970000030700000
022019111113690000910016637700003
022019111129990000980000430500000
022019111133190000290005654800001
022019111140190001160000642100000
022019111142090000770005736300001
022019111169990001160001890800000
022019111170390001010000089100000
022019111171290000550000248300000
022019111171290000980000037000000
022019111174690000160000087500000
022019111185190000940001045500000
022019111195290000180000091700000
022019111195290001010000001900000
022019111999990000230000597000000
022019111999990000350000061600000
022019111999990000530009907800002
022019111999990000680000125900000
022019111999990000870000146600000
022019111999990001010003504200000
022019111011190000180005549000001
022019111011490000830009999900002
022019111011890000640000032200000
022019111012190000550000253500000
022019111012190001160005248500001
022019111012390000550000276600000
022019111014190000550001203500000
022019111029990000610000047600000
022019111029990000830016723300004
022019111029990001010000105900000
022019111033390000460001273200000
022019111039990000460001273200000
022019111040790000750008222500002
022019111049990001160007752000002
022019111053890000130007626100001
022019111059990000230000041800000
022019111071690000980000012900000
022019111080590000940002447400001
022019111080590001160001731300001
022019111080990001160002957900000
022019111083490000180000593700000
022019111083490001160001381600000
022019111084090000680000011500000
022019111084090000980000013300000
022019111084290000870000146600000
022019111084290001020000009500000
022019111084990001020000012900000
022019111089990000160000022900000
022019111089990000830043899300013
022019111090890000560003475200000
022019111090890000850022564500002
022019111091790000400000024600000
022019111091790000960000033900000
022019111092590000400000012400000
022019111094390000310009878200002
022019111094390000830002992300000
022019111099990000190021793500002
022019111100690000180002952000000
022019111100690000780003397100000
022019111112790000180000581100000
022019111113290000550000109400000
022019111113690000250000069200000
022019111113690000460001020700000
022019111119990000460002282600000
022019111119990001160011638100000
022019111122890001160065347600007
022019111139990000530009907800002
022019111142090000830002361900000
022019111142090001010000051000000
022019111144890000830005562100001
022019111159990000980000043100000
022019111159990001010000088100000
022019111171290000350000013700000
022019111171290000570000037900000
022019111174690000760019181200002
022019111199990001010000001900000
022019111999990000030000088700000
022019111999990000280054917300007
022019111999990001000000063000000
022019111012190000830004945200001
022019111012990000550001108900000
022019111014190000570000149500000
022019111019990000180034609400003
022019111024490000830001752000001
022019111029990000510002319600000
022019111033390000860012994500002
022019111039990000610000062600000
022019111053890000980000031900000
022019111063990000880006883000001
022019111071390001020000044700000
022019111079990001160023819600005
022019111080590001170000541600000
022019111082490001130000958800000
022019111084090000570000017300000
022019111084290000550000020500000
022019111084790000610000022300000
022019111084990000830003349500001
022019111090890000200017904100002
022019111090890001010000469800000
022019111099990001160024364000002
022019111101090000180001553300000
022019111101090000340000134700000
022019111101090001160003580700001
022019111109990001160009982300002
022019111111590000970000060700000
022019111112790000570000017800000
022019111112790000740001654800000
022019111113690000670000049300000
022019111133190000940008373400001
022019111142090000180000382400000
022019111142090000290009895100002
022019111142090001160000727400000
022019111149990000660000098200000
022019111149990001160002897900000
022019111153090001160019982900003
022019111162690000830005645000002
022019111162690001160001890800000
022019111169990000550000109600000
022019111169990001010000030700000
022019111170390000180006914300001
022019111171290000760003925100001
022019111171290001160005484900001
022019111179990000320000587500000
022019111179990000730000055600000
022019111189990000780000130000000
022019111189990001010000012500000
022019111195290001160000569200000
022019111999990000180165031800010
022019111999990000290027762100005
022019111999990000740018823100002
022019111999990000890000094100000
022019111010490000550000258200000
022019111011190001160013120500002
022019111011490000090000101900000
022019111011890000980000062400000
022019111014190000090000518300000
022019111019990001030000024900000
022019111019990001160086990900012
022019111022290000150000200000000
022019111022290000360000007500000
022019111024490001090000002600000
022019111025090000780005787500001
022019111033390000180003737400000
022019111049990000180003345100000
022019111049990001010000094700000
022019111053590001010000050500000
022019111053890000180002297900000
022019111063990000980000018700000
022019111071690000640000006600000
022019111079990000640000054200000
022019111079990000730000004700000
022019111079990000940036001300009
022019111079990001020000163700000
022019111083790000640000019600000
022019111084090001160001456900001
022019111084790000550000208800000
022019111084790000940009438400002
022019111092590000850001469700000
022019111099990000380000300500000
022019111099990000600000214500000
022019111100690000550000240000000
022019111111590000100005813500001
022019111113290000830006758000002
022019111113290001010000022100000
022019111119990000550001147500000
022019111144890000180000692900000
022019111144890000220022197900003
022019111149990000220037900200006
022019111159990000830018950000003
022019111170390000830020731000003
022019111171290000080000040500000
022019111171290000620000019400000
022019111179990000060000541600000
022019111179990000160000087500000
022019111179990000350000013700000
022019111179990000940070015900010
022019111185190000780000130000000
022019111185190000830000743900000
022019111185190001010000012500000
022019111999990000200024697100002
022019111999990000390000011300000
022019111999990000430005247800000
022019111999990000510002319600000
022019111999990001060000232800000
022019111010490000940008929500002
022019111011490000640000032100000
022019111012190000090000085600000
022019111012390000640000047100000
022019111012990000180006699500001
022019111012990000810009780100001
022019111019990000570000602500000
022019111019990000980000525600000
022019111022290000550000073500000
022019111024490000940001893400001
022019111029990000050000001300000
022019111029990000360000046100000
022019111040790000980000057300000
022019111040790001010000094700000
022019111053890001140000132200000
022019111059990000980000087100000
022019111059990001010000099400000
022019111063990000640000024700000
022019111063990000780002837600000
022019111063990001010000023200000
022019111069990000940007602800001
022019111070290000980000037500000
022019111070290001160004430600001
022019111071990000980000028400000
022019111082490000780002747800000
022019111084090000140000023400000
022019111084290000180000267000000
022019111084290000980000009500000
022019111089990000550000808500000
022019111089990001170000541600000
022019111090890000630000158700000
022019111092590000200001409800000
022019111092590000280001633700000
022019111092590000410004677300001
022019111092590000550000152100000
022019111094390000600000018000000
022019111094390001010000053300000
022019111099990000280054917300007
022019111099990000310087485900013
022019111099990000430004182600000
022019111101090000830006152700001
022019111101090000980000029500000
022019111101090001010000034200000
022019111109990000780005407200000
022019111111590000460001261900000
022019111112790000100001294000000
022019111113290000670000015800000
022019111122890000720000250800000
022019111122890000830088747400010
022019111129990001160065347600007
022019111139990000650000038100000
022019111140190000660000021500000
022019111140190001010000040900000
022019111144890001050000027000000
022019111149990000290022107300004
022019111159990000570000099000000
022019111170390000760010853300001
022019111170390001160016739500003
022019111174690001110000106700000
022019111179990001100000233900000
022019111189990000830000743900000
022019111195290000940000508700000
022019111199990000980000003100000
022019111999990000150000200000000
022019111999990000460033034500002
022019111999990000470000081900000
022019111999990000550022885600000
022019111999990000640001302900000
022019111999990001050000027000000
022019111999990001080001976100001
022019111011490000550000394600000
022019111011490000940014676100002
022019111011490001160008253400001
022019111011890000940016019000003
022019111011890001010000054500000
022019111012190000570000046400000
022019111012390001010000046400000
022019111012990001010000126100000
022019111024490001160000934600000
022019111025090000420000106800000
022019111025090000510002319600000
022019111033390000640000084300000
022019111039990000640000084300000
022019111053590000180002801800000
022019111053590000590000072800000
022019111053590001140000186400000
022019111053890000830009343400002
022019111053890000940013251800002
022019111059990000160000059400000
022019111063990000550000185600000
022019111069990000610000026200000
022019111070290000640000015300000
022019111071990000830003044300001
022019111074590000830009437800002
022019111074590001160008604900002
022019111080990000640000040400000
022019111083790000180001688600000
022019111084990000180000683500000
022019111084990000550000043200000
022019111084990000640000012000000
022019111089990000680000011500000
022019111090890000280045248200005
022019111090890000430004182600000
022019111090890000600000150900000
022019111091790000840001744900000
022019111091790001160001848900000
022019111094390001160003112400000
022019111099990000960000243600000
022019111100690001010000067400000
022019111139990001160001944000000
022019111142090000300000027600000
022019111149990000180001327900000
022019111159990000180005320100000
022019111162690000550000109600000
022019111169990000780001627300000
022019111174690000940037587900004
022019111179990000830058441500008
022019111185190001160001175200001
022019111189990001160001175200001
022019111199990001150000010100000
022019111199990001160000569200000
022019111999990000160000201500000
022019111999990000220037900200006
022019111999990000310087485900013
022019111010490000980000037100000
022019111011190001010000091500000
022019111011490000180003622900000
022019111011490000570000106200000
022019111011490001010000054900000
022019111011890000550000409500000
022019111012990000640000038100000
022019111019990000940142512600025
022019111025090000550000361800000
022019111029990000570000009600000
022019111029990000980000067300000
022019111029990001000000063000000
022019111033390000030000088700000
022019111033390000820008930100001
022019111040790000550000620700000
022019111040790000940011556700002
022019111053590001160006451500001
022019111059990000720000027600000
022019111063990000830008458300002
022019111069990000780002837600000
022019111070290000680000019700000
022019111071690000730000004700000
022019111074590000550000268000000
022019111079990000680000043100000
022019111079990000780010028400000
022019111082490000940008789600002
022019111083490000550000058200000
022019111083490000980000020900000
022019111084790000980000058600000
022019111084990000780000700100000
022019111084990000980000014300000
022019111090890000960000157700000
022019111091790000410008806000002
022019111094390000190002281400000
022019111094390000960000035100000
022019111109990000340000134700000
022019111113290000180000639700000
022019111119990000250000069200000
022019111122890000610000209900000
022019111140190000180000252600000
022019111140190000550000115200000
022019111140190000770002818600001
022019111144890000290009466900001
022019111144890001160001528400000
022019111159990000940017715400003
022019111159990001160019982900003
022019111162690000230000042500000
022019111170390000550000941700000
022019111170390000610000091100000
022019111174690000050000046800000
022019111174690000180010682000001
022019111174690001100000233900000
022019111189990000980000004300000
022019111195290000830000913600001
022019111199990000170000895500000
022019111999990000170000895500000
022019111999990000360000046100000
022019111999990000380000300500000
022019111999990000780238196000026
022019111999990000830504704000089
022019111010490000180002283500000
022019111011190000580000063900000
022019111011490000230000076000000
022019111012190000640000011200000
022019111012390001030000024900000
022019111014190000440002238800000
022019111014190000980000140200000
022019111024490000180000373200000
022019111024490000610000004500000
022019111025090001160009235300001
022019111029990001160011893600001
022019111033390000550000441200000
022019111033390001160008878800001
022019111039990000860012994500002
022019111049990000500001065200000
022019111049990000940011556700002
022019111053590000460000838900000
022019111053590000550000579600000
022019111053590000680000071300000
022019111059990001140000318600000
022019111069990000980000018700000
022019111070290000830005883500001
022019111071390000980000048400000
022019111071990000350000018800000
022019111071990001020000028700000
022019111074590000610000028200000
022019111080590000640000010100000
022019111084090000550000046200000
022019111084790001160005635300001
022019111084990000940003274700001
022019111089990000140000023400000
022019111089990000350000029100000
022019111090890000900063831900008
022019111091790001010000050800000
022019111092590000310006523600002
022019111099990000410053022500008
022019111099990000550004458500000
022019111109990000830015426900003
022019111111590000740007706900001
022019111111590001010000092500000
022019111119990000830047519800010
022019111129990000940095740100010
022019111129990001020000512900000
022019111133190000800005549800001
022019111139990000550000225000000
022019111140190000830002550600000
022019111149990000830010474600001
022019111153090000180005320100000
022019111153090000830018950000003
022019111159990000780006346100001
022019111169990000640000026300000
022019111171290000830007017600001
022019111189990000180000113800000
022019111999990000060000541600000
022019111999990000340000134700000
022019111999990001030000024900000
022019111999990001100000233900000
022019111010490000810002440000000
022019111010490001160008071400002
022019111011890000090000061900000
022019111011890000440000862900000
022019111011890000810005933100001
022019111012990001160016228000002
022019111019990000390000011300000
022019111019990000440005644500000
022019111024490001080001976100001
022019111025090000640000041400000
022019111029990000550000456500000
022019111029990000780007589200001
022019111033390000940018621100003
022019111039990000820008930100001
022019111053890000460000658300000
022019111053890000780006461300001
022019111053890001160005349100001
022019111059990000780013926100002
022019111059990000940027359600005
022019111069990000640000024700000
022019111069990000730000012600000
022019111069990001160004882700001
022019111071690000550000054500000
022019111071690001160002010800000
022019111071990000570000019500000
022019111074590000180002487100000
022019111080990000780002205800000
022019111082490000180001673100000
022019111082490000830007467200001
022019111082490001020000017800000
022019111083790000940005748100001
022019111084090000830002805700001
022019111084290000640000008700000
022019111084790000780003431300000
022019111089990000640000174100000
022019111111590000180002846900000
022019111119990000100012045600001
022019111119990000570000186700000
022019111119990001010000217300000
022019111122890000180032307600003
022019111129990000780046362900005
022019111133190000990000092800000
022019111149990001050000027000000
022019111153090000160000031700000
022019111153090000550000700500000
022019111153090000940017715400003
022019111159990000550000700500000
022019111174690000320000308600000
022019111179990000980000232700000
022019111185190000180000113800000
022019111185190000470000081900000
022019111185190000980000004300000
022019111999990000050000058500000
022019111999990000090001404600000
022019111999990000110000007200000
022019111999990000400000232500000
022019111999990001160365697900052
022019111010490000090000031800000
022019111010490000830007807200002
022019111011190000980000070700000
022019111011890000390000011300000
022019111011890000580000037100000
022019111011890001160009992800001
022019111012990000830016317700003
022019111019990000230000127300000
022019111022290000790001403500000
022019111024490000550000021200000
022019111025090000830011990900002
022019111029990000230000233300000
022019111033390000610000062600000
022019111033390000720000036600000
022019111039990001010000073200000
022019111040790001160007752000002
022019111049990000730000037200000
022019111053590000160000035800000
022019111059990000180005099700000
022019111059990000550001194600000
022019111059990000830019680900004
022019111063990000610000026200000
022019111063990000940007602800001
022019111069990000230000025900000
022019111070290000180001594700000
022019111071390000550000178800000
022019111071390000830007483500002
022019111071690000610000008300000
022019111080590000180000611900000
022019111080590000730000003200000
022019111080590000830003252700001
022019111080590000980000010200000
022019111082490000890000034100000
022019111083490000830003419500002
022019111083490000940003184700001
022019111084090000780000790100000
022019111084290000830001524700001
022019111090890000190017412400002
022019111090890000380000300500000
022019111091790000900005272300001
022019111100690001160006401600001
022019111111590001160005032500000
022019111113290001160001328500000
022019111119990000740018823100002
022019111122890000940095740100010
022019111140190000950000032600000
022019111144890000660000049100000
022019111144890000920012056600002
022019111149990000240000057000000
022019111149990000770018267400003
022019111169990000940005748500002
022019111170390000940024020200004
022019111171290000050000010400000
022019111174690000550001539500000
022019111195290000170000895500000
022019111195290000980000003100000
022019111195290001150000010100000
022019111199990000180000091700000
022019111999990000140000023400000
022019111999990000320000587500000
022019111999990000720000315000000
022019111999990000880006883000001
022019111999990001170000541600000
022019111010490000230000051300000
022019111011190000550000843700000
022019111011890000830010519200002
022019111012390000180002481600000
022019111014190000180008357500001
022019111014190001010000145600000
022019111022290000640000008600000
022019111022290000940003810100002
022019111022290001010000019800000
022019111022290001160001723700000
022019111025090000360000038600000
022019111025090001010000086100000
022019111039990000550000441200000
022019111039990000940018621100003
022019111040790000180003345100000
022019111053590000540004802800001
022019111053890000550000615000000
022019111053890000590000046400000
022019111074590000940011628200002
022019111080590001020000010500000
022019111080990001020000064500000
022019111082490000640000037900000
022019111083790000780001360800000
022019111083790000980000026600000
022019111084290000940001604300001
022019111084990001160001703600001
022019111089990000730000007000000
022019111089990001130001024300000
022019111089990001160023074300006
022019111091790000280003371000001
022019111091790000550000372400000
022019111092590000630000012600000
022019111099990000400000189100000
022019111111590000910018417800003
022019111112790000550000119000000
022019111112790000670000013500000
022019111113690000830015196100003
022019111119990000110000007200000
022019111119990000670000125800000
022019111122890000460020138900002
022019111122890000780046362900005
022019111129990000830088747400010
022019111133190001160001944000000
022019111139990000290005654800001
022019111140190000290002745300001
022019111142090000240000057000000
022019111142090000920006934200001
022019111144890001010000075300000
022019111153090001010000088100000
022019111162690000180001167300000
022019111162690001010000030700000
022019111170390000480003561200000
022019111170390000980000094800000
022019111174690000980000100900000
022019111179990000760033959600004
022019111999990000940679219900120
022019111010490001010000036000000
022019111011190000570000173900000
022019111011490000580000054400000
022019111011890000180003777200000
022019111012190000580000015900000
022019111012190000810003038900000
022019111012390000830008205500001
022019111012990000090000168600000
022019111012990000940022683100004
022019111012990000980000090400000
022019111019990000090001404600000
022019111019990000830087720200015
022019111025090000230000194000000
022019111029990000420000106800000
022019111029990000940021536100006
022019111039990000720000036600000
022019111040790000490001829500000
022019111040790000830010372200002
022019111059990000460001497200000
022019111059990000590000119200000
022019111069990000550000185600000
022019111070290000940006984800002
022019111071690000940004067000002
022019111071990000610000008700000
022019111071990000640000010600000
022019111071990000680000023400000
022019111079990000180007441800000
022019111079990000550000793000000
022019111080590000550000043200000
022019111080990000180001621400000
022019111080990000830006122800002
022019111083490000640000010600000
022019111083490000780000774600000
022019111083490001020000025600000
022019111083790001130000028600000
022019111084290001160000626400000
022019111084790000180002694700000
022019111089990000890000094100000
022019111090890000410034393100004
022019111091790000200003170300000
022019111092590000190000712800000
022019111092590000600000012900000
022019111094390000200002212900000
022019111099990000200024697100002
022019111099990000630000222000000
022019111099990001010000592200000
022019111109990000180004505300000
022019111111590000570000168900000
022019111112790000970000022100000
022019111113690000970000044700000
022019111113690001160003811900000
022019111119990000910046502600010
022019111122890000640000189500000
022019111139990000940008373400001
022019111142090000550000207000000
022019111144890000450000854200000
022019111149990000450000854200000
022019111149990000920022739600004
022019111149990001010000167200000
022019111153090001060000232800000
022019111159990001060000232800000
022019111162690000640000026300000
022019111169990000180001167300000
022019111169990000980000029700000
022019111170390000070000233700000
022019111170390000320000168300000
022019111170390000730000055600000
022019111171290000940008407800002
022019111174690000060000267400000
022019111179990000180019626500002
022019111179990001010000268800000
022019111999990000410053022500008
022019111999990000420000106800000
022019111999990000980002727200000
022019111999990001110000106700000
022019111999990001120000053000000
022019111010490000580000030300000
022019111011490000810006476900001
022019111012190000180001838200000
022019111012190000940009165600003
022019111012190000980000035100000
022019111012390000090000085600000
022019111012390001160007195000001
022019111012990000570000126500000
022019111014190000640000055000000
022019111022290000980000015300000
022019111022290001000000007300000
022019111029990000640000050000000
022019111039990000180003737400000
022019111049990000490001829500000
022019111049990000550000620700000
022019111053890000230000041800000
022019111063990001160004882700001
022019111071390000780002225000000
022019111071390000940009204600002
022019111071390001160005605000001
022019111071990000180001016900000
022019111071990000550000126600000
022019111074590001020000055600000
022019111079990000570000019500000
022019111079990000980000193300000
022019111080590000780000605900000
022019111082490000550000150500000
022019111083790000160000022900000
022019111084090001020000019100000
022019111084790000640000028100000
022019111084790001120000053000000
022019111089990000180010520000000
022019111089990000570000017300000
022019111089990000610000022300000
022019111089990000980000247100000
022019111092590000900002998300001
022019111094390000280004664400001
022019111094390000400000034300000
022019111100690000940014231200003
022019111100690000980000092500000
022019111101090000780002010100000
022019111101090000940008513500002
022019111112790000930005753700002
022019111119990000970000158200000
022019111122890000980000430500000
022019111122890001020000512900000
022019111129990000180032307600003
022019111129990000550003198300000
022019111133190000530009907800002
022019111133190000550000225000000
022019111139990001010000096500000
022019111144890000950000049400000
022019111149990000550000700500000
022019111149990000950000122100000
022019111153090000980000043100000
022019111159990000160000031700000
022019111159990000460001343900000
022019111162690000780001627300000
022019111171290000180002030200000
022019111171290000320000110600000
022019111174690000830030692900004
022019111174690001010000154000000
022019111174690001160024589000003
022019111189990000470000081900000
022019111999990000480017628700001
022019111012390000940014173700003
022019111014190000940038038500005
022019111014190001160018881300002
022019111019990000580000343900000
022019111019990000640000215700000
022019111019990000810055962800006
022019111022290000180000924400000
022019111022290000230000039300000
022019111024490000980000003500000
022019111024490001010000000000000
022019111025090000610000033100000
022019111029990000150000200000000
022019111039990000980000048700000
022019111039990001160008878800001
022019111053590000980000055200000
022019111059990000020000203200000
022019111069990001010000023200000
022019111070290000610000017700000
022019111071690001020000012500000
022019111074590000780003483700000
022019111079990000350000018800000
022019111079990000830029221200007
022019111080990000940006418200002
022019111083790000550000096400000
022019111084290000780000351700000
022019111084790000830009185700002
022019111090890000310061890900007
022019111091790000630000031600000
022019111094390000900007364100002
022019111099990000830028771400002
022019111109990001010000101600000
022019111111590000830018712700003
022019111113290000100001025600000
022019111129990000460020138900002
022019111129990000640000189500000
022019111129990000720000250800000
022019111133190001010000096500000
022019111140190000920003748800001
022019111144890000770009712500001
022019111153090000400000043400000
022019111153090000460001343900000
022019111153090000570000099000000
022019111153090000780006346100001
022019111169990000830005645000002
022019111171290000480001814000000
022019111174690000480012253500001
022019111179990000050000057200000
022019111179990000480017628700001
022019111179990000570000037900000
022019111179990001110000106700000
022019111179990001160046813400007
022019111199990000780000080900000
022019111999990000020000203200000
022019111999990000210000021400000
022019111999990000370001270900000
022019111999990000610001382800000
022019111999990000730000117100000
022019111999990001090000002600000
022019111999990001140000328700000
022019111011190000090000350900000
022019111011490000980000047800000
022019111014190000810015343500002
022019111014190000830018816600002
022019111019990001010000604500000
022019111024490000050000001300000
022019111025090000940015832600003
022019111029990000180005997700000
022019111029990001080001976100001
022019111029990001090000002600000
022019111033390000980000048700000
022019111033390001010000073200000
022019111040790000500001065200000
022019111049990000980000057300000
022019111053590000780007464800001
022019111053590000830010337500002
022019111053890000020000092200000
022019111063990000180001560900000
022019111069990000180001560900000
022019111069990000830008458300002
022019111071690000830003372100001
022019111074590000640000021700000
022019111080590000350000006100000
022019111082490001160004088400001
022019111084090000180000686100000
022019111084790000350000015100000
022019111084790001020000059400000
022019111084990001130000036900000
022019111089990000780012968100000
022019111089990001020000249900000
022019111091790000310009193200002
022019111094390000550000458800000
022019111099990000900079466600012
022019111101090000550000127600000
022019111111590000550000457200000
022019111112790001010000023700000
022019111112790001160001465200000
022019111113290000910005693400002
022019111113690001010000079000000
022019111122890000550003198300000
022019111129990000610000209900000
022019111133190000370001270900000
022019111139990000370001270900000
022019111139990000990000092800000
022019111140190000220004026200001
022019111142090000950000040100000
022019111144890000550000378300000
022019111159990000210000021400000
022019111159990000610000049000000
022019111169990000230000042500000
022019111174690000610000114200000
022019111179990000550002729500000
022019111189990000940001045500000
022019111199990000830000913600001
022019111999990000490001829500000
