102015051010490014560001705300001
102015051010490034650001726300001
102015051010490042530011507500015
102015051010490043300009425900010
102015051011190002040001463100001
102015051011190034650005697100001
102015051011190041000003920800001
102015051011190042530014878100012
102015051011190043300015381600015
102015051011190045580001834200001
102015051011490014560001613400001
102015051011490024070001865600001
102015051011490034650006243500003
102015051011490042530012374500010
102015051011490043300013434400012
102015051011890014560003281000002
102015051011890042530014027000011
102015051011890043300015792600011
102015051011890052510001411500001
102015051011890054290003263500002
102015051012190014560000752200001
102015051012190034650002165800001
102015051012190042530007234100010
102015051012190043300009991400015
102015051012390034650003123300001
102015051012390042530011237600010
102015051012390043300015428700016
102015051012990014560004486900002
102015051012990038720003060000001
102015051012990042530023296400015
102015051012990043300018894000011
102015051012990054300006996800002
102015051014190014560004820800001
102015051014190019380002998300001
102015051014190034650011732400005
102015051014190042530021701800007
102015051014190043300033656100017
102015051022290041100001537900003
102015051022290042530003249200009
102015051022290043190004076900012
102015051022290054210000871700001
102015051024490014130000401000001
102015051024490033200000686600002
102015051024490041100001477400005
102015051024490042530002230500009
102015051024490043190002139900008
102015051025090014130003319400001
102015051025090014560004569400002
102015051025090036480008773000004
102015051025090041100002926700001
102015051025090042530013213100008
102015051025090043190011514700011
102015051070290014560001535500001
102015051070290023800002336300002
102015051070290042530008246100011
102015051070290043190007519700011
102015051071390042530010556800012
102015051071390043190011195800015
102015051071690042530005304000014
102015051071690043190005048500011
102015051071990008000001620900002
102015051071990014560000817200001
102015051071990042530004500600012
102015051071990043190004163100010
102015051074590014560001954500001
102015051074590042530014615400013
102015051074590043190013918200012
102015051074590054270003531300001
102015051080590014560000822400001
102015051080590032900000528500001
102015051080590042530004390900014
102015051080590043190002270100007
102015051080590050010000298900001
102015051080590051630000324900001
102015051080990014560001864700002
102015051080990027340001858900003
102015051080990042530006597500013
102015051080990043190004760400007
102015051082490014560001965100001
102015051082490015380000784600001
102015051082490020000001803700001
102015051082490042530008849400013
102015051082490043190007878900008
102015051082490051060001576800001
102015051083490014560000863300001
102015051083490033020000988600002
102015051083490042530004159900016
102015051083490043190002949000006
102015051083790002070000999000001
102015051083790014560001816100002
102015051083790042530008251600013
102015051083790043190005553500009
102015051084090014560000314500001
102015051084090042530003416600013
102015051084090043190002982100010
102015051084090051630000377100001
102015051084290014560000438100002
102015051084290042530001900500011
102015051084290043190002002600012
102015051084790014560001835900001
102015051084790042530010549400013
102015051084790043190007817500010
102015051084790047890001659800001
102015051084790054320003100600002
102015051084990014560000682400001
102015051084990032900001197200003
102015051084990042530004569800013
102015051084990043190002983800008
102015051090890012940018757000003
102015051090890014560019449700003
102015051090890018830042017900014
102015051090890021150033459300011
102015051090890043700041360900010
102015051090890044280019172100003
102015051090890054260034027500007
102015051091790012940001969300001
102015051091790018830009916200014
102015051091790021150006876000008
102015051091790043700003298800003
102015051091790054160000694300001
102015051092590012940000970000001
102015051092590014560000688500001
102015051092590018830006310300012
102015051092590021150004382000006
102015051092590043700002695900004
102015051092590044280000918100001
102015051094390012940002068000001
102015051094390014560002154900001
102015051094390018830008733700011
102015051094390021150006290700007
102015051094390043700005783200006
102015051094390044280002249800001
102015051100690042530013814200010
102015051100690043190017147000017
102015051101090014560001193600001
102015051101090042530009471600011
102015051101090043190009545200013
102015051111590008990001414600001
102015051111590011820007348300005
102015051111590015460001670400001
102015051111590038790003685700003
102015051111590042010012509900008
102015051111590042530020494900013
102015051112790011820002640200002
102015051112790042010006534100011
102015051112790042530007852800012
102015051113290011820001801400001
102015051113290019370001474600002
102015051113290042010004834100008
102015051113290042530008200500014
102015051113690011820007225900004
102015051113690038810001629200001
102015051113690042010015128500010
102015051113690042530016347200012
102015051170390014560008068100001
102015051170390015510008119500003
102015051170390022100007334000001
102015051170390042530025015700015
102015051170390044610021142500011
102015051171290013890001045000001
102015051171290014560002436100002
102015051171290015510003636300002
102015051171290042530009641400014
102015051171290044610008378800008
102015051174690014560011937000002
102015051174690015510026531800006
102015051174690022100007292300001
102015051174690042530038164500012
102015051174690044610032720700009
102015051174690052480004092700001
