041999061010490010000000014200003
041999061011490011590000076000003
041999061011890000130002756500100
041999061012390008690017058200599
041999061014190010620000080700005
041999061025090010740000147700004
041999061025090010870000011200000
041999061029990000120008749300925
041999061029990010260000022500003
041999061033390010290000151900000
041999061033390010390000042300000
041999061040790012540000052200003
041999061059990013160000438800011
041999061063990015640000004800001
041999061069990015610000917900029
041999061069990015790000020400001
041999061071390003250000015100003
041999061071690001180006134700669
041999061080990006190000045300004
041999061082490013320000037800001
041999061083490003040000523700013
041999061083490008280000010800002
041999061084290009800000003200001
041999061084790003280000253300010
041999061090890006900000007100005
041999061091790017960000147800006
041999061094390005570001136700025
041999061100690002200000032600004
041999061113690002720000056600001
041999061133190014860001457300025
041999061139990000160009089200327
041999061139990015110000016500007
041999061144890014640000013200004
041999061162690001120000004400001
041999061169990001100000032000001
041999061171290001520000003900000
041999061174690010930000198800006
041999061174690010940000061700002
041999061174690020810006301200121
041999061195290014230000025400000
041999061199990020710000583300005
041999061999990012090004118100112
041999061011190008970000192800003
041999061012190008560000015500003
041999061012190008680000093500004
041999061012390016050000002600000
041999061019990008950001142400010
041999061019990009300000232200006
041999061025090010800000005100000
041999061039990010390000042300000
041999061040790012050001498800037
041999061059990013000000234500009
041999061063990015700000034800003
041999061063990015790000020400001
041999061071990004640000001100000
041999061074590000430000208600008
041999061080990000380000027400004
041999061080990000430000201900003
041999061084290009740000012400002
041999061090890004870004992100031
041999061091790005770000117300007
041999061091790020780000016900005
041999061094390007610000016300001
041999061100690002390000056500005
041999061112790013450000072700006
041999061113290013530000116200005
041999061113290013560000040300002
041999061113290013610000010100000
041999061119990013440000175000004
041999061129990018850000005100004
041999061133190014870005640500230
041999061140190000650002508100025
041999061144890014740000011900004
041999061149990000780000020900007
041999061149990000850000008200005
041999061149990014720000005800005
041999061153090002460000221200000
041999061171290020810001498700022
041999061189990000010000933400008
041999061012990014420000042600004
041999061019990000010116568202394
041999061019990010630000194900006
041999061022290010120000001200000
041999061024490004740000291100014
041999061029990010860000019500002
041999061039990010270000227400002
041999061063990015630000043900003
041999061063990015970000043100003
041999061071390000320000022800000
041999061074590003620000017000002
041999061080990006090000009000004
041999061084090004290000009800002
041999061084290009680000001700000
041999061084990004540000011900004
041999061089990001290001304100124
041999061090890004840000033700006
041999061112790000010012302200469
041999061113290013520000014800002
041999061113690002710000246100003
041999061113690002760000061400001
041999061122890018850000005100004
041999061129990018280000357200011
041999061133190015220000008200008
041999061133190019080000014900007
041999061140190014790000010900002
041999061142090000880000021300007
041999061142090000890000006100004
041999061144890004110000063200005
041999061149990000050009678600617
041999061159990002540000097500001
041999061159990016470000019100000
041999061162690001050000001400001
041999061162690001100000032000001
041999061170390001480000132300001
041999061170390001650001011500022
041999061171290001670000027000000
041999061171290008390000007500000
041999061171290008440000027600002
041999061010490008550001757900048
041999061011199999990000232500000
041999061012190000010008417100206
041999061012190000320000008600000
041999061014190010440000344500006
041999061024490000020002527500315
041999061024490004730000203400007
041999061025090000120005076300368
041999061039990010280007553300097
041999061039990010340000055300001
041999061053590011920000054800001
041999061053890000380000384600002
041999061053890012990000013200000
041999061053890013060000004700000
041999061059990011650001315000002
041999061059990011680000172200004
041999061063990000020009913500267
041999061069990000380000183200002
041999061071390003960000019200003
041999061071990004600000006700002
041999061079990004630000013300005
041999061080590014040000028000002
041999061082490000010012568000811
041999061083490008040000009400004
041999061084090000010004031400668
041999061084790003470000055400004
041999061091790017670000090800007
041999061092590020050000191500028
041999061101090012820000072800001
041999061111590000290000083000002
041999061113290003280000024000001
041999061113690002820000131600004
041999061119990000460000558300009
041999061129990018650000108200004
041999061142090000660000079800002
041999061142090000710000006300005
041999061144899999990000170300003
041999061149990014710000016000007
041999061153090002580000026200002
041999061169990001030000000900000
041999061169990001040000024000004
041999061169990001060000020800002
041999061170390001690000163400001
041999061170390001960000186700001
041999061170390002020000018900002
041999061010490009960000016400001
041999061011890009090000028200002
041999061011890009170000022900002
041999061029990015560000004100002
041999061040790012110007947700153
041999061049990012570000061500003
041999061053890013040000085100000
041999061059990000380000576500002
041999061063990015930000010200001
041999061069990015650000025600002
041999061071390000010011555700439
041999061079990003900000069000005
041999061080590013990000017800004
041999061082490019300000005400001
041999061084290006070000006800001
041999061089990013170000373400010
041999061091790016690000046600005
041999061092590004800005570800265
041999061094390007220001429400128
041999061099990020050000191500028
041999061100690002150000007900001
041999061109990001300000922300032
041999061111590020730000064800002
041999061112790000310000276400005
041999061112790013400000264300003
041999061119990013510000083800007
041999061122890018650000108200004
041999061133190016230000014000007
041999061133190017260000050300008
041999061140190014840000020100002
041999061144890014530000086300005
041999061149999999990002869800085
041999061159990002630000092800001
041999061162690001140000009500003
041999061169990001090000101700001
041999061171290001600001242500012
041999061010490009930000017700002
041999061011890009420000086800002
041999061012390015990000075000005
041999061014190008980000033700001
041999061019990003280000617000018
041999061033390010280007553300097
041999061053590000060011117700149
041999061053590011820000090500003
041999061053590011970000664600011
041999061069990015710000033400002
041999061071690000380000216500026
041999061079990016490000154200004
041999061080590000020002543200264
041999061080590013780000014800002
041999061083790001200000022300000
041999061084090003360000025400003
041999061089990009690000022900007
041999061090890006570000201800008
041999061094390007860000028100004
041999061099990002910031887100447
041999061100690002230000007700002
041999061100690002250000021300002
041999061100690002350000059000004
041999061101090012910000009200002
041999061109990002140004865900177
041999061109990002290000037000004
041999061111590000010025178100640
041999061111590000080010507700197
041999061119990013400000264300003
041999061119990013450000072700006
041999061119990020720000125100005
041999061129990019740000064300008
041999061139990016160000033400007
041999061140190000010004305300090
041999061140190014760000030800004
041999061140190014850000006200000
041999061149990000750000015600007
041999061169990000960000966900058
041999061179990001800000131400004
041999061010490003280000539000016
041999061011190008550005321900087
041999061011190008960000103900001
041999061011190009010000107200000
041999061012190008580000017600004
041999061014190010500000049600001
041999061019990008550047838501129
041999061029990010810000028900003
041999061033390010300000382600000
041999061040790012620000032300004
041999061053590011880000256200007
041999061063990015890000019200001
041999061071690002980000018700002
041999061071990000010004351300533
041999061071990004630000013300005
041999061074590003280000024900001
041999061080999999990000127900010
041999061082490013190000015800001
041999061083790003080000003600003
041999061083790003220000011800003
041999061084090004190000010400005
041999061084090004220000007100002
041999061084290000020001484300151
041999061084790003380000003300001
041999061089990002500000021800009
041999061091790017860000035200004
041999061091790017940000036300006
041999061094390001270000058000001
041999061111590020720000125100005
041999061113290013590000077800004
041999061113690002880000796600001
041999061122890019500000019100005
041999061144890000050007358100419
041999061153090001480000053400000
041999061159990000020021771700288
041999061169990001020000004400004
041999061185190000010000933400008
041999061012990014340000039900005
041999061014190008690035659600689
041999061022290004730000889000049
041999061022290010150000013500004
041999061039990002520000039700003
041999061040790007730000049800003
041999061040790012600000215000002
041999061049990001550000153600008
041999061049990012310000091400003
041999061059990011630002127000008
041999061069990015570000055000000
041999061070290001190001340600029
041999061079990003990000094800003
041999061080990001930000043700016
041999061080990006040000005000003
041999061080990006180000019500002
041999061083490008260000063800002
041999061084290009720000003700000
041999061092590020240000012500001
041999061092590020460000005900003
041999061099999999990009650200477
041999061109990000010025040701248
041999061109990012900000035400004
041999061111590000370000040800002
041999061112790000080003848300106
041999061122890019840000035400004
041999061129990000020094788900647
041999061159990001070000107600000
041999061159990002610000030100001
041999061170390001700000008300004
041999061170390020810003376000085
041999061179990010930000198800006
041999061189990008510000062500000
041999061199990000200000740200007
041999061011190000010013618200155
041999061011890008550004413400148
041999061012990014180000049900001
041999061029990010190000005100003
041999061029990010770000088700002
041999061033390010340000055300001
041999061053890013090000007100000
041999061053890013160000438800011
041999061069990015940000127600001
041999061071990004660000012800001
041999061080590013800000017500003
041999061089990003050000337100026
041999061091790004800007520000313
041999061094390007140000028800002
041999061094390007520000160700005
041999061100690002360000018200002
041999061101090000430000013500001
041999061109990001500001054800050
041999061113690003330000090100002
041999061129990018350000082200006
041999061129990018920000099100005
041999061139990014870005640500230
041999061149990000860000062900006
041999061189990008540000035600000
041999061199990000020000267400002
041999061999999999990126742004706
041999061010490010010000151800002
041999061011190008930000040100000
041999061011890009370000023500004
041999061012990014170000044300001
041999061012990014320000016700003
041999061012990014440000005400001
041999061014190000010021689500266
041999061014190000130011777400114
041999061019990008800000353900008
041999061022290000010003974300499
041999061039990010310000199800005
041999061040790012490000207100008
041999061049990012470000103800005
041999061053590011630001008900002
041999061053890013050000019800000
041999061059990013100000082600006
041999061071990000320000009300000
041999061071990004680000003900001
041999061071990005800000006200004
041999061074590003840000032200001
041999061080990000010008529401092
041999061082490013250000011300002
041999061083490008090000016800001
041999061084090004130000081700002
041999061084090004140000017700007
041999061084290009710000007200003
041999061084290009760000008500001
041999061084790003390000016600003
041999061089990001200001389000045
041999061089990020890000029800006
041999061090890004780000130400004
041999061091790018190000205900007
041999061099990016680000340400019
041999061099990016830000143400007
041999061100690000150000127700001
041999061111590000450000606500004
041999061113690002740000487100010
041999061122890018590000090400004
041999061122890019450000687400007
041999061129990019420000007100004
041999061142090000700000029400007
041999061142090000840000026700004
041999061144890000650011426600123
041999061144890014550000027100002
041999061159990000010030229100351
041999061179990001600013489300169
041999061179990001950000139400006
041999061179990011020000162200004
041999061189990000020000248100002
041999061189990008530000334000003
041999061999990004730005461400080
041999061012390016010000094800001
041999061012390016020000052700001
041999061012990000010021778000294
041999061014190010430000060800003
041999061024490004760000003500000
041999061029990010710000007200003
041999061033390000020025486700444
041999061049990000010014624400352
041999061053590011720000953800029
041999061053590012010000252700001
041999061059990011990000163600002
041999061071390004080000016300000
041999061071690001200000077200000
041999061071690003000000012800002
041999061080590013770000029700003
041999061080590013910000011600005
041999061084090004240000017000004
041999061084290009790000013100006
041999061084790003360000009800002
041999061084990004440000018200007
041999061089990004440000018200007
041999061091790005440002930000150
041999061091790007220000196700008
041999061092590007220000104400014
041999061092590020200000010000004
041999061099990006770000013500007
041999061100690002260000073900005
041999061100690002380000020300005
041999061101090012830000020800003
041999061109990000020028614501719
041999061113690002800000045800001
041999061133190000070004429900211
041999061140190000050000763900138
041999061140190000170000967500009
041999061142090000690000020400003
041999061142090000780000020900007
041999061142090000910000013700004
041999061144890014720000005800005
041999061153090002470000029100000
041999061159990002420004608900039
041999061162690001080000032100001
041999061162690001130000591300009
041999061174690010900000492700005
041999061174690010950000009000004
041999061189990000030000132100000
041999061999990000080029018700586
041999061010490010030000003000003
041999061011190008690015504000302
041999061011890009300000232200006
041999061012390016540000059600003
041999061012390016580000020600002
041999061014190010550000195400004
041999061022290010110000004800000
041999061029990003520000013000001
041999061033390010380000034800001
041999061039990000020025486700444
041999061039990001360000264700001
041999061049990012110007947700153
041999061053590011900000272800004
041999061053590011910000213100003
041999061053890011670000647500004
041999061053890013000000234500009
041999061053890013110000153100008
041999061069990015930000010200001
041999061070290009880000006400000
041999061071390004070000074500003
041999061074590003730000053600004
041999061080590013640000045600004
041999061080590013850000042400002
041999061082490001250003932100167
041999061082490013260000018500002
041999061083490008120000032900002
041999061083490008160000005000001
041999061083490008180000014400001
041999061084090004280000014500002
041999061084290009660000008400003
041999061084790003300000146500003
041999061084790003450000013700005
041999061089990000020047794203687
041999061090890005820000174000007
041999061094390007460000015100007
041999061099990007470000243100009
041999061099990020450000166900037
041999061109990002260000073900005
041999061111590000390000205000007
041999061113290000250000106700000
041999061113290013630000036000001
041999061149990000070022814700679
041999061153090002530000027300004
041999061162690001010000005200001
041999061170390001670000174100001
041999061174690011020000162200004
041999061010490009940000068600000
041999061011490008550010445800175
041999061019990011520000207400012
041999061019990011600000170700005
041999061025090010850000008500001
041999061040790012400000153400003
041999061040790012570000061500003
041999061053590011800000049500002
041999061059990011910000213100003
041999061063990015620000223800005
041999061069990015890000019200001
041999061070290009910000086200001
041999061074590001190001688200052
041999061074590003900000069000005
041999061079990003870000057400004
041999061082490013220000016500002
041999061083490008140000008300004
041999061083790003170000007600003
041999061084790002500000003100001
041999061084990000010006051700921
041999061091790018200000049500004
041999061092590020450000166900037
041999061099990005570023001500291
041999061099990017670000090800007
041999061101090012740000037800001
041999061111590000480000437000003
041999061112790000240004552300151
041999061122890018350000082200006
041999061129990019550000018800007
041999061133190016160000033400007
041999061144890014580000212500009
041999061159990000430000543500005
041999061169990001010000005200001
041999061169990001070000019000000
041999061174690000020042295701065
041999061174690001520000790400011
041999061179990011070000013200004
041999061999990000050009718000620
041999061011190008940000069700001
041999061011490001440000008400000
041999061011490011460000136100001
041999061011490011490000078000002
041999061011490011570000055700002
041999061012390004080000286100005
041999061012990014330000037900003
041999061014190010560000080400004
041999061019990008690141247104146
041999061029990010760000084600003
041999061049990012510000079300006
041999061059990012010000252700001
041999061079990003730000053600004
041999061080590013680000096700004
041999061080990003040001129300020
041999061083490008230000074100005
041999061084090000020002698700238
041999061089990006070000015300006
041999061089990009790000013100006
041999061101090012760000055800005
041999061109990012700000035600003
041999061111590000580000112600002
041999061129990019870000029300004
041999061129999999990009411200164
041999061139990015490000019500007
041999061139990017580000063200007
041999061162690000010007629400558
041999061162690000990000024200002
041999061162690001000000007900001
041999061179990000020078424602026
041999061999990000030138790002295
041999061010490009620000077100001
041999061011190000200002217600023
041999061011190009060000186300002
041999061011490011600000170700005
041999061012190001380000039500000
041999061029990004730005461400080
041999061040790012470000103800005
041999061049990012360000116900005
041999061053590011990000163600002
041999061053890013010000020700000
041999061069990015960000024600001
041999061071690002990000010900002
041999061071990004710000008300003
041999061074590000010013956600831
041999061074590003830000038600002
041999061079990004070000074500003
041999061082490013350000021700001
041999061084290003040000138600004
041999061084290009590000001300000
041999061089990003370000018100007
041999061090890007220000529200030
041999061094390007750000018200007
041999061099990005820000174000007
041999061100690001300000735400020
041999061101090012720000015800004
041999061101090012870000041700003
041999061101090012950000007200001
041999061109990002200000032600004
041999061129990019840000035400004
041999061144890000010011229800087
041999061153090002620000365600007
041999061159990002530000027300004
041999061159990002600000036000000
041999061169990001000000007900001
041999061011890008570000090400007
041999061012190008610000019500000
041999061025090000020014647200658
041999061029990010840000012200001
041999061040790012090004118100112
041999061040790012120002450100068
041999061053590012030000058600001
041999061053890013140000036000000
041999061074590000190014361500827
041999061080990006070000008500005
041999061080990006220000031900005
041999061082490013290000021400001
041999061083490008150000024100001
041999061083790003180000005600002
041999061084790000380000136200007
041999061084990000320000006100000
041999061084990002520000031400000
041999061084990004560000039400004
041999061089990000430000433500008
041999061090890005730000115600004
041999061091790016820000187000005
041999061091790017950000011600005
041999061092590020290000015500004
041999061100690000010014974500551
041999061139990019070000034100007
041999061140190000640003433300048
041999061142090000100001302800048
041999061142090000640009646900221
041999061149990000650021944700243
041999061153090002490000049600001
041999061159990002590000128200000
041999061169990001120000004400001
041999061170390000380000155400004
041999061174690011260000144100003
041999061179990001520000794300011
041999061179990001880000167300006
041999061179990010900000492700005
041999061999990000010733413524623
041999061010490010040000042900006
041999061011190008780000147700000
041999061011490011470000026900002
041999061011490011510000053400003
041999061011490011540000104000002
041999061011890009330000027500004
041999061012990011520000057700002
041999061019990010520000206600007
041999061022290010190000005100003
041999061024490000010003265800493
041999061024490000320000005200000
041999061049990012050001498800037
041999061053590011660000119300001
041999061069990000430000027100000
041999061069999999990000074600000
041999061070290009890000021700002
041999061071990004620000061600004
041999061071990004690000004400003
041999061079990000430000283100009
041999061083490003360000033200011
041999061083790003160000016800003
041999061084090003280000033100006
041999061084790003310000013700004
041999061084990004410000144300003
041999061084990004510000017000003
041999061084990004570000022200006
041999061089990003270000867900018
041999061089990006100000039000006
041999061092590020430000037200004
041999061100690002330000020000002
041999061101090001300000186900012
041999061111590000350000068900002
041999061111590000630000057300002
041999061111599999990000412300002
041999061112790013380000132100005
041999061113290000240004739400186
041999061119990000080029018700586
041999061119999999990004979800084
041999061133190016090000033800007
041999061139990016090000033800007
041999061142090000730000013700005
041999061142090000810000011400007
041999061149990014680000010100005
041999061153090002520000026200001
041999061153090016470000019100000
041999061162690001020000004400004
041999061174690010910000209300004
041999061174690011150000125000003
041999061174690011390000038500003
041999061179990000110010863900229
041999061179990008430000136900005
041999061179990020810011175900228
041999061195290020700000049800000
041999061199990020690000294100003
041999061010490001480000009200000
041999061011190008950001142400010
041999061011490000010012922700206
041999061012190008590000042900001
041999061012390016040000030000001
041999061012990000130003538100056
041999061012990014100000032800002
041999061019990008660000105800005
041999061024490015560000004100002
041999061033390001350003603600083
041999061039990010370000017400003
041999061049990012400000153400003
041999061053590011730000044700001
041999061063990000380000183200002
041999061063990015850000102100004
041999061074590003680000011100003
041999061079990003010000024700004
041999061080990006120000031100004
041999061082490013200000006200001
041999061084090004160000022300004
041999061084090004390000005100004
041999061090890005380000081400006
041999061091790017970000110100004
041999061133190014890000196800011
041999061133190017580000063200007
041999061139990014890000196800011
041999061171290008460000056600003
041999061174690003360000061200003
041999061174690011290000146800002
041999061999990000110010863900229
041999061999990012120002450100068
041999061011190008570000060300000
041999061011490011480000027600000
041999061011490011500000043900005
041999061012190008620000127900002
041999061012390008550004273000109
041999061014190008570000981800021
041999061014190010420000053500000
041999061014190010570000096500003
041999061025090010720000014000003
041999061039990001350003603600083
041999061053590012000000131900001
041999061059990000020021546000443
041999061070290001180009954200410
041999061071690003020000018700002
041999061079990003950000193700005
041999061080590013940000113300006
041999061080990006150000019100004
041999061080990008340000011500002
041999061083490008060000013600002
041999061083490008320000002500001
041999061083790003190000039900000
041999061084090020550000012700003
041999061084790003400000066900005
041999061094390007290000012100001
041999061100690002300000003900001
041999061101090012860000031300001
041999061101090012960000058100004
041999061109990012690000037300004
041999061111590000360000125600003
041999061112790013390000024600001
041999061113690002660000063700001
041999061113690002810000442800008
041999061119990013460000057300004
041999061133190015110000016500007
041999061149990000010020322200223
041999061149990014530000086300005
041999061171290000110001000100024
041999061179990011160000312100007
041999061179990011440000079300005
041999061199990020680000325800003
041999061999990000380006296400281
041999061010490000320000013300000
041999061010490009990000038300003
041999061012390016560000043500001
041999061025090010840000012200001
041999061025090010860000019500002
041999061039990010300000382600000
041999061059990011880000256200007
041999061059990011950000043900003
041999061059990013150000180800007
041999061069990015590000040200000
041999061071390004010000045000003
041999061074590003670000161200001
041999061079990006070000045300003
041999061080990006030000015700002
041999061082490000020009697400664
041999061083490001200000036700000
041999061084790003510000014200004
041999061090890006460000088500006
041999061092590020100000533800049
041999061094390007200000034800000
041999061099990007220002259700180
041999061100690001500000423300014
041999061100690002280000037800003
041999061101090012900000035400004
041999061101090012930000011700001
041999061101090012970000014900001
041999061109990012870000041700003
041999061113290013570000017400001
041999061113690000250000319000002
041999061133190000100000574200047
041999061133190019070000034100007
041999061139990016250000072600009
041999061142090000740000024000001
041999061159990002480000332600007
041999061159990002580000026200002
041999061170390001850000076800002
041999061170390001970000072200002
041999061179990011360000057500004
041999061011190008900000050700001
041999061024490000120001812900332
041999061025090010880000033600002
041999061029990010170000014000002
041999061069990015580001167400014
041999061070290000010008609300337
041999061071390004020000028100001
041999061071390004030000011100000
041999061071390010730000038800003
041999061071690002500000016500002
041999061071690003030000010700001
041999061071990001190000553900011
041999061074590003820000034000003
041999061080599999990000289200022
041999061080990006210000012200002
041999061083790000010010713301280
041999061084990000430000002200000
041999061084990004090000005300000
041999061091790016660000053700007
041999061091790017930000072500005
041999061092590002910001919800117
041999061094390007500000010700000
041999061094390007660000103300006
041999061109990002270000115400004
041999061109990012840000023600005
041999061122890018250025723700152
041999061122890019740000064300008
041999061133190015340000014900007
041999061139990000100000574200047
041999061139990015240000016000007
041999061139999999990004019900611
041999061162690001090000101700001
041999061169990001130000591300009
041999061179990001830000373900005
041999061999990005570023001500291
041999061010490009950000005000000
041999061011490011610000102300003
041999061011890009410000019200005
041999061025090010710000007200003
041999061029990010790000008800001
041999061039990000320000007000000
041999061049990012600000215000002
041999061069990015920000075800006
041999061079990005800000006200004
041999061080590013890000010600004
041999061082490013240000010200003
041999061082490013300000028900002
041999061082490013360000017500002
041999061083790002890000011700001
041999061094390004800008496200332
041999061099990001270001282000009
041999061099990006910000188200007
041999061109990000150000864100050
041999061109990012920000028800003
041999061113290000080003721400116
041999061113690002730000094700002
041999061113690002830000073300002
041999061133190016250000072600009
041999061133199999990004019900611
041999061139990019090000021400007
041999061140190014810000007000002
041999061144890014560000080600002
041999061153090002440000297500000
041999061170390000110001130000016
041999061170390001880000167300006
041999061174690011360000057500004
041999061179990001650001011500022
041999061179990011280000051800004
041999061999990001290001304100124
041999061999990007220002259700180
041999061999990020810011175900228
041999061011490011530000107800005
041999061011490011560000072200003
041999061011890009380000030500003
041999061012190008550002569600085
041999061012990014460000026000001
041999061019990011530000107800005
041999061022290000020004415900504
041999061025090000320000072900000
041999061025090010760000084600003
041999061029990010180000006300001
041999061033390000320000007000000
041999061039990010290000151900000
041999061049990012330000084700005
041999061049990012340000129300005
041999061049990012560000021000004
041999061049990012620000032300004
041999061049999999990001501700022
041999061053590011740000048900003
041999061063990015570000055000000
041999061063990015610000917900029
041999061069990000020009913500267
041999061071390004040000045800000
041999061071690000320000004100000
041999061071690002940000001800000
041999061071690016490000154200004
041999061071990004610000008200003
041999061071990004670000020400002
041999061074590003870000057400004
041999061079990000380000522200035
041999061083490008070000006000001
041999061084090004180000013400005
041999061084090004230000032300003
041999061084790003480000008700001
041999061084790003520000005700001
041999061084990004470000007600001
041999061092590020190000017200002
041999061094390007420000009200001
041999061094390007530000026600000
041999061101090000150000736400049
041999061119990013380000132100005
041999061122890019440000071700004
041999061129990018500000108300008
041999061129990019440000071700004
041999061142090000930000028600004
041999061144890000070010129200284
041999061149990000720005090500026
041999061153090002560000090100001
041999061171290000020009099100372
041999061171290008420000051500000
041999061185190008510000062500000
041999061189990008500000146700000
041999061999990000020729648421917
041999061011190009030000079200001
041999061011890009100000040500003
041999061011890009250000056800003
041999061012990014110000161300003
041999061012990018100000453500005
041999061025090010780000022900004
041999061029999999990000169900000
041999061033390001480000029300000
041999061033390002520000039700003
041999061040790012610000189800004
041999061069990000010012342900447
041999061071690002930000003400001
041999061071690002960000013600001
041999061071990004580000104400006
041999061074590003690000018100003
041999061079990003690000018100003
041999061079990004580000104400006
041999061080990005980000129000002
041999061082490013330000013100001
041999061083490000010004850500638
041999061084090003040000550400017
041999061084790000020009996000404
041999061084790003490000081500003
041999061084990003270000009600002
041999061090890006750000014700005
041999061092590005570000428100004
041999061092590020130000033900002
041999061094399999990000025600000
041999061099990005440022495500677
041999061100690002160000011400003
041999061100690002290000037000004
041999061101090002140001317700051
041999061101090012840000023600005
041999061112790013370000039200003
041999061113290013580000016100002
041999061113690002680000054000002
041999061122890019690000195400004
041999061122899999990009411200164
041999061129990019500000019100005
041999061129990019800000059500006
041999061139990015020000047500007
041999061139990019080000014900007
041999061162690000970000035500000
041999061162690000980000007000001
041999061169990001140000009500003
041999061171290000380000015900003
041999061171290008480000077900005
041999061195290000200000740200007
041999061011190008920000057400000
041999061011190009020000186900003
041999061012390008080000097100001
041999061019990014260000525100011
041999061033390000140001618700012
041999061033390000380000088400000
041999061033390010350000020700001
041999061040790001550000153600008
041999061040790012560000021000004
041999061049990012430000069800005
041999061053590011650001315000002
041999061069990015850000102100004
041999061069990015880000013700001
041999061071390003970000026100002
041999061074590003810000011900001
041999061080990003240000025900002
041999061082490013180000037200003
041999061083490008170000005600001
041999061084290009770000267100004
041999061084790003420000045200002
041999061084790003530000059500000
041999061089990000380002242400215
041999061089990001510000111800012
041999061094390005440002470500095
041999061111590000490000576000009
041999061112790013460000057300004
041999061113690002670000237700010
041999061122890019550000018800007
041999061122890019910000140400006
041999061129990018370000517400004
041999061129990018680000099800007
041999061149990000810000011400007
041999061149990014700000046400007
041999061011190000320000049000000
041999061011490001380000121100000
041999061012190008630000036300001
041999061012390016570000087100002
041999061012990008690019039600455
041999061012990014450000168700008
041999061014190010450000190300003
041999061019990009230000252900006
041999061022290010170000014000002
041999061025090010750000008000003
041999061039990001480000029300000
041999061040790012360000116900005
041999061049990012280000161900005
041999061053590011870000053100001
041999061053890011630001118100006
041999061059990000010021674400239
041999061059990013110000153100008
041999061079990003560000228900018
041999061080590014030000006000004
041999061080990005990000008300004
041999061082490000140000003600001
041999061082490013210000007900001
041999061083490000020004262700298
041999061083490001290000286100020
041999061083799999990000018900000
041999061084990004500000005700003
041999061090890004800087508401126
041999061091790016830000143400007
041999061092590020250000014500003
041999061100690002210000024700004
041999061100690002270000115400004
041999061100690002340000027600004
041999061101090012730000017900003
041999061112790000250000096300000
041999061122890018370000517400004
041999061140190000320000043700000
041999061142090000900000013700006
041999061144890014590000050700003
041999061149990014690000018500007
041999061159990002470000029100000
041999061170390001870000027200004
041999061185190000020000248100002
041999061011190008770000042900000
041999061011190009050000098300002
041999061011490009560000062300001
041999061011890009230000252900006
041999061014190010510000032600001
041999061019990008570001331500031
041999061033390010360000004400001
041999061033390010410000028700002
041999061040790012180000086400004
041999061049990012440000067800004
041999061070290009900000033000000
041999061071390000380000169500005
041999061071990004720000044500001
041999061074590003790000019400001
041999061083790001290000732100077
041999061083790003050000337100026
041999061084990004550000004500001
041999061092590016850000032400003
041999061092590020170000034000001
041999061099990007750000018200007
041999061112790013480000056000002
041999061113690002840000254900005
041999061113690002860000460500000
041999061133190000720001782800040
041999061142090000650008010000095
041999061149990000170000967500009
041999061162690002070000057600002
041999061171290008410000032000001
041999061174690020870053600901213
041999061185190008520000129700000
041999061185190008530000334000003
041999061199990020610000004900000
041999061999990000100004135800187
041999061999990001250003932100167
041999061011190008790000142500003
041999061012190008600000045100001
041999061012190008660000105800005
041999061019990018100000453500005
041999061022290010160000001900001
041999061025090010830000033600004
041999061029990010740000147700004
041999061033390010370000017400003
041999061069990015620000223800005
041999061069990015700000034800003
041999061074590003580000025000001
041999061082490013230000042700003
041999061083499999990000016700000
041999061083790003200000050000001
041999061090890005310000100400006
041999061092590020110000024100002
041999061094390007900000009000000
041999061099990005650000028200007
041999061100690001570000021100002
041999061101090000020011252400879
041999061101090003520000007500001
041999061111590000340000117600003
041999061122890018800000005200005
041999061129990019160000011400004
041999061129990019910000140400006
041999061139990017380000012800007
041999061140190000070002163900056
041999061142090000820000012900007
041999061149990000770000003900005
041999061159990001480000053400000
041999061162690000960000966900058
041999061171290008450000002800000
041999061179990000010098363502523
041999061999990000200008774300093
041999061011890008690018534200783
041999061012190008650000082700003
041999061014190010640000061200000
041999061019990000200006762000074
041999061029990010880000033600002
041999061049990002040001564800007
041999061059990011640000283600009
041999061059990011710000998900002
041999061059990011720000953800029
041999061059990011740000048900003
041999061059990011820000090500003
041999061069990015970000043100003
041999061070290006070000045300003
041999061071390001190001085900020
041999061071690001190000452600021
041999061071690002970000032800002
041999061080990007960000014400004
041999061082490003040001692200046
041999061082490003520000071500006
041999061082490013270000044300003
041999061083490008030000002600001
041999061083790002500000004500004
041999061084290009730000008100002
041999061084790003040001851200036
041999061084790003430000232300005
041999061084990000020004164700530
041999061084990004430000014700002
041999061089990004140000017700007
041999061090890004820000177200005
041999061091799999990001516500093
041999061094390007430000007700001
041999061099990000040077407404089
041999061099990005610000056900008
041999061101090000010010066200697
041999061101090012700000035600003
041999061101090012710000034600002
041999061112790013430000044100004
041999061113290000450000073800000
041999061119990000310001808500036
041999061119990000490000576000009
041999061119990013430000044100004
041999061122890018280000357200011
041999061122890019800000059500006
041999061142090000770000003900005
041999061149990000820000012900007
041999061170390001780000180900002
041999061170390001890000047300001
041999061174690011110000436900004
041999061174690011220000154400003
041999061999990000640027273600399
041999061999990005440022557600677
041999061011490000320000013900000
041999061011490001480000015600000
041999061011890009120000043900003
041999061012990008550007037200208
041999061014190010680000116400001
041999061019990000130035568400544
041999061019990001380001807600010
041999061019990009320000230300006
041999061029990010200000012800003
041999061053890000010005830300089
041999061053890000020013543800318
041999061059990011970000664600011
041999061070290009820000147500000
041999061070290009860000018200002
041999061079990003660000018000003
041999061080590001160000016700002
041999061080990006010000967600003
041999061089990003280000286400016
041999061090890005850000131400004
041999061091790016780000061800005
041999061094390007170000014000005
041999061094390007470000243100009
041999061100690002220000296400012
041999061122890000430001045600009
041999061129990019760000088400004
041999061144890000640013384500109
041999061170390002030000110500002
041999061171290000320000014200000
041999061171290004110000028600003
041999061011190008860000023400001
041999061011890009270000030800005
041999061011890009540000030600003
041999061014190010460000026000003
041999061019990010440000344500006
041999061025090010770000088700002
041999061029990010150000013500004
041999061029990010720000014000003
041999061029990020960000006700001
041999061053590000010015844100150
041999061063990015960000024600001
041999061079990003540000103700004
041999061080590013980000015600003
041999061080990000020005856000380
041999061080990006200000004700004
041999061082490020640000006300001
041999061083790008730000007300004
041999061084090001510000111800012
041999061084090004250000007400002
041999061084290009600000002500005
041999061084790003270000858300016
041999061084790003440000022700004
041999061084990000380001267200144
041999061090890000040047699701280
041999061090890005650000028200007
041999061091790016860000108400006
041999061094390007910000010300000
041999061099990008300000091800007
041999061099990016660000053700007
041999061099990018190000205900007
041999061100690000020017362100840
041999061109990002210000024700004
041999061119990000570000228000008
041999061119990002670000237700010
041999061122890018920000099100005
041999061133190015460000144200007
041999061144890014690000018500007
041999061179999999990005220000096
041999061185190008540000035600000
041999061011190008800000353900008
041999061011899999990000736600019
041999061012190000130001870100069
041999061012190008640000059300003
041999061012390000010012142200348
041999061012990014140000163600003
041999061012990014250000718900000
041999061022290003520000013000001
041999061040790000010014624400352
041999061049990012490000207100008
041999061049990012540000052200003
041999061059990011900000272800004
041999061063990015980000028100001
041999061071690002950000004100001
041999061074590003660000018000003
041999061079990001180048294502945
041999061079990003820000034000003
041999061079990003960000019200003
041999061079990004010000045000003
041999061079999999990001807300087
041999061082490000380000273000011
041999061083490000320000010900000
041999061083490000380000031400006
041999061083490008010000012900002
041999061083790000430000040000003
041999061083790003100000016700005
041999061083790003240000048800003
041999061084090000380000226800006
041999061084290009580000008200003
041999061084990004520000085700005
041999061090890005440014805600288
041999061090890005570020616100239
041999061090890006700000070600005
041999061090890006910000188200007
041999061090890008300000091800007
041999061091790017700000049100004
041999061092590000040007505100966
041999061092590005440002289400144
041999061092590020080000018400001
041999061109990012720000015800004
041999061112790013410000144300000
041999061113290000320000007000000
041999061113290013620000020300001
041999061122890019870000029300004
041999061129990019690000195400004
041999061133190019090000021400007
041999061139990000720001782800040
041999061144890014700000046400007
041999061153090002450000339600000
041999061159990002570000078800002
041999061162690001110000037600002
041999061170390001800000131400004
041999061174690011340000091600006
041999061179990001620000512400005
041999061195290020610000004900000
041999061010490009980000014100001
041999061010490010020000238500003
041999061012390001480000011200000
041999061012999999990000487400000
041999061014190010480000017400001
041999061019990014450000168700008
041999061029990000010024957801658
041999061040790012510000079300006
041999061049990012450000141600004
041999061049990012610000189800004
041999061071390004050000011000001
041999061071990004700000003100001
041999061079990001190005121200133
041999061080590013820000013300002
041999061080990006140000016800004
041999061082490020630000008200001
041999061084990003040000290600009
041999061089990003040007455400204
041999061101090001500000631500036
041999061109990002220000296400012
041999061111590000470000027700001
041999061112790000450000257600001
041999061113690000010021761900467
041999061113690002780000034400001
041999061113699999990000224600000
041999061119990000390000205000007
041999061122890000020094788900647
041999061122890019160000011400004
041999061139990017260000050300008
041999061153090002510000015700000
041999061153090002610000030100001
041999061159990002450000339600000
041999061159990002510000015700000
041999061159990002620000365600007
041999061174690011040000017100003
041999061010490000010010773100372
041999061010490001380000064100000
041999061011890003280000040400002
041999061011890009320000230300006
041999061012990014260000525100011
041999061012990014400000011400001
041999061012990014430000027300001
041999061022290010230000003800000
041999061053590011680000172200004
041999061053590012040000253300008
041999061059990000060026777300432
041999061059990012000000131900001
041999061063990015740000074500006
041999061069990015550004989800217
041999061069990015910000080100002
041999061071390001200000065900000
041999061080590013720000008100003
041999061080990001200001203200044
041999061089990000010068287107674
041999061092590020150000019400002
041999061109990002350000059000004
041999061111590000460000558300009
041999061113290000310000263400008
041999061119990002810000442800008
041999061129990019450000687400007
041999061133190017220000021700010
041999061139990015220000008200008
041999061139990016180000017500007
041999061142090000050001556600060
041999061142090000850000008200005
041999061144890014600000025500001
041999061149990000700000029400007
041999061149990000900000013700006
041999061153090000380000139200000
041999061199990014220000533800005
041999061999990000040077407404089
041999061011890009550000038600005
041999061012990014160000158900004
041999061025090010790000008800001
041999061039990010380000034800001
041999061040790012440000067800004
041999061053890013150000180800007
041999061069990015640000004800001
041999061069990015810000014600001
041999061070290009830000012400001
041999061071390001480000006600000
041999061071390003320000039300002
041999061080590013670000054800002
041999061083790000380000011100001
041999061083790003150000005600001
041999061084290009690000022900007
041999061084990004490000033600004
041999061092590020470000093700004
041999061092590020490000016400003
041999061094390007870000064400005
041999061109990002380000020300005
041999061111590000240019113500332
041999061113690002640000085600003
041999061119990002820000131600004
041999061119990002840000254900005
041999061122890000010115044100851
041999061122890019420000007100004
041999061139990015300000064600007
041999061140190014830000010500001
041999061144890000100001878500065
041999061169990001050000001400001
041999061170390001770000069500002
041999061170399999990000714900006
041999061010490000020010682200458
041999061010490010060000030600002
041999061011190008870000092300003
041999061011890009570000039900002
041999061012390000130001498600027
041999061012390016550000165100004
041999061019990009430000310500009
041999061025090000010017717700666
041999061029990010830000033600004
041999061033390010330000033100002
041999061049990012090004118100112
041999061053590011640000283600009
041999061053890011710000819100002
041999061070290000320000030700000
041999061074590003800000012600001
041999061079990003850000059500003
041999061080590013740000014100003
041999061080590014060000008300002
041999061083790003110000014400002
041999061083790003120000015500001
041999061084090004330000031500004
041999061084799999990000087300000
041999061084990001290000007700001
041999061084990004480000016600003
041999061090890001270001079800005
041999061091790016680000340400019
041999061094390004870000363200000
041999061094390007740000097400005
041999061099990020100000533800049
041999061100690002400000048600004
041999061101099999990000138800002
041999061109990002400000048600004
041999061113290020990000000500000
041999061119990000250001014600010
041999061129990018800000005200005
041999061133190000160009089200327
041999061144890014570001511100002
041999061169990001080000032100001
041999061169990001110000037600002
041999061170390001950000139400006
041999061170390002060000139000006
041999061174690011160000312100007
041999061189990008520000129700000
041999061010490009970000004900000
041999061010490010090000017700001
041999061011890009430000310500009
041999061012190008700000061200004
041999061014190001380000722200002
041999061019990004080000286100005
041999061025090010810000028900003
041999061040790012310000091400003
041999061053590011860000054200001
041999061059999999990001306000009
041999061063990015710000033400002
041999061071690002900000004000001
041999061071990004650000013600004
041999061074590003560000228900018
041999061080590014070000005700004
041999061083790003090000003000001
041999061084090003240000006300004
041999061084090004150000022600003
041999061084790000010013194300809
041999061084790003370000005800003
041999061089990004570000022200006
041999061091790002910001526300031
041999061092590020480000012900002
041999061099990005770000146000007
041999061099990007460000015100007
041999061111590000550000155200004
041999061113290000010011790200608
041999061113690002790000093400003
041999061122890018680000099800007
041999061142090000070010521600339
041999061153090001070000107600000
041999061153090002600000036000000
041999061162690001030000000900000
041999061170390002050000059800001
041999061171290008370000007500000
041999061174690011170000069900002
041999061999990000150000864100050
041999061010490010050000037800001
041999061011190001380000469100000
041999061011190008750000193200004
041999061011890009350000021100003
041999061012190008710000141100005
041999061014190009560000191200005
041999061014190010630000194900006
041999061033390001360000264700001
041999061069990015980000028100001
041999061074590001480000027200001
041999061074590003650000029500001
041999061079990010730000038800003
041999061080590000380000210800033
041999061080590013730000018000003
041999061089990001930000051500018
041999061091790018040000073100005
041999061092590020230000074200007
041999061094390015760000012300002
041999061101090012920000028800003
041999061129990019510000292200004
041999061133190017380000012800007
041999061139990014910000033200007
041999061140190014800000006800000
041999061153090002420004608900039
041999061153090002590000128200000
041999061159990002560000090100001
041999061162690001060000020800002
041999061169990000010007629400558
041999061170390001830000373900005
041999061174690001600007515100104
041999061179990000380000234100007
041999061179990001870000027200004
041999061199990014230000025400000
041999061199990020700000049800000
041999061999990000120008749300925
041999061011490011580000034600000
041999061011890000010015227400547
041999061011890001380000319200008
041999061014199999990000229500000
041999061029990010850000008500001
041999061033390000010020481900315
041999061049990012120002450100068
041999061049990012530000039500005
041999061069990015740000074500006
041999061071390003950000193700005
041999061074590003850000059500003
041999061080990006100000039000006
041999061083490008290000013900002
041999061083790003070000004000001
041999061084290001930000007800002
041999061089990003520000077200007
041999061090890006660000066300006
041999061090890006770000013500007
041999061099990020230000074200007
041999061100690002240000032300002
041999061112790013440000175000004
041999061113290013510000083800007
041999061119990000450001438600007
041999061129990000430001045600009
041999061139990000640000808900021
041999061139990014860001457300025
041999061142090000750000015600007
041999061149990000100003561600140
041999061149990000710000006300005
041999061149990000730000013700005
041999061153090000010030229100351
041999061153090002630000092800001
041999061159990000380000139200000
041999061169990000020005513400301
041999061169990000970000035500000
041999061170390000010031992900720
041999061195290020710000583300005
041999061010490000130001132800027
041999061012390001380000072400000
041999061012390007480000267400011
041999061012990014280000018900001
041999061019990008710000141100005
041999061019990010040000042900006
041999061040790012320000062900004
041999061059990011750000091800005
041999061071990001200000019300000
041999061071990004590000002400000
041999061074590000380000098700003
041999061080590013950000010200003
041999061082490000430000047900002
041999061082499999990000047500000
041999061084290009670000006300003
041999061084990004530000013200001
041999061091790004870000365800004
041999061092599999990000127900004
041999061100690002310000009500001
041999061109990002340000027600004
041999061109990012760000055800005
041999061111590000410000060600001
041999061112790013420000128100005
041999061113690000520000064500001
041999061119990000010071032402184
041999061119990013420000128100005
041999061119990013500000292300004
041999061129990018250025723700152
041999061133190015240000016000007
041999061139990000070004429900211
041999061140190000720000655100001
041999061142090000920000019300003
041999061149990000880000021300007
041999061149990004110000063200005
041999061153090002550000399500006
041999061169990002070000057600002
041999061170390001990000109600002
041999061171290003310000004700000
041999061179990010910000209300004
041999061195290020680000325800003
041999061011890009440000027000003
041999061012390000320000018500000
041999061012390016000000124800003
041999061012990014090000026000001
041999061012990014150000088100002
041999061014190010600000051400000
041999061039990010330000033100002
041999061039990010410000028700002
041999061040790012530000039500005
041999061053890013100000082600006
041999061063990015580001167400014
041999061063990015920000075800006
041999061063990015940000127600001
041999061071390001170000152800005
041999061071390004060000008100001
041999061071690000010005899000679
041999061074590001170000077200006
041999061074590003540000103700004
041999061080590013830000041500002
041999061080990020890000029800006
041999061083490008210000005000004
041999061084290009630000006700003
041999061084790003410000009000003
041999061090890005620000015400007
041999061099990006570000201800008
041999061100690002140003548200126
041999061101090012790000015100001
041999061109990002390000056500005
041999061109999999990000835700035
041999061111590000440000043600001
041999061119990002740000487100010
041999061122890000380001952200017
041999061122890019760000088400004
041999061129990000010115044100851
041999061133190016180000017500007
041999061140190014780000003800001
041999061144890014540000073100002
041999061144890014680000010100005
041999061149990014580000212500009
041999061174690011070000013200004
041999061195290000020000267400002
041999061999990000060026777300432
041999061010490010080000032000002
041999061011890009510000174200002
041999061012390016530000019200001
041999061014190010520000206600007
041999061022290000120001860100225
041999061022290010180000006300001
041999061024490004750000014500000
041999061025090004740001754500026
041999061025090020960000006700001
041999061033390010400000014900001
041999061039990000010020481900315
041999061040790012280000161900005
041999061040790012450000141600004
041999061053590011790000111200001
041999061053590011950000043900003
041999061063990015810000014600001
041999061070290009920000004100000
041999061084290009780000010200001
041999061084790001200000102700001
041999061084990003630000004700001
041999061089990001250003932100167
041999061089999999990005774100458
041999061090890002910024747300197
041999061090890010240000038900005
041999061099990005620000015400007
041999061113690000450000500700002
041999061113690002770000032200002
041999061122890019510000292200004
041999061133190015490000019500007
041999061139990015340000014900007
041999061144890014520000046300001
041999061153090000020021771700288
041999061153090002540000097500001
041999061169990000320000019400000
041999061170390001620000512400005
041999061171290000010012769700590
041999061185190008500000146700000
041999061189990000200001272100012
041999061011490008690014597700418
041999061014190008880000051500001
041999061014190010580000061700001
041999061019990007480000267400011
041999061022290004740000398500009
041999061022290010200000012800003
041999061025090010820000008100000
041999061029990010780000022900004
041999061040790012430000069800005
041999061049990012320000062900004
041999061053590011750000091800005
041999061059990012040000253300008
041999061063990015730000040300003
041999061071390000430000011000000
041999061080590000010005769000952
041999061080590013710000007400002
041999061083490003530000071800000
041999061083790000020007091200758
041999061083790001480000017000000
041999061084099999990000222600008
041999061084290009750000010100007
041999061089990013940000113300006
041999061092590020040000076100004
041999061111590000250000492600008
041999061112790013470000045800000
041999061113290013540000011500000
041999061119990000240039518900861
041999061119990000550000155200004
041999061119990013590000077800004
041999061122890018500000108300008
041999061133190014910000033200007
041999061139990017220000021700010
041999061142090000680000024000004
041999061144890014730000014500002
041999061153090002480000332600007
041999061159990002520000026200001
041999061162690000020005513400301
041999061169990000980000007000001
041999061179990008400000124200004
041999061179990011340000091600006
041999061185190000030000132100000
041999061195290014220000533800005
041999061195290020690000294100003
041999061999990001500001054800050
041999061010490008570000079100002
041999061011190009000000161900000
041999061011490011520000149700010
041999061014190010660000022800001
041999061019999999990011111600282
041999061022290010100000036200000
041999061029990000020021590601477
041999061029990010160000001900001
041999061029990010750000008000003
041999061040799999990001501700022
041999061053590000020008002200125
041999061053890000060015659600283
041999061059990011670000647500004
041999061063990000010012342900447
041999061063990000430000027100000
041999061063990015590000040200000
041999061063990015880000013700001
041999061063999999990000074600000
041999061070290009850000025300001
041999061071390004000000007700002
041999061071990001510000004100001
041999061074590003640000028800001
041999061079990004620000061600004
041999061082490013170000373400010
041999061091790005570000820600023
041999061094390002910003693700102
041999061099990004870005769800035
041999061109990012960000058100004
041999061111590000570000228000008
041999061111590000620000048700002
041999061113290013500000292300004
041999061129990018590000090400004
041999061139990016230000014000007
041999061142090000010004787100046
041999061144890014660000094200003
041999061153090002570000078800002
041999061162690001070000019000000
041999061169990000990000024200002
041999061170390000020027029800589
041999061171290008430000136900005
041999061174690011440000079300005
041999061010490010070000019200000
041999061011490011550000022400000
041999061012190008720000013700000
041999061012990008570000115300000
041999061014190010540000028600003
041999061022290010260000022500003
041999061029990004740002444100049
041999061049990007730000049800003
041999061053599999990000875400001
041999061069990015730000040300003
041999061071390003990000094800003
041999061071990001180004199900502
041999061071990003310000006000000
041999061074590003570000024700002
041999061079990001170000230000011
041999061079990004650000013600004
041999061083790003140000016100002
041999061083790003230000014500002
041999061084090004110000023800004
041999061084090004170000012500002
041999061084090004200000003400003
041999061084290009620000058500003
041999061084290009650000001100001
041999061084290009700000012100001
041999061092590020410000009300003
041999061094390007330000003100001
041999061101090012980000013700001
041999061113290013550000018000001
041999061113690000240011113700192
041999061113690000310000088600001
041999061139990015460000144200007
041999061149990014510000136000004
041999061159990002440000297500000
041999061159990002550000399500006
041999061162690001040000024000004
041999061174690011330000116400002
041999061179990002060000139000006
041999061179990008480000077900005
041999061999990001350003603600083
041999061011190000130009884400090
041999061012190008670000009700000
041999061012190008690010171600442
041999061012990000200004544400051
041999061022290000320000003400000
041999061033390010270000227400002
041999061049990012180000086400004
041999061053590011980000087300001
041999061053890000320000032500000
041999061063990015550004989800217
041999061063990015910000080100002
041999061069990015630000043900003
041999061070290009870000009100001
041999061071390001180013644200537
041999061071390003260000009700001
041999061071990000380000037500001
041999061079990000010044371902819
041999061080990006110000128500002
041999061080990008100000009200003
041999061082490013280000014100001
041999061083490008020000018700002
041999061083490008360000034400003
041999061084090002500000008700003
041999061084090004320000008900004
041999061084790001290000272400025
041999061084790003290000003900001
041999061089990003360000068400016
041999061089990009750000010100007
041999061091790000040010881301039
041999061091790017990000065000004
041999061099990004800109095402036
041999061111590000380000050900002
041999061111590000540000037500001
041999061119990013530000116200005
041999061133190000640000808900021
041999061140190000100000380300027
041999061140190014820000013800003
041999061142090000720001212500006
041999061144890014510000136000004
041999061149990000640026464700378
041999061153090000430000543500005
041999061159990002490000049600001
041999061162690000320000019400000
041999061170390001600004731700053
041999061170390002100000021900002
041999061171290008400000124200004
041999061179990011110000436900004
041999061185190000200001272100012
041999061999990000960000966900058
041999061011190008840000202600004
041999061011890009450000162300003
041999061012190008570000004600001
041999061012990014240000160100003
041999061014190008550012019700269
041999061019990009560000278800007
041999061025090004730004369000024
041999061039990000140001618700012
041999061039990000380000088400000
041999061040790002040001564800007
041999061040790012340000129300005
041999061071390003940000018000001
041999061071690003010000024700004
041999061074599999990000233200011
041999061083790003040000622200016
041999061083790003210000020800000
041999061084290003370000012200004
041999061090890005610000056900008
041999061091790018070000019600005
041999061092590020340000007600003
041999061100690002410000093600001
041999061101090012690000037300004
041999061111590000310001180100022
041999061111590000510000111800003
041999061111590000530000085800003
041999061113290013600000056500002
041999061119990000480000437000003
041999061133190015020000047500007
041999061133190015300000064600007
041999061142090000860000062900006
041999061142090000870000009700003
041999061144890000720003222900019
041999061144890014650000042900002
041999061171290008490000108700002
041999061174690000110008733800189
041999061999990000070027244600890
041999061999990000130035568400544
041999061999990015550004989800217
041999061011490000130003110500061
041999061033390010310000199800005
041999061039990010350000020700001
041999061039990010360000004400001
041999061039990010400000014900001
041999061040790012330000084700005
041999061059990011800000049500002
041999061063990015650000025600002
041999061070290000430000063500001
041999061080590003040000657200043
041999061080590013860000006200003
041999061084090019300000022500004
041999061084290000010002579500503
041999061084290009640000006700000
041999061084790005320000024500002
041999061089990003240000081000009
041999061090899999990004915300148
041999061094390000040011321300804
041999061100699999990000180700000
041999061109990002280000037800003
041999061109990012730000017900003
041999061109990012830000020800003
041999061112790000320000009800000
041999061113290013490000205800003
041999061113690000080010941300167
041999061113690002170000032200001
041999061113690002750000022600001
041999061129990000380001952200017
041999061142099999990000198800003
041999061144890014620000103700004
041999061144890014710000016000007
041999061159990002460000221200000
041999061174690011060000124300003
041999061174690011280000051800004
041999061174699999990001698600020
