101999061010490000010010773100014
101999061010490000020010682200012
101999061010490008550001757900001
101999061011190000010013618200009
101999061011190000130009884400007
101999061011190000200002217600002
101999061011190008550005321900001
101999061011190008690015504000011
101999061011190008950001142400001
101999061011490000010012922700008
101999061011490008550010445800006
101999061011490008690014597700013
101999061011890000010015227400011
101999061011890008550004413400002
101999061011890008690018534200014
101999061012190000010008417100008
101999061012190000130001870100001
101999061012190008550002569600003
101999061012190008690010171600013
101999061012390000010012142200011
101999061012390008550004273000002
101999061012390008690017058200014
101999061012990000010021778000012
101999061012990000130003538100001
101999061012990000200004544400003
101999061012990008550007037200003
101999061012990008690019039600012
101999061014190000010021689500006
101999061014190000130011777400003
101999061014190008550012019700005
101999061014190008690035659600017
101999061022290000010003974300010
101999061022290000020004415900012
101999061022290000120001860100002
101999061022290004730000889000001
101999061024490000010003265800011
101999061024490000020002527500007
101999061024490000120001812900007
101999061025090000010017717700013
101999061025090000020014647200011
101999061025090000120005076300001
101999061025090004730004369000002
101999061070290000010008609300011
101999061070290001180009954200013
101999061070290001190001340600001
101999061071390000010011555700012
101999061071390001180013644200013
101999061071690000010005899000012
101999061071690001180006134700013
101999061071990000010004351300012
101999061071990001180004199900012
101999061071990001190000553900001
101999061074590000010013956600014
101999061074590000190014361500013
101999061080590000010005769000019
101999061080590000020002543200005
101999061080590003040000657200001
101999061080990000010008529400015
101999061080990000020005856000007
101999061080990001200001203200001
101999061080990003040001129300001
101999061080990006010000967600001
101999061082490000010012568000014
101999061082490000020009697400009
101999061082490001250003932100003
101999061082490003040001692200001
101999061083490000010004850500014
101999061083490000020004262700010
101999061083490003040000523700001
101999061083790000010010713300015
101999061083790000020007091200010
101999061084090000010004031400015
101999061084090000020002698700008
101999061084090003040000550400002
101999061084290000010002579500016
101999061084290000020001484300008
101999061084290009770000267100001
101999061084790000010013194300014
101999061084790000020009996000010
101999061084790003040001851200001
101999061084990000010006051700014
101999061084990000020004164700010
101999061084990000380001267200001
101999061090890000040047699700013
101999061090890002910024747300004
101999061090890004800087508400030
101999061090890005440014805600001
101999061090890005570020616100003
101999061091790000040010881300015
101999061091790004800007520000010
101999061091790005440002930000002
101999061092590000040007505100014
101999061092590002910001919800001
101999061092590004800005570800007
101999061092590005440002289400002
101999061092590020050000191500001
101999061094390000040011321300014
101999061094390002910003693700003
101999061094390004800008496200009
101999061094390005440002470500001
101999061100690000010014974500011
101999061100690000020017362100016
101999061101090000010010066200010
101999061101090000020011252400015
101999061111590000010025178100016
101999061111590000080010477500004
101999061111590000240019140000011
101999061112790000010012302200017
101999061112790000080003848300003
101999061112790000240004552300005
101999061113290000010011790200017
101999061113290000080003721400003
101999061113290000240004739400005
101999061113690000010021761900016
101999061113690000080010941300005
101999061113690000240011113700006
101999061170390000010031992900016
101999061170390000020027029800014
101999061170390020810003376000001
101999061171290000010012769700016
101999061171290000020009099100008
101999061171290020810001498700001
101999061174690000020042295700012
101999061174690000110008733800001
101999061174690001600007515100001
101999061174690020870053600900017
