032019041084294290050001528200001
032019041084294290060001441200000
032019041084294290070000475400000
032019041084294290080000409100000
032019041084294290090000335000000
032019041084294290100000834000000
032019041084294290110000533000000
032019041084294290120000457400000
032019041084294290130000069200000
032019041084294290140000035700000
032019041084294290150000034100000
032019041084294290160000537600000
032019041084294290170000309300000
032019041084294290180000541000000
032019041084294290190000030600000
032019041094394390010012971400001
032019041094394390020011732400001
032019041094394390030010666900001
032019041094394390040004719300000
032019041094394390050004011000000
032019041094394390060003429500000
032019041094394390070008519500001
032019041094394390080007958000000
032019041094394390090007883700000
032019041094394390100002761200000
032019041094394390110002156100000
032019041094394390120002081300000
032019041094394390130006230000000
032019041094394390140005121400000
032019041094394390150004473700000
032019041094394390160005309400000
032019041094394390170004552100000
032019041094394390180004372600000
032019041094394390190001170500000
032019041094394390200000675700000
032019041094394390210000661700000
032019041094394390220000125500000
032019041094394390230000173900000
032019041094394390240000090900000
032019041094394390250000080600000
032019041094394390260001838100000
032019041094394390270001251600000
032019041094394390280001182200000
032019041094394390290000109400000
032019041024494490010002175100001
032019041024494490020001804800000
032019041024494490030001761700000
032019041024494490040002552500001
032019041024494490050002428300001
032019041024494490060002349200001
032019041024494490070000853400000
032019041024494490080000707100000
032019041024494490090000632100000
032019041024494490100001692800000
032019041024494490110001341000000
032019041024494490120001231000000
032019041024494490130000098400000
032019041024494490140000059500000
032019041024494490150000045900000
032019041024494490160000064200000
032019041024494490170000046700000
032019041024494490180000045300000
032019041024494490190000037400000
032019041024494490200000033000000
032019041024494490210000028400000
032019041024494490220000929600000
032019041024494490230000552100000
032019041024494490240000532100000
032019041024494490250000026000000
032019041074594590010011059900001
032019041074594590020008832000000
032019041074594590030008515400000
032019041074594590040012463100001
032019041074594590050012199700001
032019041074594590060011908100001
032019041074594590070003854400000
032019041074594590080003497000000
032019041074594590090003512300000
032019041074594590100008533400000
032019041074594590110006166900000
032019041074594590120005950700000
032019041074594590130000705900000
032019041074594590140000442700000
032019041074594590150000441100000
032019041074594590160006549900000
032019041074594590170004333800000
032019041074594590180004074500000
032019041074594590190000167200000
032019041074594590200000156100000
032019041174694690010033069600001
032019041174694690020025920900000
032019041174694690030025707200000
032019041174694690040019945300000
032019041174694690050016089500000
032019041174694690060014223800000
032019041174694690070016335900000
032019041174694690080012339400000
032019041174694690090011629700000
032019041174694690100040647900001
032019041174694690110038645600001
032019041174694690120036614100001
032019041174694690130024853000000
032019041174694690140016733200000
032019041174694690150016620900000
032019041174694690160003438600000
032019041174694690170002218700000
032019041174694690180002591100000
032019041174694690190001071500000
032019041174694690200018363600000
032019041174694690210011657400000
032019041174694690220011241700000
032019041174694690230000401600000
032019041174694690240000260900000
032019041174694690250000137400000
032019041174694690260000389400000
032019041174694690270000595100000
032019041174694690280000280200000
032019041174694690290000339500000
032019041174694690300000618200000
032019041084794790010009911500001
032019041084794790020007537600000
032019041084794790030007368000000
032019041084794790040009960900001
032019041084794790050009662600001
032019041084794790060009086200001
032019041084794790070003800000000
032019041084794790080003164600000
032019041084794790090003065100000
032019041084794790100008303600000
032019041084794790110005786000000
032019041084794790120005435400000
032019041084794790130000564400000
032019041084794790140000322300000
032019041084794790150005035300000
032019041084794790160002878500000
032019041084794790170002614100000
032019041084794790180000051300000
032019041084794790190000024900000
032019041084794790200000165100000
032019041084794790210000130300000
032019041084794790220000146700000
032019041084794790230000155700000
032019041144894890010024333600001
032019041144894890020023346800001
032019041144894890030023142400001
032019041144894890040010567200000
032019041144894890050009816300000
032019041144894890060010009100000
032019041144894890070009830800000
032019041144894890080009297200000
032019041144894890090009151200000
032019041144894890100013329200001
032019041144894890110012957200000
032019041144894890120012493000000
032019041144894890130005582000000
032019041144894890140004873300000
032019041144894890150004781200000
032019041144894890160002155700000
032019041144894890170001540800000
032019041144894890180001412000000
032019041144894890190000918200000
032019041144894890200000610700000
032019041144894890210000624800000
032019041144894890220000218600000
032019041144894890230000189300000
032019041144894890240001594100000
032019041144894890250001028400000
032019041144894890260000981000000
032019041144894890270000131400000
032019041144894890280000180500000
032019041084994990010003618000001
032019041084994990020003370500000
032019041084994990030003417700001
032019041084994990040003543000001
032019041084994990050003374000001
032019041084994990060003226900000
032019041084994990070000944900000
032019041084994990080000801900000
032019041010490490070002881000000
032019041010490490080002408300000
032019041010490490090002395900000
032019041010490490100006217400000
032019041010490490110004922100000
032019041010490490120004458900000
032019041010490490130000531800000
032019041010490490140000509400000
032019041010490490150000337400000
032019041010490490160006087900000
032019041010490490170004598400000
032019041010490490180004520200000
032019041010490490190000094800000
032019041010490490200000065300000
032019041010490490210000065900000
032019041010490490220000105300000
032019041010490490230000086100000
032019041010490490240000103000000
032019041080590590010003651900001
032019041080590590020003175100001
032019041080590590030003235800001
032019041080590590040002652900001
032019041080590590050002495400000
032019041080590590060002383800000
032019041080590590070002156200000
032019041080590590080001730300000
032019041080590590090001637200000
032019041080590590100000828200000
032019041080590590110000651000000
032019041080590590120000579700000
032019041080590590130000163700000
032019041080590590140000088900000
032019041080590590150000025500000
032019041080590590160000063800000
032019041080590590170000050800000
032019041080590590180001367300000
032019041080590590190000955200000
032019041080590590200000890500000
032019041100690690010009794600001
032019041100690690020008017600000
032019041100690690030007795700000
032019041100690690040015768300001
032019041100690690050015129600001
032019041100690690060015026800001
032019041100690690070003548800000
032019041100690690080003164000000
032019041100690690090003018700000
032019041100690690100008563800000
032019041100690690110006786000000
032019041100690690120006460700000
032019041100690690130000580200000
032019041100690690140000328200000
032019041100690690150000332000000
032019041100690690160000116600000
032019041100690690170004588000000
032019041100690690180002835800000
032019041100690690190002674500000
032019041100690690200000136500000
032019041100690690210000207500000
032019041100690690220000162900000
032019041100690690230000130000000
032019041100690690240000075100000
032019041100690690250000033900000
032019041040710710010007548500001
032019041040710710020006406800000
032019041040710710030007396100000
032019041040710710040007325600000
032019041040710710050010761900001
032019041040710710060010288700001
032019041040710710070007022900000
032019041040710710080006171800000
032019041040710710090001162400000
032019041040710710100000697100000
032019041040710710110000191400000
032019041040710710120001579800000
032019041040710710130001389100000
032019041040710710140004661900000
032019041040710710150003779800000
032019041040710710160000123100000
032019041040710710170000130300000
032019041040720720010000891900000
032019041040720720020000761100000
032019041040720720030000452400000
032019041040720720040001185600001
032019041040720720050000689700000
032019041040720720060000091900000
032019041040720720070000246800000
032019041040720720080000016400000
032019041040720720090000044000000
032019041040730730010001328200000
032019041040730730020001080200000
032019041040730730030001759800001
032019041040730730040000915100000
032019041040730730050000160700000
032019041040730730060000522200000
032019041040730730070000068100000
032019041040730730080000025900000
032019041040730730090000130200000
032019041090890890010074197800001
032019041090890890020069790600001
032019041090890890030066440200000
032019041090890890040094420100001
032019041090890890050068767100001
032019041090890890060058558200000
032019041090890890070033773500000
032019041090890890080029227400000
032019041090890890090026619600000
032019041090890890100008871900000
032019041090890890110007084300000
032019041090890890120004746100000
032019041090890890130021501800000
032019041090890890140017030900000
032019041090890890150016119500000
032019041090890890160000933600000
032019041090890890170015423500000
032019041090890890180000495500000
032019041090890890190001178600000
032019041090890890200045131900000
032019041090890890210029370000000
032019041090890890220022236100000
032019041090890890230051082600000
032019041090890890240038964100000
032019041090890890250036207100000
032019041090890890260000369600000
032019041090890890270001296000000
032019041090890890280000576900000
032019041090890890290000593800000
032019041090890890300011188200000
032019041090890890310007042100000
032019041090890890320006471300000
032019041080990990010006350300001
032019041080990990020005599600000
032019041080990990030005390900000
032019041080990990040006570300001
032019041080990990050006330600001
032019041080990990060005876300001
032019041080990990070002764800000
032019041080990990080002299800000
032019041080990990090002117400000
032019041080990990100004833700000
032019041080990990110003800700000
032019041080990990120003738500000
032019041080990990130000425400000
032019041080990990140000226300000
032019041080990990150000222900000
032019041080990990160002425200000
032019041080990990170001592000000
032019041080990990180000222900000
032019041080990990190000186700000
032019041101091090010006533500001
032019041101091090020005462100000
032019041101091090030005374900000
032019041101091090040009168200001
032019041101091090050009005600001
032019041101091090060008658200001
032019041101091090070002366700000
032019041101091090080002139500000
032019041101091090090001937600000
032019041101091090100004852900000
032019041101091090110003751000000
032019041101091090120003535600000
032019041101091090130000356300000
032019041101091090140000205000000
032019041101091090150000207500000
032019041101091090160000142700000
032019041101091090170002731500000
032019041101091090180001683700000
032019041101091090190001597700000
032019041101091090200000341600000
032019041011191190010012933300000
032019041011191190020009796700000
032019041011191190030009051100000
032019041011191190040020847100001
032019041011191190050019322700001
032019041011191190060018928400001
032019041011191190070010087000000
032019041011191190080009500900000
032019041011191190090009808400000
032019041084994990090000680700000
032019041084994990100001683000000
032019041084994990110001269300000
032019041084994990120001149100000
032019041084994990130000143300000
032019041084994990140000076000000
032019041084994990150000111900000
032019041084994990160000065600000
032019041084994990170000054700000
032019041084994990180000046100000
032019041084994990190001284400000
032019041084994990200000924800000
032019041084994990210000858600000
032019041084994990220000048300000
032019041025095090010013718700000
032019041025095090020009387800000
032019041025095090030009097600000
032019041025095090040017236100001
032019041025095090050016828200001
032019041025095090060015825600001
032019041025095090070007808500000
032019041025095090080006909700000
032019041025095090090006167800000
032019041025095090100014052100001
032019041025095090110009479800000
032019041025095090120008942100000
032019041025095090130001109900000
032019041025095090140000606100000
032019041025095090150000578500000
032019041025095090160000491600000
032019041025095090170000421300000
032019041025095090180000355900000
032019041025095090190000289900000
032019041025095090200000233400000
032019041025095090210008322500000
032019041025095090220004415400000
032019041025095090230004023600000
032019041025095090240000161200000
032019041025095090250000110200000
032019041025095090260000075900000
032019041025095090270000157300000
032019041025095090280000177300000
032019041025095090290000191900000
032019041025095090300000144200000
032019041185195190010000798300000
032019041185195190020000799900000
032019041185195190030001265400001
032019041185195190040001265600001
032019041185195190050000448300000
032019041185195190060000396700000
032019041185195190070000182200000
032019041185195190080000157000000
032019041185195190090000887000000
032019041185195190100000719700000
032019041185195190110000048800000
032019041185195190120000012200000
032019041195295290010000910900001
032019041195295290020000748700001
032019041195295290030000673200000
032019041195295290040000607500000
032019041195295290050000432500000
032019041195295290060000355000000
032019041195295290070000136300000
032019041195295290080000098300000
032019041195295290090000012900000
032019041195295290100000008600000
032019041195295290110000588400000
032019041195295290120000441100000
032019041195295290130000689300000
032019041195295290140000644900000
032019041011191190100014022700001
032019041011191190110011234800000
032019041011191190120010198300000
032019041011191190130001918900000
032019041011191190140001287900000
032019041011191190150001327400000
032019041011191190160000513700000
032019041011191190170008963000000
032019041011191190180006195300000
032019041011191190190005716500000
032019041011191190200000839800000
032019041011191190210000274000000
032019041171291290010009407200001
032019041171291290020009180200001
032019041171291290030008725800001
032019041171291290040000180900000
032019041171291290050000602100000
032019041171291290060000395700000
032019041171291290070000320300000
032019041171291290080002327100000
032019041171291290090001706200000
032019041171291290100001747200000
032019041171291290110004817700000
032019041171291290120003498700000
032019041171291290130003282900000
032019041171291290140000077300000
032019041171291290150000055900000
032019041171291290160000038900000
032019041171291290170000063800000
032019041171291290180000052400000
032019041171291290190003944000000
032019041171291290200002706500000
032019041171291290210002697900000
032019041171291290220007750700001
032019041171291290230006456900000
032019041171291290240006266200000
032019041171291290250003728500000
032019041171291290260003137000000
032019041171291290270003163100000
032019041171291290280000065600000
032019041171291290290000023300000
032019041171291290300000108100000
032019041171291290310000047000000
032019041171291290320000045500000
032019041071391390010008673800001
032019041071391390020007213800000
032019041071391390030007091200000
032019041071391390040010354000001
032019041071391390050010027800001
032019041071391390060009668900001
032019041071391390070002516700000
032019041071391390080002208700000
032019041071391390090002190000000
032019041071391390100005070500000
032019041071391390110003645800000
032019041071391390120003241600000
032019041071391390130000505800000
032019041071391390140000294300000
032019041071391390150000297900000
032019041071391390160000157400000
032019041071391390170004088500000
032019041071391390180002632400000
032019041071391390190002478300000
032019041011491490010011395300001
032019041011491490020008980800000
032019041011491490030008470600000
032019041011491490040016247500001
032019041011491490050015363200001
032019041011491490060015204500001
032019041011491490070006423100000
032019041011491490080006225200000
032019041011491490090005602700000
032019041011491490100008014700000
032019041011491490110005857900000
032019041011491490120005227700000
032019041011491490130000144000000
032019041011491490140000155700000
032019041011491490150000097600000
032019041011491490160000089900000
032019041011491490170000842400000
032019041011491490180000532400000
032019041011491490190000514800000
032019041011491490200000148400000
032019041011491490210005939200000
032019041011491490220003640200000
032019041011491490230003422200000
032019041011491490240000236400000
032019041111591590010018542900001
032019041111591590020017213200000
032019041111591590030017080000000
032019041111591590040020840000001
032019041111591590050019705200001
032019041111591590060018805900001
032019041111591590070009180200000
032019041111591590080007607900000
032019041111591590090006871000000
032019041111591590100007880900000
032019041111591590110006456300000
032019041111591590120006151600000
032019041111591590130006397300000
032019041111591590140004956400000
032019041111591590150004465400000
032019041111591590160001401600000
032019041111591590170000852200000
032019041111591590180000793500000
032019041111591590190000290000000
032019041111591590200003350400000
032019041111591590210002450400000
032019041111591590220002325400000
032019041111591590230000240700000
032019041111591590240000394100000
032019041111591590250001541800000
032019041111591590260000753500000
032019041111591590270000721000000
032019041071691690010004129800001
032019041071691690020003335100000
032019041071691690030003246100000
032019041071691690040004309600001
032019041071691690050004166000001
032019041071691690060004074600001
032019041071691690070000976000000
032019041071691690080000855500000
032019041071691690090000800200000
032019041071691690100001813800000
032019041071691690110001176100000
032019041071691690120001021200000
032019041071691690130000156500000
032019041071691690140000090500000
032019041071691690150000111100000
032019041071691690160001729900000
032019041071691690170001101400000
032019041071691690180000041700000
032019041071691690190000043300000
032019041071691690200000017600000
032019041091791790010013221200001
032019041091791790020011272300001
032019041091791790030009800800001
032019041091791790040010501100001
032019041091791790050008347700000
032019041091791790060007599700000
032019041091791790070003611800000
032019041091791790080002880600000
032019041091791790090002407500000
032019041091791790100006128500000
032019041091791790110005757600000
032019041091791790120005527800000
032019041091791790130001926200000
032019041091791790140001484100000
032019041091791790150001393700000
032019041091791790160002796100000
032019041091791790170002335100000
032019041091791790180002168800000
032019041091791790190000975000000
032019041140190190010003041100000
032019041140190190020002598600000
032019041140190190030002515100000
032019041140190190040002518600000
032019041140190190050002287500000
032019041140190190060002245800000
032019041140190190070004349000001
032019041140190190080004012200001
032019041140190190090003894600001
032019041140190190100003916800001
032019041140190190110003677900000
032019041140190190120003580500000
032019041140190190130002637000000
032019041140190190140002380100000
032019041140190190150002326700000
032019041140190190160000787000000
032019041140190190170000558300000
032019041140190190180000520700000
032019041140190190190000303300000
032019041140190190200000186500000
032019041140190190210000195100000
032019041140190190220000108200000
032019041140190190230000602600000
032019041140190190240000424600000
032019041140190190250000415900000
032019041140190190260000096600000
032019041140190190270000064600000
032019041070290290010006796900001
032019041070290290020005220900000
032019041070290290030005096600000
032019041070290290040007719800001
032019041070290290050007411600001
032019041070290290060007122100001
032019041070290290070002386800000
032019041070290290080002051400000
032019041070290290090002055800000
032019041070290290100004754800000
032019041070290290110003198700000
032019041070290290120002889700000
032019041070290290130000484900000
032019041070290290140000275000000
032019041070290290150000268900000
032019041070290290160000093200000
032019041070290290170000097000000
032019041070290290180003651200000
032019041070290290190002191600000
032019041070290290200002034100000
032019041070290290210000102000000
032019041170390390010022633000001
032019041170390390020018303500000
032019041170390390030017582800000
032019041170390390040004533500000
032019041170390390050003738600000
032019041170390390060003059500000
032019041170390390070011683200000
032019041170390390080010091000000
032019041170390390090009066100000
032019041170390390100025885000001
032019041170390390110025054800001
032019041170390390120023581900001
032019041170390390130016434400000
032019041170390390140012756700000
032019041170390390150011189700000
032019041170390390160002267200000
032019041170390390170001377200000
032019041170390390180001427700000
032019041170390390190011915200000
032019041170390390200007867400000
032019041170390390210007864000000
032019041170390390220000777300000
032019041170390390230000252900000
032019041170390390240000193700000
032019041170390390250000100900000
032019041170390390260000279000000
032019041170390390270000110700000
032019041170390390280000259300000
032019041010490490010008542100001
032019041010490490020007326400000
032019041010490490030007051800000
032019041010490490040009692800001
032019041010490490050009495600001
032019041010490490060009141300001
032019041142092090270000069900000
032019041142092090280000114800000
032019041012192190010009548200001
032019041012192190020009118500001
032019041012192190030008769600001
032019041012192190040006103200001
032019041012192190050004512200000
032019041012192190060004401000000
032019041012192190070003188200000
032019041012192190080003055000000
032019041012192190090002666900000
032019041012192190100004556700000
032019041012192190110003078600000
032019041012192190120002859700000
032019041012192190130000487800000
032019041012192190140000444100000
032019041012192190150000351900000
032019041012192190160003487000000
032019041012192190170002244000000
032019041012192190180002074000000
032019041012192190190000105400000
032019041012192190200000091500000
032019041012192190210000153400000
032019041012192190220000118400000
032019041012192190230000081600000
032019041022292290010003544300001
032019041022292290020002617600000
032019041022292290030002338000000
032019041022292290040004208800001
032019041022292290050003955500001
032019041022292290060003825700001
032019041022292290070001679600000
032019041022292290080001394000000
032019041022292290090001284700000
032019041022292290100002879900000
032019041022292290110002035200000
032019041022292290120001807900000
032019041022292290130000265300000
032019041022292290140000136100000
032019041022292290150000135600000
032019041022292290160000122300000
032019041022292290170000094300000
032019041022292290180000078200000
032019041022292290190001605000000
032019041022292290200000083600000
032019041022292290210000072900000
032019041022292290220000066200000
032019041022292290230000057400000
032019041022292290240000036000000
032019041022292290250000020700000
032019041022292290260000015100000
032019041012392390010015222700001
032019041012392390020014582400001
032019041012392390030014364700001
032019041012392390040009526100001
032019041012392390050007820200000
032019041012392390060006924800000
032019041012392390070003847100000
032019041012392390080003482600000
032019041012392390090003575700000
032019041012392390100007497200000
032019041012392390110005505000000
032019041012392390120005126300000
032019041012392390130000657600000
032019041012392390140000385000000
032019041012392390150000424500000
032019041012392390160005109800000
032019041012392390170000112800000
032019041012392390180000059000000
032019041012392390190000036400000
032019041012392390200000023500000
032019041012392390210000085500000
032019041012392390220000152200000
032019041012392390230000106000000
032019041012392390240000089900000
032019041012392390250000060300000
032019041012392390260000031200000
032019041012392390270000018300000
032019041082492490010008251500001
032019041082492490020006850000000
032019041082492490030006607600000
032019041082492490040009624100001
032019041082492490050009421200001
032019041082492490060009004100001
032019041082492490070003113400000
032019041082492490080002819900000
032019041082492490090002809000000
032019041082492490100006001800000
032019041082492490110004400800000
032019041082492490120004233600000
032019041082492490130000451700000
032019041082492490140000270300000
032019041082492490150000275100000
032019041082492490160000466300000
032019041082492490170000289300000
032019041082492490180000243600000
032019041082492490190003424200000
032019041082492490200002033700000
032019041082492490210001899600000
032019041082492490220000075600000
032019041082492490230000105000000
032019041082492490240000046400000
032019041092592590010008637100001
032019041092592590020007504300001
032019041092592590030006886500001
032019041092592590040005367900001
032019041092592590050004420500000
032019041092592590060003978800000
032019041092592590070001310500000
032019041092592590080001097300000
032019041092592590090001068900000
032019041092592590100001845800000
032019041092592590110001403300000
032019041092592590120001238000000
032019041092592590130003567900000
032019041092592590140003433600000
032019041092592590150003232000000
032019041092592590160001945300000
032019041092592590170001637600000
032019041092592590180001575100000
032019041092592590190000338500000
032019041092592590200000284300000
032019041092592590210000198100000
032019041092592590220000075200000
032019041092592590230000050300000
032019041092592590240000635300000
032019041092592590250000412700000
032019041092592590260000406700000
032019041092592590270000032600000
032019041092592590280000049700000
032019041092592590290000829300000
032019041162692690010005321500001
032019041162692690020004691000000
032019041162692690030004572600000
032019041162692690040005836700001
032019041162692690050005538200001
032019041162692690060005393800001
032019041162692690070001969600000
032019041162692690080001843100000
032019041162692690090001617800000
032019041162692690100003502200000
032019041162692690110002761100000
032019041162692690120002616600000
032019041162692690130000265100000
032019041162692690140000157700000
032019041162692690150000142400000
032019041162692690160000072600000
032019041162692690170000049400000
032019041162692690180000054700000
032019041162692690190001763300000
032019041162692690200001160100000
032019041162692690210001092600000
032019041162692690220000082000000
032019041162692690230000056100000
032019041162692690240000396400000
032019041162692690250000238200000
032019041162692690260000214600000
032019041112792790010006957700001
032019041112792790020006634500001
032019041112792790030006565300001
032019041112792790040006294200001
032019041112792790050006108100000
032019041112792790060005852100000
032019041112792790070001819400000
032019041112792790080001509300000
032019041112792790090001356400000
032019041112792790100001417700000
032019041112792790110001095400000
032019041112792790120001076900000
032019041112792790130001377600000
032019041112792790140000995700000
032019041112792790150000896800000
032019041112792790160000282700000
032019041112792790170000235600000
032019041112792790180000163500000
032019041112792790190000047400000
032019041112792790200000047900000
032019041112792790210000023400000
032019041112792790220000365800000
032019041112792790230000188500000
032019041112792790240000178700000
032019041112792790250000092300000
032019041112792790260000936100000
032019041112792790270000735700000
032019041112792790280000709200000
032019041122892890010100991100001
032019041122892890020069547400000
032019041122892890030066994500000
032019041122892890040109055100001
032019041122892890050097915000001
032019041122892890060095503900000
032019041122892890070062559800000
032019041122892890080055586100000
032019041122892890090049584700000
032019041122892890100095762600001
032019041122892890110063700900000
032019041122892890120062945700000
032019041122892890130011121100000
032019041122892890140006380400000
032019041122892890150006099500000
032019041122892890160061060100000
032019041122892890170031045300000
032019041122892890180029459500000
032019041122892890190001810600000
032019041122892890200001208500000
032019041122892890210000714200000
032019041122892890220001135900000
032019041122892890230000366800000
032019041122892890240000348900000
032019041122892890250000109500000
032019041122892890260001825000000
032019041012992990010018382300001
032019041012992990020013770900000
032019041012992990030013105100000
032019041012992990040025023000001
032019041012992990050024182400001
032019041012992990060022865200001
032019041012992990070011109500000
032019041012992990080009961100000
032019041012992990090009439000000
032019041012992990100017628000000
032019041012992990110013827100000
032019041012992990120012378400000
032019041012992990130002496500000
032019041012992990140001492400000
032019041012992990150001458500000
032019041012992990160000428000000
032019041012992990170000344200000
032019041012992990180000246700000
032019041012992990190011428800000
032019041012992990200007224400000
032019041012992990210007006400000
032019041012992990220000864300000
032019041012992990230000420300000
032019041012992990240000337600000
032019041153093090010020877000001
032019041153093090020018265900001
032019041153093090030017973500000
032019041153093090040019229600001
032019041153093090050018675700001
032019041153093090060017563700000
032019041153093090070015987200000
032019041153093090080013433300000
032019041153093090090012545400000
032019041153093090100007929800000
032019041153093090110006879300000
032019041153093090120006225800000
032019041153093090130001872300000
032019041153093090140001097700000
032019041153093090150001054800000
032019041153093090160000308800000
032019041153093090170013717600000
032019041153093090180011133300000
032019041153093090190010592000000
032019041153093090200000259900000
032019041153093090210000153700000
032019041153093090220000973200000
032019041153093090230000645700000
032019041153093090240000550200000
032019041153093090250000061200000
032019041153093090260000046700000
032019041153093090270000035100000
032019041133193190010011032300001
032019041133193190020010718600001
032019041133193190030010779600001
032019041133193190040010762100001
032019041133193190050010505600000
032019041133193190060009874000000
032019041133193190070001176600000
032019041133193190080000794000000
032019041133193190090000758500000
032019041133193190100000802200000
032019041133193190110009855500000
032019041133193190120009550400000
032019041133193190130009488800000
032019041133193190140000597800000
032019041133193190150001741600000
032019041133193190160001357400000
032019041133193190170001226300000
032019041113293290010006997400001
032019041113293290020006708200001
032019041113293290030006581500001
032019041113293290040006021000001
032019041113293290050005690300000
032019041113293290060005415700000
032019041113293290070001553600000
032019041113293290080001360300000
032019041113293290090001154000000
032019041113293290100001707900000
032019041113293290110001297400000
032019041113293290120001226300000
032019041113293290130001147000000
032019041113293290140001038900000
032019041113293290150000776600000
032019041113293290160000307500000
032019041113293290170000250700000
032019041113293290180000171700000
032019041113293290190000057100000
032019041113293290200000091000000
032019041113293290210000927800000
032019041113293290220000697400000
032019041113293290230000651500000
032019041113293290240000484500000
032019041113293290250000286600000
032019041113293290260000227800000
032019041113293290270000044200000
032019041113293290280000060800000
032019041033393390010014068300001
032019041033393390020010787100000
032019041033393390030010602200000
032019041033393390040020921500001
032019041033393390050020533200001
032019041033393390060019886300001
032019041033393390070010471000000
032019041033393390080009474000000
032019041033393390090008904800000
032019041033393390100012267500000
032019041033393390110009126300000
032019041033393390120008541300000
032019041033393390130001040800000
032019041033393390140000969200000
032019041033393390150000703400000
032019041033393390160008032200000
032019041033393390170004961400000
032019041033393390180004613900000
032019041033393390190000269500000
032019041033393390200000179200000
032019041033393390210000138900000
032019041033393390220000138100000
032019041033393390230000255000000
032019041033393390240000173900000
032019041033393390250000131100000
032019041033393390260000213800000
032019041033393390270000321600000
032019041083493490010003486600001
032019041083493490020003157900001
032019041083493490030003087600000
032019041083493490040003340200001
032019041083493490050003182500001
032019041083493490060003103400000
032019041083493490070000931800000
032019041083493490080000863400000
032019041083493490090000759600000
032019041083493490100001887700000
032019041083493490110001480400000
032019041083493490120001401200000
032019041083493490130000159800000
032019041083493490140000090800000
032019041083493490150000083000000
032019041083493490160000029400000
032019041083493490170001168000000
032019041083493490180000813200000
032019041083493490190000790900000
032019041083493490200000047700000
032019041053513510010002825900000
032019041053513510020002739000000
032019041053513510030005349900000
032019041053513510040004440100000
032019041053513510050003942900000
032019041053513510060003296800000
032019041053513510070012487600001
032019041053513510080011797000001
032019041053513510090000141100000
032019041053513510100000100600000
032019041053513510110000083200000
032019041053513510120000066300000
032019041053513510130001063400000
032019041053513510140000682600000
032019041053513510150000131100000
032019041053513510160008335700001
032019041053513510170007321200000
032019041053513510180005465700000
032019041053513510190004216100000
032019041053513510200001173900000
032019041053513510210000058100000
032019041053513510220000045500000
032019041053513510230000142800000
032019041053513510240000128500000
032019041053513510250002636600000
032019041053513510260002195000000
032019041053523520010000045600000
032019041053523520020000983800000
032019041053523520030000220500000
032019041053523520040000464100000
032019041053523520050001591000001
032019041053523520060000018100000
032019041053523520070000116700000
032019041053523520080000946300000
032019041053523520090000825200000
032019041053523520100000015300000
032019041053523520110000313900000
032019041053523520120000006700000
032019041053533530010000013500000
032019041053533530020000639400000
032019041053533530030000225500000
032019041053533530040000294600000
032019041053533530050000944900001
032019041053533530060000009300000
032019041053533530070000007700000
032019041053533530080000069400000
032019041053533530090000612000000
032019041053533530100000227500000
032019041053533530110000544800000
032019041053533530120000012100000
032019041053533530130000278300000
032019041113693690010015486900001
032019041113693690020014739700000
032019041113693690030014278000000
032019041113693690040009036200000
032019041113693690050007814600000
032019041113693690060006963700000
032019041113693690070018006100001
032019041113693690080017469600001
032019041113693690090016445000001
032019041113693690100005438200000
032019041113693690110004173700000
032019041113693690120003957400000
032019041113693690130004644000000
032019041113693690140003893400000
032019041113693690150003195800000
032019041113693690160001150700000
032019041113693690170001064900000
032019041113693690180000703600000
032019041113693690190000187600000
032019041113693690200000248700000
032019041113693690210002507800000
032019041113693690220001829700000
032019041113693690230001741000000
032019041113693690240000288100000
032019041113693690250001353600000
032019041113693690260000798900000
032019041113693690270000683900000
032019041113693690280000195900000
032019041083793790010007298300001
032019041083793790020006294000001
032019041083793790030006202100001
032019041083793790040006051600001
032019041083793790050005626400000
032019041083793790060005545200000
032019041083793790070004768000000
032019041083793790080003984500000
032019041083793790090003653700000
032019041083793790100001611900000
032019041083793790110001523000000
032019041083793790120001242400000
032019041083793790130000301000000
032019041083793790140000167100000
032019041083793790150000083200000
032019041083793790160000106300000
032019041083793790170000057300000
032019041083793790180000057400000
032019041083793790190000091500000
032019041083793790200002350700000
032019041083793790210001638000000
032019041053843840010008244800001
032019041053843840020007135100000
032019041053843840030012534700001
032019041053843840040011665300001
032019041053843840050006119500000
032019041053843840060005729000000
032019041053843840070008017700000
032019041053843840080007573500000
032019041053843840090005350600000
032019041053843840100004087700000
032019041053843840110001148000000
032019041053843840120001114600000
032019041053843840130000217300000
032019041053843840140000125200000
032019041053843840150000076100000
032019041053843840160000087900000
032019041053843840170000129800000
032019041053843840180002504800000
032019041053843840190002022500000
032019041053843840200000057000000
032019041053843840210000083500000
032019041053843840220000247800000
032019041053843840230000201200000
032019041053853850010001179900000
032019041053853850020001216100001
032019041053853850030000698300000
032019041053853850040000356600000
032019041053853850050000456900000
032019041053853850060000073100000
032019041053853850070000010700000
032019041053853850080000160900000
032019041053863860010000561100001
032019041053863860020000095500000
032019041053863860030000206700000
032019041053863860040000075100000
032019041053863860050000063000000
032019041053863860060000056600000
032019041053863860070000014800000
032019041053863860080000003800000
032019041053863860090000005200000
032019041053873870010000146500000
032019041053873870020000109100000
032019041053873870030000232800001
032019041053873870040000043100000
032019041053873870050000036600000
032019041053873870060000007600000
032019041053873870070000001300000
032019041063993990010009208000001
032019041063993990020007586000000
032019041063993990030007266800000
032019041063993990040009092800001
032019041063993990050008621500001
032019041063993990060008479200001
032019041063993990070003237100000
032019041063993990080002928000000
032019041063993990090002885800000
032019041063993990100006359700000
032019041063993990110004576000000
032019041063993990120004429600000
032019041063993990130000529600000
032019041063993990140000330900000
032019041063993990150000319300000
032019041063993990160000077000000
032019041063993990170000061100000
032019041063993990180004346900000
032019041063993990190002674700000
032019041063993990200002568500000
032019041063993990210000116800000
032019041063993990220000085800000
032019041063993990230000039000000
032019041063993990240000068200000
032019041063993990250005617700000
032019041063993990260005059800000
032019041063993990270004897300000
032019041084094090010003036200001
032019041084094090020002545300001
032019041084094090030002473200000
032019041084094090040002679200001
032019041084094090050002476100001
032019041084094090060002377200000
032019041084094090070000946000000
032019041084094090080000767600000
032019041084094090090000772400000
032019041084094090100002101100000
032019041084094090110001590100000
032019041084094090120001476600000
032019041084094090130000139700000
032019041084094090140000073500000
032019041084094090150000074300000
032019041084094090160000067700000
032019041084094090170000033400000
032019041084094090180001083700000
032019041084094090190000727200000
032019041084094090200000196500000
032019041084094090210000045600000
032019041014194190010040041400001
032019041014194190020038896300001
032019041014194190030037209900001
032019041014194190040021421500000
032019041014194190050015066600000
032019041014194190060014421000000
032019041014194190070016874100000
032019041014194190080015889000000
032019041014194190090015101700000
032019041014194190100021698100001
032019041014194190110015683400000
032019041014194190120014184800000
032019041014194190130002803900000
032019041014194190140001740900000
032019041014194190150001710600000
032019041014194190160014454600000
032019041014194190170008737500000
032019041014194190180008065200000
032019041014194190190000482600000
032019041014194190200000801800000
032019041014194190210000578600000
032019041014194190220000420000000
032019041014194190230000411800000
032019041084294290010001597700001
032019041084294290020001455000001
032019041091791790200000618500000
032019041091791790210000464900000
032019041091791790220000124800000
032019041091791790230000162300000
032019041091791790240000070500000
032019041091791790250001158100000
032019041091791790260000079100000
032019041091791790270001737000000
032019041091791790280000032600000
032019041011891890010012051700001
032019041011891890020009119100000
032019041011891890030008935700000
032019041011891890040017489600001
032019041011891890050017214100001
032019041011891890060016512000001
032019041011891890070006653400000
032019041011891890080006018100000
032019041011891890090006086600000
032019041011891890100010694500000
032019041011891890110007917300000
032019041011891890120007219600000
032019041011891890130001102500000
032019041011891890140000678000000
032019041011891890150000669000000
032019041011891890160000174400000
032019041011891890170000145800000
032019041011891890180007834900000
032019041011891890190005010700000
032019041011891890200004599800000
032019041011891890210000291800000
032019041011891890220000163100000
032019041011891890230000135600000
032019041011891890240000180300000
032019041011891890250000195500000
032019041011891890260000101600000
032019041011891890270000098000000
032019041071991990010003839900001
032019041071991990020002816700000
032019041071991990030002734100000
032019041071991990040004344800001
032019041071991990050004122900001
032019041071991990060003967700001
032019041071991990070001759800000
032019041071991990080001566200000
032019041071991990090001414300000
032019041071991990100003198500000
032019041071991990110002298100000
032019041071991990120002092000000
032019041071991990130000332400000
032019041071991990140000204000000
032019041071991990150000198700000
032019041071991990160002508700000
032019041071991990170001563700000
032019041071991990180001493700000
032019041071991990190000097000000
032019041071991990200000074600000
032019041142092090010009921500001
032019041142092090020009738100000
032019041142092090030009437500000
032019041142092090040012131800001
032019041142092090050011737800001
032019041142092090060011515900001
032019041142092090070007604300000
032019041142092090080007098900000
032019041142092090090007037800000
032019041142092090100002401800000
032019041142092090110002104800000
032019041142092090120001965300000
032019041142092090130001214200000
032019041142092090140000872000000
032019041142092090150000798300000
032019041142092090160000141400000
032019041142092090170000155600000
032019041142092090180005938100000
032019041142092090190005798700000
032019041142092090200005348100000
032019041142092090210000492300000
032019041142092090220000322000000
032019041142092090230000361000000
032019041142092090240000721100000
032019041142092090250000104700000
032019041142092090260000077700000
032019041084294290030001300300000
032019041084294290040001763600001
