102003051500749900142700001659000
102003051500949900000100003785000
102003051500949900000200004320001
102003051500949900001200002939000
102003051500949900010300000687000
102003051500959900000100005626001
102003051500959900000200010245002
102003051500959900001200002902000
102003051500959900007200000807000
102003051500959900010300000672000
102003051500959900143000000281000
102003051500959900143100000261000
102003051500959900163000000028000
102003051502519900000100004752001
102003051502519900000200005789001
102003051502519900001200002572000
102003051502519900010300001196000
102003051502519900143200000054000
102003051502519900143300000536000
102003051502979900000100127800006
102003051502979900000200143162006
102003051110069900007100009198000
102003051110069900014100002307000
102003051110069900086900000805000
102003051030669900087800001756000
102003051030669900091300001023000
102003051030669900091500002818000
102003051030669900091600001076000
102003051030669900092000000169000
102003051030999900000100053485003
102003051030999900000200031816001
102003051030999900002400004425000
102003051030999900009200002932000
102003051030999900087800008199000
102003051030999900092100000550000
102003051030999900092400000288000
102003051030999900092500000075000
102003051030999900092700000462000
102003051030999900093200000665000
102003051030999900093300000234000
102003051030999900093400000253000
102003051031399900000100032945002
102003051031399900000200023131001
102003051031399900002400002817000
102003051031399900009200004773000
102003051031399900083800000986000
102003051031399900093500000785000
102003051031399900094300000233000
102003051031409900000100017062001
102003051031409900000200013704001
102003051031409900002400003308000
102003051031409900009200001334000
102003051031409900083800001628000
102003051031409900094400000887000
102003051120039900000100003879001
102003051120039900000200002285000
102003051120039900087200000243000
102003051120409900000100064261007
102003051120409900000200046297005
102003051120409900002400005416000
102003051120409900004200003215000
102003051120409900009200011205001
102003051120409900087400001374000
102003051120729900000100005328000
102003051120729900000200006328001
102003051120729900009200000127000
102003051120729900086100000199000
102003051120729900086200000274000
102003051120729900086300000504000
102003051120809900000100002291000
102003051120809900000200002529001
102003051120809900002400000246000
102003051120809900009200000361000
102003051120829900000100028385003
102003051120829900000200026459003
102003051120829900002400003982000
102003051120829900004200003008000
102003051120829900009200004403000
102003051120829900089800002108000
102003051120829900090000000753000
102003051121009900000100003898001
102003051121009900000200003461000
102003051121009900002400000358000
102003051121009900009200000525000
102003051121009900094500000303000
102003051121009900094600000263000
102003051121049900000100006250001
102003051121049900000200004921000
102003051121049900002400000099000
102003051121049900082800000659000
102003051121049900087600000068000
102003051121049900092600000369000
102003051121049900094100000099000
102003051121389900000100012949001
102003051121389900000200009603001
102003051121389900004200000394000
102003051121389900009200003514000
102003051121389900095100001734000
102003051121409900000100003042001
102003051121409900000200002374000
102003051121409900002400000127000
102003051121409900092900000074000
102003051121409900093000000155000
102003051460179900000100035085001
102003051460179900000200032604001
102003051460179900001100004730000
102003051460179900002400007410000
102003051460179900009200008057000
102003051460179900087600003610000
102003051460179900207600000630000
102003051460179900208500000756000
102003051460179900208700001311000
102003051460179900209800000284000
102003051461319900000100033101001
102003051461319900000200032892001
102003051461319900001100002886000
102003051461319900002400001411000
102003051461319900009200011452000
102003051461319900210300000129000
102003051461319900210700000142000
102003051461319900211400001023000
102003051461319900211700000087000
102003051461459900000100036366001
102003051461459900000200026611001
102003051461459900001100002737000
102003051461459900002400002483000
102003051461459900004900000932000
102003051461459900009200004344000
102003051461459900089000000430000
102003051461459900232200000699000
102003051461459900232700002672000
102003051461459900233000000800000
102003051461459900233100000225000
102003051461459900233200000767000
102003051461459900235200000224000
102003051461479900000100033926001
102003051461479900000200023058001
102003051461479900001100004406000
102003051461479900002400004788000
102003051461479900009200003035000
102003051461479900082500000084000
102003051461479900211400000673000
102003051461479900216500002391000
102003051461479900216700000095000
102003051461479900216900000054000
102003051461479900217200000565000
102003051461479900218000000195000
102003051461479900218500000473000
102003051461849900000100018913001
102003051461849900000200012519000
102003051461849900002400002529000
102003051461849900009200006209000
102003051461849900219000000402000
102003051462139900000100022933001
102003051462139900000200022739000
102003051462139900001100000652000
102003051462139900002400004123000
102003051462139900009200001034000
102003051462139900211400001208000
102003051462139900220400000571000
102003051462139900220700000583000
102003051462139900221200000418000
102003051462139900221600001102000
102003051462209900000100027039001
102003051462209900000200027674001
102003051462209900001100003879000
102003051462209900002400007655000
102003051462209900009200006189000
102003051462209900221800000419000
102003051462209900222000000355000
102003051462209900222800003809000
102003051462209900223000001953000
102003051462359900000100017235001
102003051462359900001100002412000
102003051462359900003000004182000
102003051462359900004900013075000
102003051462359900009200006513000
102003051462359900089000001234000
102003051462359900224200000583000
102003051462359900225100000809000
102003051462509900000100346486009
102003051462509900000200279260007
102003051462509900001100035430001
102003051462509900002400054038001
102003051462509900009200030627000
102003051462509900227200000222000
102003051462509900227800000378000
102003051462509900228100001086000
102003051462509900229000000579000
102003051462509900229600001005000
102003051462509900230100000482000
102003051462509900230300000624000
102003051462509900231000000236000
102003051462509900231200000392000
102003051462509900231300000534000
102003051462509900234300001005000
102003051240089900000100012412001
102003051240089900000200011655001
102003051240089900011900003741000
102003051240109900000100011749001
102003051240109900000200009132001
102003051240109900011900003270000
102003051240109900101900000910000
102003051240569900000100003706001
102003051240569900000200003296000
102003051240569900007900000537000
102003051240569900011900001129000
102003051240569900100600000110000
102003051240569900102400000178000
102003051240899900000100053791005
102003051240899900000200054065005
102003051240899900001800001296000
102003051240899900003400000061000
102003051240899900007900005819000
102003051240899900011900027955002
102003051240899900016900000376000
102003051240899900100600003061000
102003051240899900103100000143000
102003051240899900103400000164000
102003051240899900103500000226000
102003051240899900103800000060000
102003051240899900104000000081000
102003051240899900104200000154000
102003051241159900000100037643004
102003051241159900000200036518003
102003051241159900007900005343000
102003051241159900011700002782000
102003051241159900011900005275000
102003051241399900000100003352001
102003051241399900000200002708000
102003051241399900011900000627000
102003051241399900100600000209000
102003051340179900000100002118001
102003051340179900000200001695000
102003051340179900011800000091000
102003051340179900019000000065000
102003051340179900021500000196000
102003051340179900022000000036000
102003051340229900000100002871001
102003051340229900000200002015000
102003051340229900003400000069000
102003051340229900019000000035000
102003051340229900021300000046000
102003051340229900021400000041000
102003051340229900022100000049000
102003051340479900000100003650001
102003051340479900000200001922001
102003051340479900011800000113000
102003051340479900019000000694000
102003051340479900019300000080000
102003051340479900019500000178000
102003051340569900000100008824002
102003051110069900266900000063000
102003051110129900000100040667003
102003051110129900006100019395001
102003051110129900007100003698000
102003051110159900000100011138001
102003051110159900001300002808000
102003051110159900006100021728002
102003051110159900007100009303000
102003051110159900014100001851000
102003051110159900089200001390000
102003051110209900000100025647001
102003051110209900001300002408000
102003051110209900006100030170002
102003051110209900007100004536000
102003051110209900014100027469002
102003051110279900000100013944001
102003051110279900001300003505000
102003051110279900006100015002001
102003051110279900007100011230001
102003051110279900089600010301001
102003051110279900090300002693000
102003051110319900000100011961001
102003051110319900001300014526001
102003051110319900006100019890001
102003051110319900007100003706000
102003051110319900083700000514000
102003051110329900000100013964001
102003051110329900001300003847000
102003051110329900006100008352001
102003051110329900007100005239000
102003051110329900014100001855000
102003051110329900087700001046000
102003051110329900088400002252000
102003051110329900088800001455000
102003051110339900000100026813002
102003051110339900001300002685000
102003051110339900006100013793001
102003051110339900007100002014000
102003051110339900014800000998000
102003051110339900014900002361000
102003051140029900000100002717000
102003051140029900001300004812000
102003051140029900006100008962001
102003051140029900007100009669001
102003051140029900197900000803000
102003051140079900000100003117000
102003051140079900001300001206000
102003051140079900006100006875001
102003051140079900007100002791000
102003051140079900198100000172000
102003051140139900000100002746000
102003051140139900001300004630000
102003051140139900006100007846001
102003051140139900007100004364000
102003051140219900000100067450005
102003051140219900001300009179000
102003051140219900006100035931002
102003051140219900007100076672006
102003051140219900014100001087000
102003051140219900198100002011000
102003051140219900198200000199000
102003051140219900198300000405000
102003051140219900198400000410000
102003051140219900198500000450000
102003051140389900000100007470000
102003051140389900001300003576000
102003051140389900006100017240002
102003051140389900007100004837000
102003051140389900198600000850000
102003051140429900000100007014000
102003051140429900001300001504000
102003051140429900006100010943001
102003051140429900007100013287001
102003051140429900198700000653000
102003051140429900198800000716000
102003051140529900000100007917000
102003051140529900001300001005000
102003051140529900006100011013001
102003051140529900007100003789000
102003051140529900198900000164000
102003051140539900000100004222000
102003051140539900001300002237000
102003051140539900006100020033002
102003051140539900007100004774000
102003051140539900199000002371000
102003051140539900199100001441000
102003051140539900199200000465000
102003051140549900000100009423001
102003051140549900001300001228000
102003051140549900006100012633001
102003051140549900007100002636000
102003051140549900199800000270000
102003051140549900200000001459000
102003051140559900000100003519000
102003051140559900001300005277000
102003051140559900006100008232001
102003051140559900007100000432000
102003051180239900000100008040000
102003051180239900001300004628000
102003051180239900006100016307002
102003051180239900007100002500000
102003051180239900014100000983000
102003051180239900146900000206000
102003051180239900147100000365000
102003051180239900147300000317000
102003051180879900000100100126007
102003051180879900001300008065000
102003051180879900006100106660007
102003051180879900007100031348002
102003051180879900014100004746000
102003051180879900143900000142000
102003051180879900144100000430000
102003051180879900144400000247000
102003051180879900144700000330000
102003051180879900144800000387000
102003051180879900144900000382000
102003051180879900145000000157000
102003051180879900145400000501000
102003051180879900145500001977000
102003051180879900146000000390000
102003051180879900146200000198000
102003051180879900146300000322000
102003051180879900146400000356000
102003051180879900146700001599000
102003051180879900146800000370000
102003051180899900000100009960001
102003051180899900001300001915000
102003051180899900006100011562001
102003051180899900007100002844000
102003051180899900014100000359000
102003051180899900149700000322000
102003051180899900149800000073000
102003051180899900149900000179000
102003051180899900150000000223000
102003051180899900150100000083000
102003051180899900150300000064000
102003051180899900154700000246000
102003051180899900155100000236000
102003051181229900000100010380000
102003051181229900001300000864000
102003051181229900006100022405002
102003051181229900007100003582000
102003051181229900014100000826000
102003051181229900150400000166000
102003051181229900150500001740000
102003051181229900150700000203000
102003051181229900150900001036000
102003051181229900151000001754000
102003051181229900151100000064000
102003051181229900151200000175000
102003051181409900000100018090002
102003051181409900001300007952000
102003051181409900006100016117001
102003051181409900007100003858000
102003051181409900014100000781000
102003051181409900147900000254000
102003051181409900148200001304000
102003051181409900148300001836000
102003051181479900000100008886001
102003051181479900001300002622000
102003051181479900006100013743001
102003051181479900007100000511000
102003051181479900014100000273000
102003051181479900019200000155000
102003051181479900148500000878000
102003051181479900148700000297000
102003051181479900149000000435000
102003051181479900149100000369000
102003051181479900149200000347000
102003051181479900149400000046000
102003051181479900149500000075000
102003051181479900149600000679000
102003051181479900154200000135000
102003051210079900000100003738000
102003051210079900001300004759000
102003051210079900006100013316002
102003051210079900007100003320000
102003051210079900133800000250000
102003051210109900000100006853001
102003051210109900001300007760001
102003051210109900006100011922001
102003051210109900007100001496000
102003051210109900133800000618000
102003051210109900133900000492000
102003051210419900000100047528006
102003051210419900001300007188000
102003051210419900006100039038005
102003051210419900007100006505000
102003051210419900133800000523000
102003051210509900000100006858001
102003051210509900001300003513000
102003051210509900006100006936001
102003051210509900007100000459000
102003051210509900133800000565000
102003051210509900134300001581000
102003051210549900000100011098001
102003051210549900001300005354000
102003051210549900006100015857002
102003051210549900007100006725001
102003051210549900014100000307000
102003051210549900134100000352000
102003051210549900134200000443000
102003051210729900000100003975000
102003051210729900001300004325000
102003051210729900006100013275002
102003051210729900007100004931001
102003051210729900014100000090000
102003051210729900133700001656000
102003051210729900134400000666000
102003051210729900134500000355000
102003051230029900000100007411001
102003051230029900001300001883000
102003051230029900006100013589001
102003051230029900007100000922000
102003051230059900000100012128001
102003051230059900001300004461000
102003051230059900006100019827002
102003051230059900007100005046000
102003051230099900000100005149000
102003051230099900001300000838000
102003051230099900006100008002001
102003051230099900007100003002000
102003051230099900145100000704000
102003051230099900151300000281000
102003051230249900000100009867001
102003051230249900001300000482000
102003051230249900006100013642001
102003051431639900007000014869002
102003051431639900180700000619000
102003051431639900181400002303000
102003051431639900184800000460000
102003051431639900273700001730000
102003051431639900274600000774000
102003051060119900000100013884001
102003051060119900000200019971002
102003051060119900005600004338000
102003051060119900127800000347000
102003051060119900128000000166000
102003051060159900000100041220004
102003051060159900000200036874003
102003051060159900005600006555000
102003051060159900128100000465000
102003051060369900000100006726001
102003051060369900000200011299001
102003051060369900005600002803000
102003051060369900012800000357000
102003051060369900128300000067000
102003051060369900128400000189000
102003051060369900128500000611000
102003051060369900272100000140000
102003051060449900000100013218001
102003051060449900000200012206001
102003051060449900005600001952000
102003051060449900128700000118000
102003051060449900128800000048000
102003051060449900128900001078000
102003051060449900129000000287000
102003051060509900000100004468000
102003051060509900000200005450001
102003051060509900005600000512000
102003051060509900129100000181000
102003051060639900000100006152000
102003051060639900000200007972001
102003051060639900005600000330000
102003051060639900129200000229000
102003051060639900275000000156000
102003051060639900275100000240000
102003051060709900000100004736000
102003051060709900000200008404001
102003051060709900005600001686000
102003051060709900129300001349000
102003051060709900129400001612000
102003051060709900129500000398000
102003051060749900000100004723000
102003051060749900000200011491001
102003051060749900005600002060000
102003051060749900129800000323000
102003051060749900129900000895000
102003051060749900130000000778000
102003051060749900130300000384000
102003051060749900130600000604000
102003051060839900000100026412002
102003051060839900000200029822002
102003051060839900001500000683000
102003051060839900005600006009000
102003051060839900131100000056000
102003051060839900131300000262000
102003051060839900131500000306000
102003051060839900131600000284000
102003051060959900000100003899000
102003051060959900000200010010001
102003051060959900005600002111000
102003051060959900012800000553000
102003051061539900000100008834001
102003051061539900000200015361001
102003051061539900005600001530000
102003051061539900012800001422000
102003051061539900132000000127000
102003051061539900132100000416000
102003051061539900132200000781000
102003051061589900000100013775001
102003051061589900000200018549001
102003051061589900005600002038000
102003051061589900012800000759000
102003051061589900132400001718000
102003051061589900132500000601000
102003051100379900000100034817004
102003051100379900000200040044005
102003051100379900001500003524000
102003051100379900005600004693000
102003051100379900012800000891000
102003051100379900096900000465000
102003051100379900097100000284000
102003051100379900097200000107000
102003051100379900097300000166000
102003051100679900000100011292001
102003051100679900000200015139002
102003051100679900001500001447000
102003051100679900005700000580000
102003051100679900097400002351000
102003051100679900097500000127000
102003051100679900097600000343000
102003051100679900097700000164000
102003051100679900097800000254000
102003051101319900000100014016001
102003051101319900000200015321002
102003051101319900001500000842000
102003051101319900005600002059000
102003051101319900098000000070000
102003051101319900098100000091000
102003051101319900098200000054000
102003051101319900098300000232000
102003051101319900098400000380000
102003051101319900098500000071000
102003051101319900098700000125000
102003051101319900271600000068000
102003051101489900000100022169003
102003051101489900000200029456003
102003051101489900001500002224000
102003051101489900002900004638000
102003051101489900005600004019000
102003051230249900007100002984000
102003051230249900134000000091000
102003051230249900151400003069000
102003051230249900151500000694000
102003051230289900000100005686000
102003051230289900001300000664000
102003051230289900006100011498001
102003051230289900007100001819000
102003051230289900151600001129000
102003051230509900000100041627003
102003051230509900001300003606000
102003051230509900006100045805004
102003051230509900007100010517001
102003051230509900151800000219000
102003051230559900000100007344000
102003051230559900001300001640000
102003051230559900006100015936002
102003051230559900007100002653000
102003051230609900000100007315001
102003051230609900001300007084000
102003051230609900006100014533001
102003051230609900007100002870000
102003051230609900134000000157000
102003051230609900152000001100000
102003051230609900152100000419000
102003051230929900000100011065001
102003051230929900001300002267000
102003051230929900006100014802001
102003051230929900007100007532001
102003051230929900152400000495000
102003051230959900000100012791001
102003051230959900001300000473000
102003051230959900006100018924002
102003051230959900007100001686000
102003051230959900147100003202000
102003051230959900152600000901000
102003051290159900000100013735000
102003051290159900001300005427000
102003051290159900006100029178002
102003051290159900007100016419001
102003051290159900017200000158000
102003051290159900198600000206000
102003051290159900215400000599000
102003051290679900000100156179009
102003051290679900001300017692001
102003051290679900003400001394000
102003051290679900006100116365006
102003051290679900007100033322001
102003051290679900217000000229000
102003051290679900217700000488000
102003051290679900218100000687000
102003051290679900219900002253000
102003051290699900000100033208003
102003051290699900001300010934000
102003051290699900002000021978001
102003051290699900006100035385003
102003051290699900007100008281000
102003051290699900221900005995000
102003051290699900222400000624000
102003051290699900223600003725000
102003051290699900224700000311000
102003051290699900224900001281000
102003051290699900225200000918000
102003051290699900226700001458000
102003051290699900226900000623000
102003051290849900000100005300000
102003051290849900001300005678000
102003051290849900002000004385000
102003051290849900006100012114001
102003051290849900007100004671000
102003051290849900227300000267000
102003051290949900000100018118001
102003051290949900006100022407002
102003051290949900007100007095000
102003051290949900014100001542000
102003051290949900014700001299000
102003051290949900217000000815000
102003051290949900229500009854000
102003051290949900231100000536000
102003051290949900231400000147000
102003051410249900000100004932000
102003051410249900001300003755000
102003051410249900006100013961001
102003051410249900007100013172001
102003051410329900000100003250000
102003051410329900001300004410000
102003051410329900006100007606001
102003051410329900007100000315000
102003051410329900014100000133000
102003051410399900000100002734000
102003051410399900001300006973000
102003051410399900006100010434001
102003051410399900007100006025000
102003051410399900183300001931000
102003051410559900000100005188000
102003051410559900001300003318000
102003051410559900006100016490001
102003051410559900007100006310000
102003051410559900014100000361000
102003051410559900184000000296000
102003051410559900184100000765000
102003051410609900000100002479000
102003051410609900001300004153000
102003051410609900006100009097001
102003051410609900007100005305000
102003051410609900184900001384000
102003051410609900185000001997000
102003051410659900000100007748000
102003051410659900001300001301000
102003051410659900006100012385001
102003051410659900007100008152000
102003051410659900185700000354000
102003051410689900000100007203000
102003051410689900001300003452000
102003051410689900006100023943001
102003051410689900007100016572001
102003051410689900014100000577000
102003051410689900186100000267000
102003051410919900000100167449006
102003051410919900001300062733002
102003051410919900006100238192008
102003051410919900007100063834002
102003051410919900014100002408000
102003051410919900167300000455000
102003051410919900173500000474000
102003051410919900186200000298000
102003051410919900186500000431000
102003051410919900186600003152000
102003051410919900186800002419000
102003051410919900186900001091000
102003051410919900187200002739000
102003051410919900187500000193000
102003051410919900187700000212000
102003051410919900187800000259000
102003051410919900188800002098000
102003051410919900188900000393000
102003051410919900189200000269000
102003051410919900189300000422000
102003051410919900189500000965000
102003051410919900190000000922000
102003051410919900190900001065000
102003051410959900000100015815000
102003051410959900001300020583001
102003051410959900006100053846003
102003051410959900007100013385000
102003051410959900191600001262000
102003051410959900191800003306000
102003051220489900000100011931002
102003051220489900000200016837004
102003051220489900001200005020001
102003051220489900007200000941000
102003051220489900010300004359001
102003051220489900254900000072000
102003051220489900255200000141000
102003051220669900000100002179000
102003051220669900000200003112001
102003051220669900001200001700000
102003051220669900010300000682000
102003051221129900000100004657001
102003051221129900000200006446002
102003051221129900001200002966000
102003051221129900010300000585000
102003051221129900256500000125000
102003051221259900000100012562003
102003051221259900000200020180005
102003051221259900001200005777001
102003051221259900007200001211000
102003051221259900010300003661000
102003051221259900256900000048000
102003051221259900257100000203000
102003051221259900257400000062000
102003051221259900257600000105000
102003051221259900257700000511000
102003051221259900257900000056000
102003051221259900266800000065000
102003051221309900000100003551001
102003051221309900000200007907002
102003051221309900001200002674001
102003051221309900007200000580000
102003051221309900010300001980000
102003051221309900258200000154000
102003051221309900258500000133000
102003051440139900000100012121004
102003051440139900000200012209004
102003051440139900001200005596001
102003051440139900007200003229001
102003051440139900010300001605000
102003051440139900142500000104000
102003051440509900000100003662001
102003051440509900000200004825002
102003051440509900001200003772001
102003051440509900007200000596000
102003051440509900010300000525000
102003051442169900000100012726004
102003051442169900000200012266004
102003051442169900001200008374003
102003051442169900007200001006000
102003051442169900010300002092000
102003051442169900142600000155000
102003051500679900000100012716002
102003051500679900000200010835002
102003051500679900001200003757000
102003051500679900007200000365000
102003051500679900010300001823000
102003051500749900000100002767000
102003051500749900000200004883001
102003051500749900001200000887000
102003051500749900007200000807000
102003051500749900010300000503000
102003051030149900085800000866000
102003051030639900000100027170002
102003051030639900000200020324001
102003051030639900002400001465000
102003051030639900009200012830000
102003051030639900086500000995000
102003051030639900086600000302000
102003051030639900086800000332000
102003051030639900087800008744000
102003051030639900088200000800000
102003051030659900000100061521003
102003051030659900000200072715003
102003051030659900002400008409000
102003051030659900087800002365000
102003051030659900090100000820000
102003051030659900090700001505000
102003051030659900090800000161000
102003051030659900091000000540000
102003051030659900091100001416000
102003051030669900000100036440002
102003051030669900000200034245001
102003051030669900002400010736000
102003051030669900009200001779000
102003051340569900000200006414002
102003051340569900007900000635000
102003051340569900011800000347000
102003051340569900019600000556000
102003051340569900019800000228000
102003051340569900020300000368000
102003051340569900020500000083000
102003051340569900020600000074000
102003051340569900020700000193000
102003051340569900020800000508000
102003051340569900272600000126000
102003051340729900000100003358001
102003051340729900000200002294000
102003051340729900021100000067000
102003051340729900021600000048000
102003051340729900022300000135000
102003051341209900000100024893006
102003051341209900000200028200007
102003051341209900003400000270000
102003051341209900007900003564001
102003051341209900011800001165000
102003051341209900020900000153000
102003051341209900021000000108000
102003051341209900022200000146000
102003051341209900022400000155000
102003051341579900000100004730001
102003051341579900000200003126001
102003051341579900012000000104000
102003051341579900017900000285000
102003051341579900019000000311000
102003051341579900019100000424000
102003051341579900019200000293000
102003051341579900020100000070000
102003051341579900020200000036000
102003051370469900000100011917002
102003051370469900000200007935001
102003051370469900007900000667000
102003051370469900012000000207000
102003051370469900098600000605000
102003051370469900109800000125000
102003051370469900110000000029000
102003051371079900000100011130002
102003051371079900000200008605001
102003051371079900012000000109000
102003051371079900098600001167000
102003051372469900000100007592001
102003051372469900000200007223001
102003051372469900012000000596000
102003051372469900098600000468000
102003051372469900106500000078000
102003051372749900000100066659008
102003051372749900000200053195007
102003051372749900007900003048000
102003051372749900012000004335000
102003051372749900098600004198000
102003051372749900098900003217000
102003051372749900099200000035000
102003051372749900099300000189000
102003051372749900099600000331000
102003051372749900099900000161000
102003051372749900101300000994000
102003051372749900101400000158000
102003051372749900228200000112000
102003051373769900000100007505001
102003051373769900000200006156001
102003051373769900012000000350000
102003051373769900098600000972000
102003051373769900109300000063000
102003051373769900109400000127000
102003051373769900109600000219000
102003051400639900000100008213003
102003051400639900000200004617001
102003051400639900007900000424000
102003051400639900118000000198000
102003051400639900118100000353000
102003051400639900118200000117000
102003051400639900118400000363000
102003051400639900123200001182000
102003051400639900142200000138000
102003051401709900000100001816001
102003051401709900000200001546000
102003051401709900001900000107000
102003051401859900000100005785002
102003051401859900000200003405001
102003051401859900001900000058000
102003051401859900118600000130000
102003051401859900119100000029000
102003051401859900120400000308000
102003051401949900000100021179007
102003051401949900000200020330007
102003051401949900001900001353000
102003051401949900007900003556001
102003051401949900017900001030000
102003051401949900066600000049000
102003051401949900108000000036000
102003051401949900115000002028000
102003051401949900118700000045000
102003051401949900118800000091000
102003051401949900119000000053000
102003051401949900119300000081000
102003051401949900119500000053000
102003051401949900119600000093000
102003051401949900119700000171000
102003051401949900119800000225000
102003051401949900119900000269000
102003051401949900120200000175000
102003051401949900120500000110000
102003051401959900000100005285001
102003051401959900000200002863001
102003051401959900001900000068000
102003051401959900007900000040000
102003051401959900017900000086000
102003051401959900120900000044000
102003051401959900121100000135000
102003051420209900000100004808003
102003051420209900000200002927002
102003051420209900116600000566000
102003051420209900117800000065000
102003051420439900000100005496003
102003051420439900000200002117001
102003051420439900116600001570001
102003051420439900118500000060000
102003051421739900000100017431009
102003051421739900000200011514006
102003051421739900009500000020000
102003051421739900095600000049000
102003051421739900116600001904000
102003051421739900120300000313000
102003051421739900120700000145000
102003051421739900120800000103000
102003051421739900121000000105000
102003051421739900121700000165000
102003051421739900122000000033000
102003051421739900122100001143000
102003051421739900122400000015000
102003051421739900122500000054000
102003051421739900122600000061000
102003051470859900000100015001004
102003051470859900000200010285003
102003051470859900007900000959000
102003051470859900012000000278000
102003051470859900019000000979000
102003051470859900113900001543000
102003051470859900114100000138000
102003051470859900114700000180000
102003051470869900000100007804002
102003051470869900000200005748002
102003051470869900007900000486000
102003051470869900012000000329000
102003051470869900017900000193000
102003051470869900019000000497000
102003051470869900115300000044000
102003051470869900115400000049000
102003051471869900000100118491008
102003051471869900000200102847007
102003051471869900007900013616001
102003051471869900011800001820000
102003051471869900012000001090000
102003051471869900017900000959000
102003051471869900019000011024000
102003051471869900111700000192000
102003051471869900111800000264000
102003051471869900112000000029000
102003051471869900112100000064000
102003051471869900112300000297000
102003051471869900112500000214000
102003051471869900112700002993000
102003051471869900112900000185000
102003051471869900113100000037000
102003051471869900113200000098000
102003051490219900000100012695003
102003051490219900000200010657002
102003051490219900011900001319000
102003051490219900110300000067000
102003051490219900110400000177000
102003051490219900110500000245000
102003051490219900275400000540000
102003051491669900000100004911001
102003051491669900000200002916001
102003051491669900110500000328000
102003051492199900000100006585001
102003051492199900000200003692001
102003051492199900007900000409000
102003051492199900011900000242000
102003051492199900019000000285000
102003051492199900110400000312000
102003051492199900110500000365000
102003051492199900275400000066000
102003051492509900000100003757001
102003051492509900000200002067000
102003051492509900011900000204000
102003051492509900110600000041000
102003051492509900275400000713000
102003051492759900000100035261009
102003051492759900000200023135005
102003051492759900007900004091001
102003051492759900011900002029000
102003051492759900110300000620000
102003051492759900110400000669000
102003051492759900110500002647000
102003051492759900110800000251000
102003051492759900111000000135000
102003051492759900111200000101000
102003051492759900111300000417000
102003051492759900111400000146000
102003051492759900111500000100000
102003051492759900275400003188000
102003051080069900000100005804000
102003051080069900000400022125001
102003051080069900004300010516000
102003051080069900004700004184000
102003051080069900007000019066000
102003051080069900012500001128000
102003051080069900163400000458000
102003051080069900163600000213000
102003051080069900163900000379000
102003051080069900164000000448000
102003051080069900164400000670000
102003051080069900164500000143000
102003051080069900273700002673000
102003051080199900000100146269003
102003051080199900000400178722004
102003051080199900004300106056002
102003051080199900004700115719003
102003051080199900007000324011008
102003051080229900000100001162000
102003051080229900000400011715001
102003051080229900004300005806000
102003051080229900004700000364000
102003051080229900007000007949000
102003051080229900104300000053000
102003051080229900167900000133000
102003051080969900000100012792000
102003051080969900000400036865001
102003051080969900002700001008000
102003051080969900004300018242000
102003051080969900004700018692000
102003051080969900007000050336002
102003051080969900171200000317000
102003051080969900171300000661000
102003051080969900171700000437000
102003051080969900172100000342000
102003051080969900172900000208000
102003051080969900173700000373000
102003051080969900174500001156000
102003051080969900176300000642000
102003051080969900176900000387000
102003051080969900178900001311000
102003051080969900180500001635000
102003051080969900183400000189000
102003051080969900273700000828000
102003051081019900000100040892001
102003051081019900000400028215001
102003051081019900004300020023000
102003051081019900004700045385001
102003051081019900007000129301004
102003051081019900007400001755000
102003051081019900184500001028000
102003051081019900185800002283000
102003051081019900187300000477000
102003051081029900000100003421000
102003051081029900000400015262000
102003051081029900004300008395000
102003051081029900004700002780000
102003051081029900007000021452001
102003051081029900192800000584000
102003051081029900273700000894000
102003051081139900000100003691000
102003051081139900000400026489001
102003051081139900004300016702000
102003051081139900004700005445000
102003051081139900007000025378000
102003051081139900199300000154000
102003051081139900199400000140000
102003051081139900200300000563000
102003051081139900200400000190000
102003051081139900200600000952000
102003051081139900200700000358000
102003051081219900000100017517001
102003051081219900000400032982001
102003051081219900004300017196000
102003051081219900004700013627000
102003051081219900007000034684001
102003051081219900172100000574000
102003051081219900200900000369000
102003051081219900201000000321000
102003051081219900201100000321000
102003051081219900201200000264000
102003051081219900201600000862000
102003051081219900202300000291000
102003051081219900202400000963000
102003051081219900206300000269000
102003051081879900000100020092000
102003051081879900000400030254001
102003051081879900004300020481000
102003051081879900004700028063001
102003051081879900007000081553002
102003051081879900202600000634000
102003051081879900206500002015000
102003051081879900206700001391000
102003051081879900207200006111000
102003051081879900207400000748000
102003051082119900000100014194000
102003051082119900000400024047000
102003051082119900004300016816000
102003051082119900004700028558001
102003051082119900007000061260002
102003051082119900007400000354000
102003051082119900208100000214000
102003051082119900208200000386000
102003051082119900208300000388000
102003051082119900209300000840000
102003051082119900209600000654000
102003051082119900209700001100000
102003051082119900210800000188000
102003051082119900211500001202000
102003051082119900212000000565000
102003051082119900212100000272000
102003051082119900273700000150000
102003051082799900000100018524000
102003051082799900000400035295001
102003051082799900004300018991000
102003051082799900004700019759001
102003051082799900007000057215002
102003051082799900007400000870000
102003051082799900215300002142000
102003051082799900216100000827000
102003051082799900217300001959000
102003051082799900218300000186000
102003051082799900218600000937000
102003051082799900273700002322000
102003051082989900000100001641000
102003051082989900000400024339001
102003051082989900004300014868000
102003051082989900004600001721000
102003051082989900004700004166000
102003051082989900007000016078000
102003051082989900218900000231000
102003051082989900219200000093000
102003051082989900219400000165000
102003051082989900219600000090000
102003051082989900220100000060000
102003051082989900220300000080000
102003051082989900220600000188000
102003051082989900221500000269000
102003051082989900222300000230000
102003051082989900223200000341000
102003051082989900223500000457000
102003051082989900223700000164000
102003051082989900224500001566000
102003051082989900225500000422000
102003051082989900273700000144000
102003051083059900000100002763000
102003051083059900000400014013000
102003051083059900004300005494000
102003051083059900004700000825000
102003051083059900007000016219001
102003051083059900179700001105000
102003051083059900226100000157000
102003051083059900226300000550000
102003051083059900226800000149000
102003051083059900273700000830000
102003051083079900000100005841000
102003051083079900000400012288000
102003051083079900004300003979000
102003051083079900004700004128000
102003051083079900007000020736001
102003051083079900228900000524000
102003051083079900229800002225000
102003051083079900230400001505000
102003051083079900230500001510000
102003051083079900273700001970000
102003051170229900000400018279002
102003051170229900004300004254000
102003051170229900004700006495001
102003051170229900005100002276000
102003051170229900007000014052002
102003051170229900264200000329000
102003051170229900264300000214000
102003051170229900264400000479000
102003051170229900264500000973000
102003051170229900264700000183000
102003051170229900265000000515000
102003051170229900265200000754000
102003051170229900265300002217000
102003051170229900265500000065000
102003051170229900265600000083000
102003051170229900265700000787000
102003051170229900265800000618000
102003051170669900000400017426002
102003051170669900004300008630001
102003051170669900004700000861000
102003051170669900005100003578000
102003051170669900007000012889001
102003051170669900246000000121000
102003051170669900246100000291000
102003051170669900248300000279000
102003051170669900248400000050000
102003051170669900248500000445000
102003051170669900248600000138000
102003051170669900248800000037000
102003051170669900249600000219000
102003051170669900249700000059000
102003051170669900249900000532000
102003051170669900250000000223000
102003051170799900000400029150003
102003051170799900004300018993002
102003051170799900004700005213000
102003051170799900005100005661000
102003051170799900007000026350003
102003051170799900007400000517000
102003051170799900250200000148000
102003051170799900250500000724000
102003051170799900252200000115000
102003051170799900252600001034000
102003051170799900259000000122000
102003051170799900259100000087000
102003051170799900259200001801000
102003051170799900259300001416000
102003051170799900259900000219000
102003051170799900260300000037000
102003051170799900270200000199000
102003051171149900000400011460001
102003051171149900004300002950000
102003051171149900004700001946000
102003051171149900005100001105000
102003051171149900007000010092001
102003051171149900262000000403000
102003051171419900000400008222001
102003051171419900004300006947001
102003051171419900004700001616000
102003051171419900007000004159000
102003051171419900262300000262000
102003051171419900262500000246000
102003051171419900262600000285000
102003051171419900263000000065000
102003051171419900263100000204000
102003051171419900263300000072000
102003051171419900264100000073000
102003051171809900000400024129003
102003051171809900004300010510001
102003051171809900004700004957000
102003051171809900005100003329000
102003051171809900007000015487002
102003051171809900238600000964000
102003051171809900239400000494000
102003051171809900243700000488000
102003051171809900244500000520000
102003051171809900245400000262000
102003051171809900245800000242000
102003051171809900273700000309000
102003051250409900000400016001002
102003051250409900004300007031001
102003051250409900005100002774000
102003051250409900007000009339001
102003051250409900179100001041000
102003051250409900179500000257000
102003051250409900179600000088000
102003051250409900181800000226000
102003051250409900182400000114000
102003051250409900273700000116000
102003051250589900000400005965001
102003051250589900004300002957000
102003051250589900004700000565000
102003051250589900005100000747000
102003051250589900007000002948000
102003051250589900187100000272000
102003051250589900188300000151000
102003051250729900000400008844002
102003051250729900004300005276001
102003051250729900004600000394000
102003051250729900004700000319000
102003051250729900005100001822000
102003051250729900007000002903000
102003051250729900179100002564000
102003051250729900183600000996000
102003051250729900186400000413000
102003051251209900000400030571004
102003051251209900004300013244002
102003051251209900004700006345001
102003051251209900005100009837001
102003051251209900007000030458004
102003051251209900179100000135000
102003051251209900191900000485000
102003051251209900193600000108000
102003051251209900195300000219000
102003051251209900195700000134000
102003051251209900273700000204000
102003051252039900000400004011001
102003051252039900004300003099000
102003051252039900005100000421000
102003051252039900007000003577000
102003051252039900209000000035000
102003051252039900228000000054000
102003051252039900232000000107000
102003051252079900000400006355001
102003051252079900004300001959000
102003051252079900005100000777000
102003051252079900007000000863000
102003051252079900179700000226000
102003051252079900182800000082000
102003051252079900186000000038000
102003051252079900186300000239000
102003051252079900196300001852000
102003051252099900000400002463001
102003051252099900004300000231000
102003051252099900004700000208000
102003051252099900005100000221000
102003051252099900007000001719000
102003051252349900000400004504001
102003051252349900004300001444000
102003051252349900005100000356000
102003051252349900007000002741000
102003051252349900214600000218000
102003051252439900005100000243000
102003051252439900007000002101001
102003051252439900214700002061000
102003051252439900232900000247000
102003051431239900000100008505001
102003051431239900000400027741003
102003051431239900004300015559001
102003051431239900004700004230000
102003051431239900007000027975003
102003051431239900164600000608000
102003051431239900166300000443000
102003051431239900166400000274000
102003051431239900166500000142000
102003051431239900167000001238000
102003051431239900273700003521000
102003051431489900000100010776001
102003051431489900000400028419003
102003051431489900004300006897000
102003051431489900004700006527000
102003051431489900007000023063003
102003051431489900171900002598000
102003051431559900000100007629000
102003051431559900000400025854003
102003051431559900004300011602001
102003051431559900004700002372000
102003051431559900007000023610002
102003051431559900172700001076000
102003051431559900173600001832000
102003051431559900174900000137000
102003051431559900175500000497000
102003051431559900175700000850000
102003051431559900273700005953000
102003051431619900000100001318000
102003051431619900000400011770001
102003051431619900004300005092000
102003051431619900004700000405000
102003051431619900007000009418001
102003051431619900176700000189000
102003051431619900176800000177000
102003051431619900177100000295000
102003051431619900177700000440000
102003051431619900178000000168000
102003051431619900178700000271000
102003051431619900179000000138000
102003051431619900179400000131000
102003051431619900179700000640000
102003051431619900180300000469000
102003051431619900273700001490000
102003051431639900000100004240000
102003051431639900000400016096002
102003051431639900004300004309000
102003051431639900004700002107000
102003051502979900001200036921001
102003051502979900007200014623000
102003051502979900010300068569003
102003051502979900017900000986000
102003051502979900143400000825000
102003051502979900143500000048000
102003051502979900143600000085000
102003051502979900143700000674000
102003051502979900148600000377000
102003051502979900149300000205000
102003051502979900150800000240000
102003051020039900000100044912006
102003051020039900000200052533007
102003051020039900007800006513000
102003051020039900082400000382000
102003051020039900082600000486000
102003051020089900000100005035000
102003051020089900000200006510001
102003051020089900007800000652000
102003051020099900000100010537001
102003051020099900000200012980002
102003051020099900212700001233000
102003051020099900213600000279000
102003051020099900213700000085000
102003051020379900000100012270002
102003051020379900000200016616002
102003051020379900007800001894000
102003051020379900213100000965000
102003051020379900214000000169000
102003051020379900214200000765000
102003051020379900214800000261000
102003051020699900000100012067001
102003051020699900000200018577003
102003051020699900007800002065000
102003051020699900215100002563000
102003051130059900000100026079002
102003051130059900000200030196003
102003051130059900007800002761000
102003051130059900106000000162000
102003051130349900000100035010003
102003051130349900000200040362004
102003051130349900005500001784000
102003051130349900007800001848000
102003051130349900106400000087000
102003051130349900106600000153000
102003051130349900106900000191000
102003051130399900000100005254000
102003051130399900000200010831002
102003051130399900007800000652000
102003051130399900107200000721000
102003051130399900107300000670000
102003051130539900000100009741001
102003051130539900000200015539001
102003051130539900107400000155000
102003051130719900000100020288002
102003051130719900000200025465003
102003051130719900007800004052000
102003051130719900011800000775000
102003051130719900040300000105000
102003051130719900107900000301000
102003051130719900108100000332000
102003051130879900000100009570001
102003051130879900000200013506001
102003051130879900007800001012000
102003051130879900108300000383000
102003051130879900108400000907000
102003051130939900000100006184001
102003051130939900000200009563001
102003051130939900007800000170000
102003051130939900108600000124000
102003051130939900108700000316000
102003051130939900108800000064000
102003051130939900109100000113000
102003051130939900109200000456000
102003051160789900000100021914005
102003051160789900000200023909005
102003051160789900007800001222000
102003051160789900017900000162000
102003051160789900144000000069000
102003051160789900144200002467000
102003051160789900144600000050000
102003051160789900145600000060000
102003051160789900148800000091000
102003051161349900000100010661002
102003051161349900000200013197003
102003051161349900007800000298000
102003051161349900144200000111000
102003051161349900147400000053000
102003051161349900147600000191000
102003051161349900148000000252000
102003051161909900000100011200002
102003051161909900000200012837003
102003051161909900007800001294000
102003051161909900144200000629000
102003051161909900147000000093000
102003051161909900147200000054000
102003051162039900000100011316002
102003051162039900000200016283003
102003051162039900017900000168000
102003051162039900144200000100000
102003051162039900145700000140000
102003051162039900145900000206000
102003051162039900146100000097000
102003051162039900146500000255000
102003051191309900000100039497007
102003051191309900000200043658007
102003051191309900003400001009000
102003051191309900007800006305001
102003051191309900011800000466000
102003051191309900136800000110000
102003051191309900137000000196000
102003051191309900137200000393000
102003051191309900137700000037000
102003051191309900137900000110000
102003051191309900139000000195000
102003051191309900139100000381000
102003051191309900139200000039000
102003051191309900139300000158000
102003051191309900140300000040000
102003051191309900142300000167000
102003051191309900271200000027000
102003051191309900271300000025000
102003051191909900000100002388002
102003051191909900000200003248002
102003051191909900007800000335000
102003051191909900140700000383000
102003051191909900140800000037000
102003051191909900141200000051000
102003051192579900000100003169002
102003051192579900000200004443004
102003051192579900007800000229000
102003051192579900141900000361000
102003051451219900000100011620001
102003051451219900000200012978001
102003051451219900007800000321000
102003051451219900015900000326000
102003051451219900202700000272000
102003051451219900202800000221000
102003051451219900202900001033000
102003051451219900203000000331000
102003051451249900000100017669001
102003051451249900000200021558002
102003051451249900007800001916000
102003051451249900015900000510000
102003051451249900203100000181000
102003051451249900203200000074000
102003051451429900000100013310001
102003051451429900000200012867001
102003051451429900003400000533000
102003051451429900007800003025000
102003051451659900000100032125003
102003051451659900000200044085004
102003051451659900001900000044000
102003051451659900007800001904000
102003051451659900015900001015000
102003051451659900203500000084000
102003051451659900203600000181000
102003051451659900203700000544000
102003051451659900203800000317000
102003051451659900203900000269000
102003051451659900204100000176000
102003051451659900204200000236000
102003051451659900204400000190000
102003051451659900204500000049000
102003051451689900000100048797005
102003051451689900000200053520005
102003051451689900001900000214000
102003051451689900003400000115000
102003051451689900007800006898000
102003051451689900011400000334000
102003051451689900015900002556000
102003051451689900204700000305000
102003051451689900204800000220000
102003051451689900204900000304000
102003051451689900205200000224000
102003051451689900205300000224000
102003051451689900205400000291000
102003051451739900000100019319001
102003051451739900000200019475002
102003051451739900001900000117000
102003051451739900007800001826000
102003051451739900205600000069000
102003051451739900205700001103000
102003051451739900205900000406000
102003051050149900000100011939003
102003051050149900000200008337002
102003051050149900007900000967000
102003051050149900011800000114000
102003051050149900015000000241000
102003051050149900015200000289000
102003051050149900015300000343000
102003051050149900015400000066000
102003051050149900015600000145000
102003051050149900015700000137000
102003051050149900015800000096000
102003051050149900015900000112000
102003051050149900016000000101000
102003051050169900000100009098003
102003051050169900000200005101001
102003051050169900007900000768000
102003051050169900012000000054000
102003051050169900017300000058000
102003051050169900017400000098000
102003051050169900017500000200000
102003051050169900017600000173000
102003051050199900000100031032008
102003051050199900000200015539004
102003051050199900007900004381001
102003051050199900011800000584000
102003051050199900017200000270000
102003051050199900017700000037000
102003051050199900017800000164000
102003051050199900017900000213000
102003051050199900018000000049000
102003051050199900018100000046000
102003051050199900018300000220000
102003051050199900018400000048000
102003051050199900018500000124000
102003051050199900018600000031000
102003051050199900018700000490000
102003051050199900018900000109000
102003051051869900000100008095002
102003051051869900000200003916001
102003051051869900007900000406000
102003051051869900011800000581000
102003051051869900016200000063000
102003051051869900016300000030000
102003051051869900016400000188000
102003051051869900016500000106000
102003051051869900016600000080000
102003051051869900016700000063000
102003051051869900114300000070000
102003051090189900000100011814002
102003051090189900000200009546001
102003051090189900007900001513000
102003051090189900011800001652000
102003051090189900110700000167000
102003051090189900110900000077000
102003051090189900121800000059000
102003051090569900000100004019001
102003051090569900000200001817000
102003051090569900007900000320000
102003051090569900011800000418000
102003051090569900111900000014000
102003051090599900000100056759008
102003051090599900000200040277006
102003051090599900003400000614000
102003051090599900007900005381000
102003051090599900011800004693000
102003051090599900110700008923001
102003051090599900112200000328000
102003051090599900112400000074000
102003051090599900112800000065000
102003051090599900113000000039000
102003051090599900113300000084000
102003051090599900113400000363000
102003051090599900113500000075000
102003051090599900113800000018000
102003051090599900114000000200000
102003051090599900115100000211000
102003051090599900115200000151000
102003051090599900270300000063000
102003051090599900270400000249000
102003051091949900000100005192001
102003051091949900000200002183000
102003051091949900011800000497000
102003051091949900115500000087000
102003051091949900115600000148000
102003051091949900115700000100000
102003051091949900115800000119000
102003051091949900115900000064000
102003051092199900000100008192001
102003051092199900000200008518002
102003051092199900007900001539000
102003051092199900116000001094000
102003051092199900116100000357000
102003051092199900116200000172000
102003051093309900000100004929001
102003051093309900000200001537000
102003051093309900007900000086000
102003051093309900011800000211000
102003051093309900116300000032000
102003051093309900116400000067000
102003051093309900116500000144000
102003051093309900116700000190000
102003051093309900116800000165000
102003051093309900116900000357000
102003051093309900117000000047000
102003051093309900117100000313000
102003051099039900000100007288001
102003051099039900000200005174000
102003051099039900007900000219000
102003051099039900011800000380000
102003051099039900110700000184000
102003051099039900117200000049000
102003051099039900117300001022000
102003051099039900117500000083000
102003051099039900117600000259000
102003051099039900117700000236000
102003051040139900000100065819008
102003051040139900001300003665000
102003051040139900006100056830006
102003051040139900007100009341001
102003051040139900014100001435000
102003051040139900135000014528001
102003051040139900135300000124000
102003051040139900135600001476000
102003051040139900135900000207000
102003051040139900136200001878000
102003051040139900136300000228000
102003051040139900273300002276000
102003051040299900000100026465003
102003051040299900001300001917000
102003051040299900006100013341002
102003051040299900007100001309000
102003051040539900000100016158002
102003051040539900001300003365000
102003051040539900006100022280002
102003051040539900007100000236000
102003051040539900014100001167000
102003051040539900135000003363000
102003051040539900136900000170000
102003051040539900137300000249000
102003051040539900137800000380000
102003051041009900000100009120001
102003051041009900001300003218000
102003051041009900006100012511001
102003051041009900007100001263000
102003051041009900135000000469000
102003051041009900138300000205000
102003051041009900138400000600000
102003051041009900138600000177000
102003051041009900138900000408000
102003051041009900273300000951000
102003051110049900000100011994001
102003051110049900001300012207001
102003051110049900006100021899002
102003051110049900007100006253000
102003051110049900084800000494000
102003051110049900085000003319000
102003051110069900000100015569001
102003051110069900001300010034000
102003051110069900006100030907002
102003051101489900005700000297000
102003051101489900098000001452000
102003051101489900098800000184000
102003051101489900099100000093000
102003051101489900099400000091000
102003051101489900099500000267000
102003051101959900000100011509001
102003051101959900000200015404002
102003051101959900001500000919000
102003051101959900005600003343000
102003051101959900099700000309000
102003051101959900099800000124000
102003051101959900100100000348000
102003051101959900100200000612000
102003051101959900100300000193000
102003051102039900000100002768000
102003051102039900000200003616001
102003051102039900001500000097000
102003051102039900005600000041000
102003051150099900000100023266001
102003051150099900000800008040000
102003051150099900004800000148000
102003051150099900006300013768001
102003051150099900152200000899000
102003051150099900152500000260000
102003051150099900152700001363000
102003051150099900153100000176000
102003051150099900153200001071000
102003051150099900153500000432000
102003051150099900153600000638000
102003051150099900153700000746000
102003051150199900000100023663002
102003051150199900000800008679000
102003051150199900006300010423000
102003051150199900154000003857000
102003051150199900154300001348000
102003051150199900154400000431000
102003051150289900000100012604001
102003051150289900000800005246000
102003051150289900006300011017001
102003051150289900154000001600000
102003051150289900154500000949000
102003051150289900154600000465000
102003051150289900154800000173000
102003051150289900154900000181000
102003051150289900155000000829000
102003051150309900000100048575003
102003051150309900000800037645002
102003051150309900006300078611005
102003051150309900154000000299000
102003051150309900155400007286000
102003051150369900000100033479002
102003051150369900000800026227002
102003051150369900006300017919001
102003051150369900008000005979000
102003051150369900155600000327000
102003051150369900155900009412000
102003051150369900156000000213000
102003051150369900156100000525000
102003051150369900156300008874000
102003051150369900156400001194000
102003051150369900156500000271000
102003051150369900156600000818000
102003051150369900272600000432000
102003051150579900000100030973002
102003051150579900000800012751000
102003051150579900006300015071001
102003051150579900154000001827000
102003051150579900156700001044000
102003051150579900156900000509000
102003051150579900157000001616000
102003051150579900191300000220000
102003051150789900000100069773004
102003051150789900000800028346001
102003051150789900006300047252002
102003051150789900017900001859000
102003051150789900154000003798000
102003051150789900157100000578000
102003051150789900157200002654000
102003051150789900158200000906000
102003051150789900158300001231000
102003051150789900158400001354000
102003051150789900158600000187000
102003051150789900158700000261000
102003051150789900158900000903000
102003051150789900159300000302000
102003051150789900159500000235000
102003051150789900161100000848000
102003051270169900000100011926002
102003051270169900000800002486000
102003051270169900006300004325000
102003051270169900155700000522000
102003051270169900164800001860000
102003051270189900000100003458001
102003051270189900000800000969000
102003051270189900006300002650000
102003051270189900155700000231000
102003051270289900000100042908005
102003051270289900000800012830001
102003051270289900006300043632005
102003051270289900155700001714000
102003051270289900166000000631000
102003051270309900000100029988003
102003051270309900000800009734001
102003051270309900006300015117002
102003051270309900008000000595000
102003051270309900017900000504000
102003051270319900000100014800002
102003051270319900000800005007000
102003051270319900006300005878001
102003051270319900155700002927000
102003051270319900167200000920000
102003051270659900000100013358002
102003051270659900000800003497000
102003051270659900006300005306000
102003051320069900000100006804001
102003051320069900000800001750000
102003051320069900006300002725000
102003051320099900000100006614001
102003051320099900000800001696000
102003051320099900006300005848001
102003051320099900233800000956000
102003051320099900233900000077000
102003051320099900234000001174000
102003051320099900234100000302000
102003051320199900000100010290001
102003051320199900000800002727000
102003051320199900006300007152001
102003051320199900234200000148000
102003051320549900000100068063009
102003051320549900000800027788003
102003051320549900006300023610003
102003051320549900012900002009000
102003051320549900234700000491000
102003051320549900235100000114000
102003051320639900000100006681001
102003051320639900000800001486000
102003051320639900006300002904000
102003051320639900012900000183000
102003051320639900235400000223000
102003051320699900000100007717001
102003051320699900000800001912000
102003051320699900006300002474000
102003051320699900012900000513000
102003051320699900235600000799000
102003051320859900000100012087002
102003051320859900000800002241000
102003051320859900006300006343001
102003051320859900012900000596000
102003051320859900235800001566000
102003051360069900000100028265002
102003051360069900000800012393000
102003051360069900006300016213001
102003051360069900008000001962000
102003051360069900157300000524000
102003051360069900157400000473000
102003051360069900157500000277000
102003051360069900157600001341000
102003051360069900157700002067000
102003051360179900000100010596001
102003051360179900000800003294000
102003051360179900006300004235000
102003051360249900000100017234001
102003051360249900000800004848000
102003051360249900004800000471000
102003051360249900006300004842000
102003051360249900157800000622000
102003051360249900158000001610000
102003051360389900000100054118003
102003051360389900000800041282002
102003051360389900006300032158002
102003051360389900017900000955000
102003051360389900155200000967000
102003051360389900158800000758000
102003051360389900159200002107000
102003051360389900159600000648000
102003051360389900159700000276000
102003051360389900159800002038000
102003051360389900159900001506000
102003051360389900160100000144000
102003051360389900160200000166000
102003051360389900160600000290000
102003051360429900000100016975002
102003051360429900000800007009000
102003051360429900006300005757000
102003051360429900158100004066000
102003051360559900000100024513002
102003051360559900000800009518000
102003051360559900006300010512000
102003051360559900160800000731000
102003051360559900161000000967000
102003051360559900161200000437000
102003051360559900161300003060000
102003051360559900161400001527000
102003051360559900161500002337000
102003051360579900000100066694004
102003051360579900000800045930003
102003051360579900006300057415004
102003051360579900008000004277000
102003051360579900161600001130000
102003051360579900161700001325000
102003051360579900162000002530000
102003051360579900162200000688000
102003051360579900162400001504000
102003051360579900162700010373000
102003051030099900000100029669001
102003051030099900000200021910001
102003051030099900002400006779000
102003051030099900009200006983000
102003051030099900017900000070000
102003051030099900083100000178000
102003051030099900083200000092000
102003051030099900084000000047000
102003051030099900084100000179000
102003051030099900084200000096000
102003051030099900084500003099000
102003051030149900000100093095004
102003051030149900000200074959004
102003051030149900002400013001000
102003051030149900009200009036000
102003051030149900017900000059000
102003051030149900083800000088000
