071989061010490000070000014300000
071989061010490000180000022600000
071989061010490000210000047500000
071989061011190000070000027600000
071989061011190000080000062000000
071989061011190000120000018200000
071989061011190000290000014800000
071989061011490000180000047000000
071989061011490000260000021200000
071989061011490000320000013300000
071989061011890000190000213500000
071989061011890000210000080400000
071989061012190000060001502800000
071989061012190000290000005400000
071989061012190000320000005400000
071989061012390000120000012400000
071989061012990000100005689300000
071989061012990000250001896800000
071989061012990000260000032700000
071989061012990000330000039900000
071989061014190000060007347500000
071989061014190000280000024600000
071989061019990000010000563200000
071989061022290000160000017500000
071989061022290000190000079200000
071989061022290000300000010600000
071989061022290000310000092200000
071989061022290000410000164500000
071989061024490000050000003700000
071989061024490000120000004400000
071989061024490000260000011600000
071989061025090000050000024900000
071989061025090000170002529800000
071989061029990000060000056100000
071989061029990000140000049400000
071989061029990000200000083000000
071989061029990000240000071600000
071989061029990000290000039100000
071989061029990000320000025200000
071989061033390000090000000000000
071989061033390000150001499200000
071989061033390000250005389000000
071989061039990000180000056100000
071989061039990000240000022400000
071989061040790000220000066600000
071989061040790000430000992300000
071989061049990000020000021500000
071989061049990000270000124500000
071989061053590000310000255000000
071989061053890000150000855600000
071989061053890000290000020600000
071989061053890000320000027400000
071989061059990000250008394200000
071989061010490000040000007400000
071989061011190000250001178000000
071989061011190000640002024700000
071989061011890000310000340500000
071989061012390000070000010500000
071989061012390000310000113500000
071989061012990000310000336400000
071989061019990000040000089800000
071989061022290000070000010800000
071989061022290000080000030400000
071989061022290000090000000000000
071989061022290000320000004900000
071989061024490000270000022900000
071989061025090000110014193800000
071989061025090000200000060000000
071989061025090000320000017300000
071989061029990000330000022300000
071989061039990000200000067400000
071989061039990000260000037100000
071989061040790000190000276600000
071989061049990000050000019900000
071989061049990000070000085100000
071989061049990000240000117400000
071989061053590000150001492000000
071989061053590000200000037300000
071989061053890000090000000000000
071989061053890000230000114900000
071989061053890000240000035300000
071989061053890000550004481400000
071989061059990000150002347600000
071989061059990000210000341000000
071989061063990000050000021100000
071989061063990000060000018100000
071989061063990000160000163100000
071989061063990000170001007400000
071989061069990000140000018400000
071989061070290000060000008200000
071989061070290000120000006900000
071989061071690000160000157100000
071989061071990000010000046300000
071989061071990000140000004300000
071989061074590000060000013900000
071989061074590000200000058200000
071989061074590000310000121700000
071989061079990000100022059100000
071989061079990000240000049000000
071989061079990000330000033300000
071989061080990000260000032200000
071989061080990000310000208800000
071989061082490000170000911200000
071989061082490000180000038300000
071989061083490000100003400000000
071989061083790000010000102000000
071989061010490000090000000000000
071989061010490000140000006300000
071989061011190000190000204000000
071989061011490000040000009700000
071989061011490000310000175500000
071989061012190000010000029000000
071989061012190000070000007000000
071989061012190000100002241600000
071989061012190000140000008600000
071989061012190000230000032200000
071989061012190000330000018300000
071989061012390000180000036700000
071989061012390000270000039600000
071989061012990000050000024300000
071989061012990000110019565900000
071989061014190000040000013400000
071989061014190000100009275900000
071989061014190000180000112600000
071989061014190000230000103400000
071989061014190000290000013500000
071989061019990000020000147200000
071989061019990000070000146900000
071989061019990000290000076200000
071989061022290000130000026000000
071989061022290000250000845200000
071989061024490000140000007600000
071989061024490000210000029300000
071989061029990000100013385800000
071989061029990000180000104500000
071989061033390000020000032200000
071989061033390000200000067400000
071989061033390000330000009900000
071989061039990000090000000000000
071989061039990000150001499200000
071989061040790000080000086900000
071989061040790000110008446500000
071989061040790000700000276400000
071989061049990000080000086900000
071989061049990000100007805200000
071989061049990000180000037500000
071989061049990000320000016900000
071989061053590000060000042900000
071989061053590000070000048200000
071989061059990000060000074300000
071989061059990000160000100400000
071989061059990000290000043500000
071989061063990000070000017000000
071989061069990000010000186400000
071989061070290000040000007200000
071989061070290000140000007000000
071989061071390000090000000000000
071989061071390000190000124100000
071989061071390000250001511700000
071989061010490000020000013600000
071989061010490000050000007300000
071989061010490000240000009700000
071989061011190000090000000000000
071989061011190000240000023600000
071989061011490000010000054000000
071989061011490000030000281000000
071989061011490000300000019100000
071989061011890000080000050500000
071989061011890000100006185500000
071989061011890000110015135900000
071989061011890000280000010900000
071989061012390000040000008600000
071989061012390000320000009100000
071989061012390000640002663000000
071989061012990000120000023400000
071989061014190000110030625500000
071989061019990000060026779000000
071989061019990000150010506000000
071989061019990000180000453600000
071989061019990000210000486400000
071989061019990000280000107500000
071989061022290000170000466600000
071989061022290000240000024700000
071989061024490000060000004400000
071989061024490000150000120900000
071989061025090000070000025400000
071989061025090000150002293100000
071989061029990000130000120200000
071989061033390000050000022500000
071989061033390000240000022400000
071989061033390000300000048600000
071989061039990000100010744300000
071989061039990000140000023900000
071989061039990000190000383100000
071989061040790000040000014700000
071989061040790000060000092200000
071989061040790000160000053600000
071989061049990000030000160200000
071989061049990000060000092200000
071989061053590000100005143900000
071989061053590000110008698300000
071989061053590000270000115600000
071989061053890000030000130100000
071989061059990000260000089800000
071989061063990000100007705600000
071989061063990000240000015100000
071989061063990000270000072900000
071989061069990000050000021100000
071989061069990000490000614100000
071989061070290000160000062300000
071989061071690000020000010700000
071989061074590000020000020400000
071989061010490000030000116500000
071989061011190000060006575000000
071989061011190000210000077600000
071989061011190000320000016000000
071989061011490000160000082700000
071989061011490000210000058900000
071989061011890000230000054800000
071989061012190000130000054300000
071989061012190000160000041400000
071989061012190000280000006600000
071989061012390000230000052700000
071989061012390000250001238000000
071989061012990000030000392400000
071989061022290000280000006500000
071989061024490000080000010300000
071989061025090000030000813200000
071989061025090000060000044600000
071989061025090000210000140500000
071989061025090000410000646200000
071989061029990000050000033400000
071989061029990000410000856300000
071989061033390000160000133300000
071989061033390000210000199000000
071989061039990000130000242600000
071989061040790000150001362000000
071989061040790000260000034300000
071989061049990000110008446500000
071989061049990000160000053600000
071989061049990000230000058300000
071989061053590000090000000000000
071989061053590000260000056000000
071989061053590000320000035300000
071989061053890000070000032200000
071989061053890000280000028700000
071989061053890000440000414100000
071989061069990000190000194900000
071989061069990000240000015100000
071989061069990000310000219800000
071989061070290000020000020100000
071989061071390000080000027000000
071989061071390000260000025100000
071989061071690000090000000000000
071989061071990000040000002700000
071989061071990000100002660300000
071989061079990000020000097200000
071989061079990000030000542700000
071989061079990000160000590500000
071989061079990000230000161700000
071989061079990000250005567900000
071989061080590000270000022800000
071989061080990000020000024500000
071989061080990000070000019500000
071989061080990000100005763100000
071989061010490000290000005600000
071989061010490000320000006200000
071989061011190000310000333500000
071989061011190000330000040800000
071989061011490000020000018100000
071989061011490000060003146200000
071989061011890000040000010100000
071989061012390000050000017000000
071989061012390000260000017000000
071989061012990000190000303400000
071989061012990000320000022900000
071989061014190000050000023300000
071989061014190000080000126200000
071989061019990000110128867600000
071989061019990000130001019600000
071989061019990000260000193700000
071989061019990000320000099600000
071989061022290000020000030100000
071989061022290000210000040900000
071989061024490000040000002300000
071989061024490000310000042800000
071989061025090000040000011900000
071989061025090000100008966800000
071989061025090000240000041000000
071989061025090000250002551900000
071989061025090000310000386900000
071989061029990000070000040500000
071989061029990000190000513500000
071989061029990000300000083500000
071989061033390000180000056100000
071989061039990000020000032200000
071989061039990000080000263100000
071989061039990000250005389000000
071989061040790000020000021500000
071989061049990000140000045800000
071989061053590000120000041600000
071989061053590000160000051500000
071989061059990000020000066200000
071989061059990000110018133200000
071989061059990000190000495900000
071989061063990000110009704400000
071989061063990000180000030200000
071989061063990000490000614100000
071989061070290000190000097100000
071989061070290000270000044300000
071989061070290000300000014800000
071989061071390000030000118500000
071989061071390000110010710800000
071989061071390000230000051600000
071989061071390000280000012400000
071989061071390000300000025200000
071989061071690000050000004700000
071989061071690000140000004700000
071989061010490000010000043800000
071989061010490000310000094400000
071989061011190000040000018300000
071989061011190000110015739000000
071989061011890000300000014700000
071989061011890000320000009900000
071989061012190000040000008500000
071989061012190000180000020600000
071989061012190000270000032200000
071989061012390000090000000000000
071989061012390000300000011800000
071989061014190000120000014000000
071989061022290000110003928200000
071989061024490000230000020300000
071989061025090000020000141800000
071989061025090000080000147300000
071989061029990000040000019200000
071989061029990000080000188000000
071989061039990000300000048600000
071989061039990000310000438900000
071989061040790000090000000000000
071989061040790000180000037500000
071989061040790000240000117400000
071989061040790000280000017000000
071989061049990000040000014700000
071989061053590000030000185200000
071989061053890000120000037200000
071989061059990000100008648000000
071989061063990000150001046500000
071989061069990000160000163100000
071989061070290000050000006800000
071989061070290000090000000000000
071989061070290000100003886700000
071989061070290000110007681500000
071989061070290000150000520100000
071989061071390000020000038800000
071989061071690000210000032700000
071989061071690000290000003600000
071989061071990000020000007200000
071989061071990000130000016200000
071989061074590000040000008600000
071989061074590000140000010400000
071989061074590000320000009000000
071989061080590000290000003500000
071989061080990000150000925300000
071989061080990000230000055000000
071989061080990000240000012500000
071989061080990000290000013000000
071989061082490000040000015200000
071989061082490000140000017600000
071989061083490000060000005600000
071989061083490000110003352200000
071989061083490000230000026400000
071989061010490000120000008500000
071989061010490000150000534200000
071989061011190000020000021400000
071989061011190000150002056100000
071989061011490000130000109500000
071989061012190000090000000000000
071989061012190000200000012200000
071989061012190000640000777500000
071989061012390000030000198800000
071989061012990000060003785900000
071989061012990000290000011200000
071989061014190000210000064800000
071989061014190000240000025900000
071989061022290000230000030500000
071989061024490000030000086000000
071989061024490000130000014100000
071989061024490000160000046600000
071989061024490000200000012000000
071989061024490000250000529800000
071989061024490000280000004300000
071989061025090000090000000000000
071989061025090000260000038700000
071989061029990000170003171600000
071989061029990000280000030300000
071989061033390000230000122400000
071989061033390000280000019900000
071989061039990000170005577900000
071989061040790000170000820500000
071989061040790000270000124500000
071989061040790000320000016900000
071989061049990000210000124500000
071989061049990000220000066600000
071989061053590000130000159000000
071989061053590000210000212600000
071989061053590000230000095900000
071989061053590000300000069800000
071989061053890000130000077100000
071989061053890000190000219200000
071989061059990000120000078800000
071989061063990000010000186400000
071989061063990000040000011100000
071989061063990000330000011000000
071989061069990000230000068200000
071989061070290000030000154200000
071989061070290000170001070000000
071989061071390000240000015100000
071989061071390000310000113000000
071989061071690000260000010100000
071989061071690000280000004200000
071989061071990000050000003100000
071989061071990000090000000000000
071989061071990000310000065200000
071989061074590000030000118000000
071989061010490000190000073300000
071989061010490000270000032500000
071989061010490000300000009600000
071989061010490000640000974400000
071989061011190000130000120900000
071989061011190000200000043000000
071989061011490000100004783700000
071989061011490000140000011600000
071989061011490000230000063100000
071989061011890000330000024200000
071989061011890000640002398000000
071989061012190000120000006500000
071989061012190000150000739400000
071989061012190000240000006100000
071989061012390000060001644300000
071989061012390000140000009700000
071989061012390000280000009000000
071989061012990000040000013800000
071989061012990000070000023800000
071989061012990000300000041000000
071989061014190000160000156100000
071989061014190000300000039300000
071989061019990000120000108400000
071989061022290000290000005600000
071989061022290000330000003600000
071989061024490000090000000000000
071989061025090000140000033600000
071989061025090000190000389600000
071989061025090000270000180100000
071989061029990000150002776300000
071989061033390000030000654500000
071989061033390000070000028000000
071989061033390000130000242600000
071989061033390000170005577900000
071989061039990000040000020400000
071989061039990000420000543000000
071989061040790000300000027400000
071989061049990000430000992300000
071989061059990000030000315300000
071989061059990000070000080400000
071989061059990000090000000000000
071989061059990000230000210800000
071989061059990000550005793200000
071989061063990000140000018400000
071989061063990000300000039700000
071989061069990000030000315700000
071989061069990000110009704400000
071989061070290000130000086100000
071989061070290000230000034500000
071989061071390000330000010000000
071989061071690000010000033700000
071989061071690000080000014400000
071989061071690000200000024300000
071989061010490000110008465000000
071989061011190000230000091500000
071989061011190000270000112200000
071989061011490000270000063100000
071989061011490000640004775000000
071989061011890000010000079000000
071989061011890000030000807300000
071989061011890000070000022800000
071989061011890000130000119200000
071989061011890000160000151300000
071989061012190000190000079500000
071989061012990000010000110500000
071989061012990000090000000000000
071989061012990000230000069900000
071989061012990000640003780500000
071989061014190000030001115600000
071989061014190000070000030400000
071989061014190000150002168900000
071989061014190000330000046100000
071989061019990000270000595000000
071989061019990000310001960700000
071989061022290000140000008200000
071989061022290000260000013200000
071989061024490000110002813800000
071989061025090000120000028000000
071989061025090000280000019500000
071989061029990000310000521900000
071989061033390000060000020200000
071989061033390000140000023900000
071989061033390000310000438900000
071989061033390000320000464500000
071989061033390000420000543000000
071989061039990000110019765000000
071989061039990000210000199000000
071989061049990000090000000000000
071989061049990000330000018700000
071989061049990000700000276400000
071989061053590000280000029200000
071989061053590000290000022900000
071989061053590000440001241200000
071989061053890000310000209300000
071989061059990000440001655300000
071989061063990000200000084400000
071989061069990000070000017000000
071989061069990000250001684700000
071989061069990000280000017700000
071989061070290000010000057100000
071989061071690000120000006300000
071989061071690000320000003900000
071989061071990000080000015700000
071989061071990000110002638900000
071989061071990000230000016000000
071989061079990000260000083200000
071989061010490000080000035400000
071989061010490000230000032100000
071989061010490000280000007500000
071989061011190000100003866300000
071989061011490000110015298400000
071989061011490000120000012900000
071989061011490000150001215800000
071989061011490000330000026500000
071989061011890000250001501000000
071989061012390000080000037500000
071989061012390000130000179400000
071989061012390000160000133900000
071989061012390000200000037400000
071989061012390000210000052200000
071989061012990000020000023700000
071989061012990000140000019700000
071989061012990000150001532100000
071989061014190000130000247500000
071989061014190000140000015000000
071989061019990000100041262100000
071989061019990000160000776400000
071989061022290000040000005000000
071989061022290000120000006900000
071989061022290000150000362300000
071989061022290000180000014000000
071989061024490000190000044700000
071989061025090000180000080200000
071989061029990000260000063500000
071989061033390000260000037100000
071989061039990000230000122400000
071989061040790000130000151900000
071989061049990000200000047700000
071989061053590000020000033900000
071989061053590000650001582900000
071989061053890000210000128400000
071989061053890000250002909800000
071989061053890000330000020400000
071989061059990000200000078700000
071989061063990000120000024900000
071989061063990000190000194900000
071989061063990000260000032300000
071989061063990000310000219800000
071989061070290000280000007500000
071989061070290000290000006600000
071989061071390000100005129400000
071989061071390000160000085900000
071989061071390000210000059000000
071989061071690000030000101500000
071989061071690000170000309600000
071989061071690000180000010300000
071989061071990000030000050500000
071989061071990000320000003100000
071989061079990000070000045200000
071989061010490000060000939400000
071989061010490000100002922600000
071989061010490000250001383200000
071989061011190000030000280500000
071989061011190000050000064000000
071989061011190000160000079000000
071989061011190000280000021200000
071989061011490000280000012400000
071989061011890000140000010400000
071989061011890000180000069600000
071989061012190000020000007300000
071989061012190000300000010700000
071989061012390000010000036900000
071989061012390000330000019500000
071989061012990000240000021800000
071989061019990000190001410600000
071989061019990000230000499700000
071989061019990000240000124700000
071989061022290000060000007100000
071989061024490000170000175200000
071989061029990000020000191500000
071989061029990000160000241500000
071989061029990000230000154700000
071989061033390000100010744300000
071989061039990000060000020200000
071989061040790000100007805200000
071989061040790000120000020500000
071989061040790000140000045800000
071989061040790000250001938400000
071989061040790000330000018700000
071989061049990000190000276600000
071989061049990000260000034300000
071989061053890000040000022800000
071989061053890000080000101300000
071989061053890000180000046300000
071989061053890000200000041400000
071989061059990000080000271500000
071989061059990000180000109600000
071989061059990000240000070600000
071989061063990000230000068200000
071989061069990000320000012100000
071989061070290000180000020600000
071989061070290000210000052900000
071989061070290000240000008500000
071989061070290000260000016800000
071989061071390000130000067100000
071989061071690000110004630800000
071989061071990000060000007900000
071989061071990000070000005100000
071989061071990000120000005800000
071989061071990000190000067200000
071989061074590000130000055700000
071989061079990000290000029800000
071989061010490000130000038300000
071989061010490000330000016200000
071989061011190000140000020700000
071989061011490000050000014500000
071989061011490000080000042600000
071989061011490000190000127800000
071989061011490000250001403900000
071989061011890000150001552700000
071989061011890000200000046500000
071989061011890000270000073000000
071989061011890000290000009000000
071989061012390000020000022200000
071989061012990000210000078900000
071989061012990000270000120700000
071989061014190000190000298800000
071989061019990000030003354800000
071989061019990000080000465500000
071989061022290000200000011000000
071989061024490000100002193700000
071989061024490000300000006200000
071989061025090000130000080100000
071989061029990000090000000000000
071989061029990000250003926900000
071989061040790000030000160200000
071989061040790000050000019900000
071989061049990000120000020500000
071989061053590000040000032600000
071989061053590000550001311800000
071989061053890000060000031400000
071989061053890000100003504100000
071989061053890000160000048900000
071989061053890000270000099000000
071989061059990000140000064400000
071989061059990000300000096600000
071989061063990000080000132400000
071989061063990000210000094700000
071989061069990000090000000000000
071989061069990000100007705600000
071989061069990000120000024900000
071989061069990000260000032300000
071989061069990000270000072900000
071989061069990000290000009700000
071989061070290000070000010600000
071989061070290000310000098800000
071989061071390000010000070900000
071989061071390000040000009500000
071989061071390000050000016300000
071989061071390000140000012800000
071989061071390000320000010000000
071989061071690000040000004000000
071989061071690000070000004200000
071989061071690000100003492900000
071989061071690000190000051700000
071989061010490000160000047700000
071989061011190000010000077700000
071989061011190000180000076400000
071989061011190000300000034100000
071989061011490000090000000000000
071989061011490000240000014800000
071989061011890000020000016400000
071989061011890000050000010800000
071989061012190000030000162700000
071989061012190000250000554300000
071989061012190000260000011500000
071989061012190000310000098700000
071989061012390000110015461200000
071989061012390000290000005800000
071989061012990000130000150500000
071989061012990000160000084300000
071989061012990000200000047500000
071989061014190000020000024500000
071989061014190000090000000000000
071989061014190000310000468200000
071989061014190000640005809200000
071989061019990000050000168700000
071989061019990000200000295600000
071989061022290000030000090900000
071989061022290000100002225300000
071989061024490000240000005900000
071989061024490000290000004300000
071989061024490000320000003000000
071989061024490000330000002900000
071989061024490000410000045600000
071989061025090000230000103900000
071989061025090000290000029200000
071989061025090000300000066700000
071989061033390000110019765000000
071989061033390000190000383100000
071989061033390000290000017600000
071989061039990000030000654500000
071989061039990000050000022500000
071989061039990000070000028000000
071989061039990000120000025400000
071989061039990000270000156200000
071989061039990000280000019900000
071989061039990000290000017600000
071989061040790000070000085100000
071989061049990000130000151900000
071989061049990000150001362000000
071989061053590000080000170200000
071989061053590000140000036500000
071989061053590000240000035300000
071989061053590000250005484400000
071989061053890000300000026800000
071989061059990000270000214600000
071989061059990000310000464300000
071989061011190000260000033300000
071989061011490000070000010500000
071989061011490000200000030900000
071989061011490000290000010900000
071989061011890000090000000000000
071989061012190000080000049800000
071989061012190000210000026100000
071989061014190000200000062900000
071989061014190000320000016800000
071989061019990000330000231500000
071989061019990000640023202300000
071989061022290000050000004800000
071989061024490000180000010300000
071989061025090000160000177400000
071989061025090000330000015800000
071989061029990000030000990100000
071989061029990000110020935800000
071989061033390000080000263100000
071989061033390000270000156200000
071989061039990000160000133300000
071989061040790000200000047700000
071989061040790000290000016400000
071989061049990000170000820500000
071989061053590000180000063300000
071989061053590000190000276700000
071989061053890000020000032300000
071989061053890000650001166100000
071989061059990000040000055400000
071989061059990000280000057900000
071989061059990000320000062700000
071989061063990000130000109200000
071989061063990000290000009700000
071989061069990000060000018100000
071989061069990000150001046500000
071989061069990000170001007400000
071989061069990000200000084400000
071989061069990000210000094700000
071989061069990000300000039700000
071989061070290000200000034900000
071989061071690000060000004800000
071989061071690000230000019100000
071989061071990000150000244400000
071989061071990000180000012600000
071989061071990000200000025500000
071989061071990000240000005900000
071989061071990000300000008000000
071989061074590000160000246400000
071989061074590000170001342100000
071989061074590000180000035300000
071989061074590000190000127600000
071989061079990000010000283600000
071989061079990000150002264300000
071989061079990000300000075400000
071989061010490000200000015200000
071989061010490000260000020500000
071989061011890000060001837900000
071989061011890000120000012500000
071989061011890000240000012800000
071989061011890000260000021600000
071989061012190000050000007500000
071989061012190000110008576700000
071989061012390000100006297200000
071989061012390000150000706800000
071989061012390000190000110300000
071989061012390000240000010000000
071989061012990000080000061500000
071989061012990000180000068100000
071989061012990000280000015300000
071989061014190000010000132300000
071989061014190000250001243000000
071989061014190000260000035900000
071989061014190000270000121700000
071989061019990000090000000000000
071989061019990000140000102000000
071989061019990000250010398200000
071989061019990000300000180300000
071989061022290000270000039300000
071989061024490000020000019600000
071989061024490000070000004300000
071989061029990000120000039300000
071989061029990000210000210700000
071989061029990000270000242300000
071989061033390000040000020400000
071989061033390000120000025400000
071989061039990000320000464500000
071989061039990000330000009900000
071989061040790000210000124500000
071989061040790000230000058300000
071989061049990000250001938400000
071989061049990000280000017000000
071989061049990000290000016400000
071989061049990000300000027400000
071989061053590000330000025200000
071989061053890000110009434900000
071989061053890000140000027900000
071989061053890000260000033800000
071989061059990000130000236100000
071989061063990000090000000000000
071989061063990000250001684700000
071989061069990000080000132400000
071989061069990000180000030200000
071989061070290000330000007400000
071989061071390000120000016000000
071989061071390000150000528200000
071989061071390000200000054900000
071989061071690000250000707200000
071989061069990000330000011000000
071989061070290000080000022000000
071989061070290000250001157300000
071989061070290000320000006400000
071989061071390000070000013600000
071989061071390000180000020600000
071989061071390000270000049000000
071989061071690000310000047600000
071989061071990000330000003500000
071989061079990000040000032000000
071989061079990000080000102400000
071989061079990000090000000000000
071989061080590000010000036700000
071989061080590000190000061500000
071989061080590000280000005600000
071989061080990000210000094500000
071989061082490000160000092500000
071989061082490000300000025500000
071989061083490000030000123100000
071989061083490000190000083500000
071989061083790000290000007100000
071989061083790000330000004700000
071989061084090000020000010600000
071989061084090000250001272700000
071989061084090000260000013000000
071989061084090000270000035400000
071989061084090000280000006000000
071989061084290000030000026700000
071989061084290000110001541900000
071989061084290000150000109100000
071989061084290000190000034200000
071989061084290000260000009900000
071989061084790000110007949500000
071989061084790000310000244600000
071989061084990000230000027400000
071989061084990000560000044500000
071989061089990000010000743100000
071989061089990000190001146200000
071989061090890000260000181800000
071989061091790000150000464200000
071989061091790000190000146400000
071989061091790000210000051600000
071989061091790000280000015800000
071989061091790000330000016500000
071989061092590000190000095000000
071989061094390000060000083800000
071989061099990000660013165800000
071989061100690000170001805200000
071989061101090000100004586300000
071989061109990000150001197500000
071989061109990000320000019300000
071989061111590000110013407500000
071989061112790000070000010200000
071989061113690000030000497300000
071989061083790000240000013000000
071989061084290000020000006200000
071989061084290000280000002700000
071989061084290000290000003500000
071989061084790000210000110600000
071989061084790000240000014000000
071989061084990000070000007300000
071989061089990000320000082000000
071989061090890000180000260000000
071989061091790000060000102100000
071989061091790000180000022600000
071989061091790000260000021200000
071989061092590000050000007400000
071989061092590000230000032200000
071989061092590000300000011400000
071989061094390000260000019100000
071989061099990000250008711900000
071989061100690000190000149200000
071989061100690000230000063500000
071989061100690000240000015400000
071989061101090000190000098700000
071989061101090000300000012500000
071989061109990000080000070400000
071989061109990000200000096300000
071989061109990000240000023600000
071989061109990000330000017000000
071989061111590000130000126100000
071989061111590000250002649400000
071989061111590000330000033300000
071989061112790000120000014400000
071989061112790000460000233200000
071989061112790000570000866500000
071989061113290000120000014400000
071989061113290000130000027600000
071989061113290000260000020900000
071989061113690000230000115800000
071989061113690000710000274500000
071989061119990000040003896800000
071989061119990000070000119500000
071989061119990000150004060300000
071989061129990000010003317200000
071989061129990000230000362900000
071989061139990000260000019500000
071989061142090000060000014000000
071989061142090000210000067600000
071989061144890000060000033700000
071989061144890000100004061200000
071989061144890000180000134700000
071989061144890000290000023800000
071989061149990000200000061800000
071989061149990000290000068400000
071989061153090000060000044300000
071989061153090000240000030100000
071989061159990000010000184300000
071989061071690000130000019900000
071989061071690000150000235300000
071989061071690000270000018400000
071989061074590000050000009000000
071989061074590000100006889800000
071989061074590000240000013300000
071989061079990000110036450600000
071989061080590000140000003700000
071989061080990000040000011900000
071989061080990000140000019500000
071989061082490000130000061600000
071989061082490000150000649100000
071989061083490000010000048700000
071989061083490000280000006900000
071989061084090000080000016400000
071989061084090000210000039300000
071989061084090000290000004000000
071989061084090000560000021500000
071989061084290000270000013600000
071989061084290000320000003100000
071989061084790000070000017500000
071989061084790000170001204300000
071989061084790000230000054000000
071989061084990000030000061300000
071989061084990000060000008600000
071989061089990000030001486000000
071989061089990000280000083700000
071989061089990000310001184100000
071989061090890000210000449800000
071989061090890000290000078600000
071989061090890000300000259900000
071989061091790000080000109700000
071989061091790000240007276200000
071989061091790000250000581500000
071989061092590000090000000000000
071989061092590000240004183400000
071989061092590000280000009400000
071989061094390000200000025500000
071989061094390000600000195300000
071989061099990000080001542700000
071989061099990000200000267400000
071989061099990000610007840800000
071989061100690000260000025000000
071989061100690000280000011300000
071989061101090000040000007400000
071989061111590000190000289400000
071989061111590000300000062800000
071989061111590000570000370900000
071989061113290000230000038500000
071989061113290000270000029600000
071989061113290000280000011600000
071989061113690000070000048300000
071989061119990000180000214400000
071989061119990000200000140700000
071989061074590000210000073200000
071989061079990000060000059000000
071989061080590000040000003700000
071989061080590000070000004700000
071989061080990000060000014700000
071989061080990000200000032200000
071989061080990000320000015900000
071989061082490000100006418300000
071989061083490000130000027000000
071989061083790000140000016800000
071989061083790000310000190400000
071989061084090000070000007100000
071989061084090000120000008600000
071989061084290000120000005900000
071989061084290000210000030900000
071989061084790000010000154600000
071989061089990000100037245100000
071989061089990000170004625800000
071989061090890000040000122700000
071989061090890000090000000000000
071989061090890000160000452900000
071989061090890000330000163400000
071989061090890000700002455300000
071989061091790000030000086300000
071989061092590000070000185400000
071989061092590000100001232000000
071989061099990000020000137100000
071989061100690000120000013000000
071989061100690000500000233900000
071989061101090000070000009000000
071989061101090000200000033900000
071989061101090000240000008200000
071989061109990000070000027500000
071989061109990000250004182000000
071989061109990000300000027800000
071989061111590000620000501600000
071989061113290000110004013000000
071989061113290000240000015300000
071989061113690000180000087700000
071989061119990000030001179400000
071989061119990000110030901900000
071989061119990000330000077600000
071989061122890000040000078200000
071989061122890000210000542400000
071989061122890000320000101800000
071989061129990000060000657100000
071989061129990000180000551500000
071989061129990000270001105400000
071989061133190000290000122600000
071989061133190000330000008900000
071989061140190000100001525200000
071989061140190000240000010900000
071989061144890000250001421500000
071989061149990000280000035300000
071989061082490000280000015200000
071989061083490000120000012900000
071989061083490000160000048400000
071989061083490000300000012000000
071989061083790000090000000000000
071989061083790000210000095300000
071989061084090000010000057900000
071989061084090000180000015500000
071989061084290000010000026400000
071989061084290000140000004400000
071989061084290000560000019100000
071989061084790000060000014300000
071989061084790000120000016300000
071989061084790000320000012300000
071989061084990000200000017700000
071989061084990000330000006200000
071989061089990000040000069700000
071989061089990000290000058100000
071989061090890000060000871500000
071989061090890000200000212900000
071989061091790000050000013600000
071989061091790000320000012700000
071989061091790000700000150300000
071989061092590000040000006400000
071989061092590000080000067400000
071989061094390000030000117200000
071989061099990000190003049000000
071989061100690000010000054900000
071989061100690000030000156300000
071989061100690000040000009200000
071989061100690000110016833200000
071989061100690000270000059900000
071989061101090000120000009000000
071989061101090000260000021400000
071989061101090000280000008300000
071989061109990000130000202600000
071989061109990000310000268900000
071989061109990000500001134300000
071989061111590000180000094100000
071989061111590000320000037700000
071989061112790000090000000000000
071989061112790000150000357800000
071989061112790000280000009600000
071989061112790000620000113500000
071989061113290000180000018400000
071989061113290000250000659900000
071989061113290000620000331800000
071989061113690000300000057700000
071989061119990000300000150100000
071989061122890000190003519600000
071989061122890000230000362900000
071989061122890000310003902500000
071989061139990000040000009600000
071989061139990000190000226700000
071989061071990000290000002900000
071989061074590000270000064100000
071989061074590000280000009200000
071989061079990000130000245000000
071989061079990000190000467700000
071989061079990000200000197800000
071989061079990000310000446300000
071989061080590000120000009500000
071989061080590000300000006100000
071989061080590000320000004000000
071989061080590000330000002400000
071989061080990000250001778100000
071989061080990000270000079500000
071989061080990000330000009600000
071989061082490000190000191700000
071989061082490000290000010600000
071989061082490000560000071100000
071989061083490000080000021800000
071989061083490000200000022500000
071989061083790000170000544800000
071989061084090000040000004100000
071989061084090000160000023200000
071989061084290000070000003000000
071989061084790000020000022200000
071989061084990000010000032200000
071989061084990000110003743900000
071989061084990000130000021400000
071989061089990000130000317600000
071989061090890000020000102600000
071989061090890000190002636900000
071989061090890000450001335800000
071989061090890000610005740500000
071989061091790000020000012100000
071989061092590000160000038700000
071989061092590000210000032500000
071989061092590000590003634400000
071989061092590000660000314400000
071989061094390000070000245300000
071989061094390000270000076800000
071989061099990000120000193500000
071989061100690000060000023700000
071989061100690000250002785300000
071989061101090000330000006000000
071989061109990000140000021300000
071989061109990000160000097400000
071989061109990000230000114000000
071989061109990000260000046400000
071989061112790000160000034400000
071989061112790000200000012000000
071989061112790000240000009900000
071989061113690000120000036800000
071989061113690000210000192600000
071989061113690000240000038100000
071989061113690000260000070600000
071989061083490000260000014700000
071989061083790000040000010800000
071989061083790000110006502400000
071989061083790000560000048900000
071989061084090000110002255700000
071989061084090000140000005900000
071989061084290000080000008000000
071989061084290000170000139800000
071989061084290000240000003300000
071989061084290000300000005000000
071989061084790000150000967500000
071989061084790000160000190500000
071989061084790000280000011600000
071989061084990000020000022100000
071989061084990000160000031300000
071989061084990000170000249700000
071989061084990000180000013100000
071989061084990000210000045900000
071989061084990000280000008400000
071989061089990000140000101400000
071989061089990000250015190200000
071989061090890000080001246300000
071989061090890000100016023700000
071989061091790000040000011000000
071989061092590000610000518400000
071989061094390000040000010300000
071989061094390000090000000000000
071989061094390000700000190300000
071989061099990000230000711300000
071989061100690000290000009200000
071989061100690000300000015300000
071989061100690000320000011400000
071989061101090000050000005300000
071989061101090000060000010900000
071989061101090000150000394000000
071989061101090000250001396700000
071989061109990000180000058100000
071989061109990000210000157200000
071989061111590000230000152500000
071989061111590000270000137500000
071989061112790000290000006200000
071989061112790000670000166800000
071989061113290000060000007700000
071989061113290000150000337400000
071989061113290000300000017100000
071989061113290000710000059100000
071989061113690000060000029300000
071989061113690000100010189400000
071989061113690000270000118600000
071989061113690000290000025500000
071989061119990000130000299100000
071989061122890000250019768100000
071989061129990000190003519600000
071989061129990000250019768100000
071989061074590000150000736300000
071989061079990000140000039200000
071989061079990000210000246600000
071989061080590000260000008500000
071989061080990000170000732000000
071989061082490000010000127500000
071989061082490000020000031000000
071989061082490000330000009900000
071989061083490000210000039400000
071989061083790000160000050000000
071989061083790000180000030600000
071989061083790000270000063600000
071989061084290000200000012000000
071989061084790000080000075400000
071989061084790000180000057600000
071989061084790000290000008500000
071989061084990000140000007900000
071989061084990000240000006700000
071989061090890000070002716100000
071989061090890000240048779200000
071989061090890000590070619200000
071989061091790000090000000000000
071989061091790000220000166500000
071989061091790000300000016200000
071989061091790000450000098200000
071989061092590000030000051700000
071989061092590000200000010400000
071989061092590000260000012400000
071989061092590000600000099800000
071989061094390000220000183700000
071989061094390000230000059000000
071989061099990000030001863700000
071989061099990000040000150400000
071989061099990000050000155300000
071989061099990000210000591200000
071989061099990000220001688500000
071989061099990000260000234500000
071989061099990000290000105200000
071989061100690000140000013400000
071989061101090000090000000000000
071989061101090000210000056900000
071989061101090000320000007900000
071989061109990000100010588600000
071989061112790000180000014200000
071989061113290000090000000000000
071989061113290000330000008900000
071989061113290000670000157200000
071989061113690000020000047700000
071989061129990000200000390000000
071989061129990000300000389000000
071989061133190000170000718400000
071989061139990000110006554000000
071989061139990000170000718400000
071989061139990000200000020300000
071989061071690000240000006200000
071989061071690000300000009000000
071989061071990000210000028800000
071989061071990000270000025700000
071989061074590000010000075600000
071989061079990000180000099400000
071989061080590000080000012400000
071989061080590000100002581300000
071989061080590000150000249700000
071989061080590000180000013800000
071989061080590000200000019700000
071989061080990000130000044800000
071989061082490000240000011800000
071989061083490000020000008400000
071989061083490000040000004500000
071989061083490000090000000000000
071989061083490000320000007300000
071989061083790000080000035400000
071989061083790000100005147200000
071989061083790000150000832400000
071989061084090000060000006800000
071989061084290000100001748500000
071989061084790000030000688000000
071989061084790000100006382600000
071989061084990000150000299700000
071989061089990000020000160000000
071989061089990000060000090500000
071989061089990000160000547100000
071989061089990000200000233400000
071989061089990000560000508100000
071989061090890000120000158000000
071989061092590000290000007100000
071989061094390000240005295100000
071989061094390000290000010500000
071989061099990000060001086600000
071989061099990000090000000000000
071989061099990000280000143200000
071989061099990000450001603200000
071989061100690000070000018500000
071989061100690000130000148500000
071989061100690000160000064700000
071989061100690000210000100300000
071989061100690000330000011000000
071989061101090000180000017400000
071989061101090000230000050500000
071989061109990000120000022000000
071989061109990000280000019600000
071989061111590000070000049400000
071989061111590000160000070200000
071989061111590000280000044300000
071989061111590000710000334400000
071989061113290000100004875300000
071989061113690000080000225800000
071989061113690000090000000000000
071989061080590000250002635800000
071989061080590000560000012500000
071989061080990000030000172100000
071989061082490000090000000000000
071989061082490000120000014200000
071989061082490000230000059800000
071989061082490000320000015100000
071989061083490000140000007400000
071989061083790000190000145800000
071989061083790000250002336000000
071989061084290000060000003900000
071989061084290000090000000000000
071989061084790000090000000000000
071989061084990000040000007800000
071989061089990000070000100000000
071989061089990000260000186700000
071989061090890000030001608500000
071989061090890000230000559300000
071989061090890000250007007200000
071989061091790000100001222600000
071989061091790000120000014400000
071989061092590000220000088100000
071989061092590000450000074700000
071989061094390000250000714200000
071989061099990000150006861300000
071989061100690000080000029800000
071989061101090000030000136400000
071989061101090000130000054100000
071989061101090000170000574600000
071989061101090000310000106500000
071989061109990000010000103600000
071989061109990000040000016600000
071989061109990000190000247900000
071989061111590000090000000000000
071989061113290000040000377400000
071989061113290000070000011600000
071989061113290000460000220200000
071989061113690000130000120800000
071989061119990000160000163700000
071989061122890000050000138300000
071989061122890000130000440700000
071989061133190000120000014400000
071989061133190000580000241000000
071989061139990000090000000000000
071989061139990000130000043500000
071989061139990000250001235100000
071989061139990000720000274100000
071989061140190000040000007900000
071989061140190000130000038200000
071989061140190000280000007700000
071989061142090000250000581500000
071989061142090000630006068100000
071989061144890000120000025900000
071989061149990000230000172700000
071989061079990000170004071200000
071989061080590000060000003900000
071989061080590000310000072100000
071989061080990000090000000000000
071989061082490000250002240600000
071989061082490000310000220900000
071989061083790000230000047600000
071989061084090000030000060400000
071989061084090000170000260000000
071989061084090000300000008000000
071989061084290000130000012200000
071989061084290000250000416400000
071989061084290000330000002900000
071989061084990000300000008900000
071989061089990000080000320100000
071989061089990000230000320300000
071989061090890000600002956400000
071989061092590000060000029200000
071989061092590000250000409000000
071989061092590000270000040900000
071989061092590000320000005000000
071989061094390000330000015000000
071989061094390000450000094500000
071989061099990000100020462400000
071989061099990000270001120000000
071989061099990000590086550600000
071989061099990000600003394800000
071989061100690000100006002300000
071989061100690000150000803500000
071989061101090000500000900400000
071989061111590000030000563000000
071989061111590000040001782500000
071989061112790000020000012800000
071989061112790000230000027400000
071989061112790000270000035200000
071989061113690000570000669500000
071989061113690000670000651200000
071989061119990000280000099000000
071989061122890000140000144100000
071989061122890000160001451600000
071989061129990000080000698600000
071989061133190000020000015900000
071989061133190000260000019500000
071989061139990000160000060300000
071989061140190000120000007900000
071989061142090000200000012500000
071989061144890000110009651300000
071989061144890000720000267400000
071989061149990000190000801100000
071989061149990000260000064500000
071989061153090000040000018500000
071989061153090000090000000000000
071989061153090000120000027300000
071989061153090000190000346600000
071989061079990000320000032400000
071989061080590000020000007900000
071989061080590000030000042900000
071989061080590000130000016400000
071989061080590000170000227900000
071989061080590000230000012000000
071989061080990000300000023700000
071989061082490000270000078400000
071989061083490000270000030900000
071989061083490000290000004700000
071989061083790000060000013300000
071989061083790000070000016100000
071989061083790000280000012600000
071989061083790000300000026000000
071989061083790000320000011000000
071989061084290000180000006100000
071989061084790000200000058500000
071989061084790000250002621200000
071989061084990000320000006700000
071989061089990000090000000000000
071989061089990000120000118000000
071989061089990000180000232500000
071989061089990000300000155700000
071989061090890000320000088300000
071989061091790000070000302100000
071989061091790000230000060800000
071989061091790000600000143300000
071989061092590000700000105000000
071989061094390000080000119300000
071989061094390000150000636900000
071989061099990000180000320800000
071989061099990000700002900900000
071989061101090000080000040600000
071989061101090000270000034500000
071989061109990000030000292700000
071989061109990000090000000000000
071989061109990000110026650000000
071989061111590000120000051400000
071989061111590000240000047000000
071989061111590000290000034100000
071989061112790000210000046000000
071989061113290000030000057800000
071989061113290000160000014300000
071989061113290000200000014700000
071989061113290000290000013300000
071989061113690000280000033500000
071989061113690000620000343700000
071989061119990000090000000000000
071989061119990000120000117000000
071989061122890000100059323900000
071989061122890000120000062100000
071989061122890000180000551500000
071989061129990000110075193700000
071989061129990000290000063600000
071989061071990000260000010800000
071989061074590000080000023300000
071989061074590000110010788600000
071989061074590000120000013100000
071989061074590000290000008500000
071989061074590000330000009500000
071989061079990000050000039900000
071989061079990000120000048100000
071989061079990000270000201500000
071989061080590000110002446200000
071989061080990000010000157100000
071989061080990000120000027100000
071989061080990000190000205900000
071989061082490000030000189400000
071989061082490000080000047300000
071989061083490000180000017100000
071989061083790000020000027100000
071989061083790000120000014300000
071989061084090000150000238400000
071989061084290000310000038500000
071989061084790000130000061800000
071989061084790000260000024800000
071989061084990000100003517300000
071989061084990000190000056900000
071989061089990000240000084600000
071989061090890000280000105700000
071989061091790000590005486100000
071989061092590000120000007000000
071989061094390000100001984100000
071989061094390000190000170700000
071989061094390000660000770100000
071989061099990000300000304600000
071989061100690000050000010000000
071989061100690000180000040700000
071989061100690000310000162400000
071989061111590000020000059000000
071989061111590000060000043300000
071989061111590000100010823000000
071989061111590000670000883500000
071989061112790000300000012500000
071989061113290000020000015500000
071989061113690000110009694400000
071989061122890000090000000000000
071989061122890000290000063600000
071989061122890000330000084100000
071989061129990000100059323900000
071989061129990000170017886800000
071989061129990000330000084100000
071989061129990000510000353800000
071989061139990000280000012600000
071989061139990000290000122600000
071989061139990000580000241000000
071989061140190000060000011100000
071989061140190000230000027900000
071989061059990000330000045600000
071989061059990000650002749000000
071989061063990000030000315700000
071989061063990000280000017700000
071989061063990000320000012100000
071989061069990000040000011100000
071989061069990000130000109200000
071989061071390000060000024200000
071989061071390000170000953400000
071989061071390000290000008200000
071989061071690000330000002900000
071989061071990000160000038800000
071989061071990000250000508400000
071989061074590000260000020400000
071989061080590000090000000000000
071989061080590000240000005200000
071989061080990000160000073100000
071989061080990000180000040400000
071989061082490000060000019400000
071989061082490000070000016600000
071989061082490000110008918300000
071989061082490000200000033700000
071989061082490000210000092300000
071989061083490000250000771600000
071989061083490000330000003200000
071989061083490000560000049300000
071989061083790000030000122100000
071989061083790000200000025400000
071989061084090000100002286800000
071989061084090000200000011700000
071989061084090000330000004800000
071989061084290000040000002800000
071989061084790000140000018200000
071989061084790000300000040500000
071989061084790000330000007500000
071989061084990000080000014900000
071989061084990000090000000000000
071989061084990000120000009200000
071989061084990000270000026200000
071989061084990000310000060800000
071989061089990000110041992200000
071989061089990000210000603600000
071989061089990000330000051200000
071989061090890000150005399100000
071989061090890000270000943700000
071989061090890000660011521100000
071989061091790000200000018600000
071989061091790000610000921100000
071989061092590000180000015900000
071989061092590000330000005000000
071989061094390000050000011900000
071989061094390000280000012300000
071989061094390000590006810900000
071989061099990000070003448900000
071989061080990000080000088500000
071989061080990000280000014700000
071989061080990000560000111900000
071989061083490000240000008200000
071989061083490000310000078200000
071989061083790000130000054100000
071989061083790000260000028000000
071989061084090000240000009900000
071989061084090000310000069800000
071989061084090000320000006600000
071989061084290000160000007200000
071989061084790000560000129300000
071989061084990000290000003200000
071989061089990000270000445900000
071989061090890000220001250200000
071989061091790000160000064900000
071989061091790000270000058600000
071989061091790000660000560200000
071989061092590000020000007600000
071989061094390000210000057300000
071989061101090000010000048700000
071989061109990000060000034600000
071989061109990000170002379800000
071989061109990000290000015500000
071989061111590000080000168500000
071989061111590000210000237200000
071989061111590000260000092300000
071989061112790000060000006900000
071989061112790000100005424700000
071989061112790000130000024600000
071989061112790000250000855300000
071989061112790000260000019600000
071989061112790000320000009900000
071989061112790000710000118700000
071989061119990000020000135000000
071989061122890000080000698600000
071989061122890000170017886800000
071989061122890000260000198100000
071989061129990000260000198100000
071989061133190000040000009600000
071989061133190000080003151600000
071989061139990000120000014400000
071989061139990000630001428000000
071989061140190000150000240800000
071989061140190000200000011800000
071989061140190000300000016900000
071989061140190000320000007500000
071989061142090000070000031000000
071989061142090000280000009800000
071989061144890000030000586900000
071989061144890000230000103100000
071989061149990000040000053900000
071989061149990000080018436200000
071989061153090000070000033700000
071989061071990000170000396100000
071989061071990000280000004800000
071989061074590000070000011700000
071989061074590000090000000000000
071989061074590000230000040500000
071989061074590000250001683300000
071989061074590000300000018400000
071989061079990000280000038100000
071989061080590000160000030900000
071989061080590000210000055400000
071989061080990000110005282100000
071989061082490000260000033200000
071989061083490000070000008200000
071989061083490000150000358600000
071989061083490000170000356100000
071989061084090000090000000000000
071989061084090000130000018300000
071989061084090000190000099500000
071989061084090000230000020200000
071989061084290000230000017900000
071989061084790000040000008900000
071989061084790000190000267200000
071989061084790000270000095500000
071989061084990000250001117800000
071989061084990000260000022400000
071989061089990000150004629800000
071989061090890000050000122400000
071989061091790000290000009000000
071989061092590000150000361100000
071989061094390000020000014800000
071989061094390000120000014100000
071989061094390000160000044700000
071989061094390000180000022300000
071989061094390000300000017100000
071989061094390000320000012900000
071989061094390000610000660800000
071989061099990000240065533900000
071989061099990000320000118900000
071989061100690000090000000000000
071989061101090000140000007900000
071989061101090000160000032700000
071989061109990000050000015300000
071989061109990000270000094400000
071989061111590000150001924000000
071989061111590000200000058400000
071989061111590000460001469000000
071989061112790000030000061300000
071989061112790000040000446600000
071989061112790000080000039600000
071989061112790000110003787000000
071989061112790000190000061800000
071989061113290000080000042100000
071989061113290000190000049600000
071989061113690000320000029700000
071989061113690000200000055600000
071989061119990000080000476000000
071989061119990000240000110300000
071989061119990000620001290600000
071989061122890000030004482100000
071989061129990000070000140600000
071989061133190000180000148500000
071989061133190000630001428000000
071989061139990000230000055600000
071989061140190000290000012200000
071989061142090000040000014200000
071989061144890000240000023600000
071989061144890000300000060800000
071989061149990000070000127600000
071989061149990000100007325400000
071989061149990000680001701700000
071989061153090000100011559500000
071989061153090000140000021700000
071989061153090000150001266800000
071989061153090000290000014400000
071989061153090000330000018400000
071989061162690000140000013100000
071989061162690000230000032400000
071989061170390000030000567000000
071989061170390000050000026300000
071989061171290000110008826200000
071989061171290000700000196300000
071989061174690000250006281600000
071989061179990000040000061900000
071989061179990000070000246000000
071989061185190000150000098900000
071989061195290000330000001500000
071989061199990000050000001300000
071989061199990000290000000900000
071989061999990000150060856000002
071989061999990000220001977400000
071989061999990000250113342900005
071989061159990000070000033700000
071989061159990000160000139000000
071989061159990000170002608900000
071989061159990000300000063400000
071989061169990000120000007700000
071989061169990000160000044900000
071989061169990000290000010200000
071989061170390000180000111400000
071989061171290000100006214200000
071989061171290000160000114800000
071989061171290000300000016300000
071989061174690000230000202900000
071989061179990000060000274800000
071989061179990000180000253500000
071989061179990000200000290100000
071989061179990000280000073600000
071989061185190000040000000800000
071989061185190000300000000900000
071989061185190000310000018700000
071989061199990000060000017800000
071989061199990000110000528100000
071989061999990000180003025200000
071989061119990000670001858700000
071989061129990000090000000000000
071989061129990000210000542400000
071989061129990000310003902500000
071989061133190000060000013800000
071989061133190000090000000000000
071989061139990000100006221200000
071989061139990000180000148500000
071989061140190000020000012200000
071989061140190000110002684900000
071989061140190000680000215600000
071989061140190000720000095000000
071989061142090000090000000000000
071989061142090000110005241400000
071989061142090000130000048800000
071989061144890000260000040000000
071989061144890000330000021500000
071989061144890000580014008300000
071989061149990000320000036100000
071989061153090000020000036200000
071989061153090000270000176000000
071989061159990000100011559500000
071989061159990000110020827700000
071989061159990000230000094700000
071989061159990000260000044900000
071989061162690000240000012700000
071989061162690000250000900500000
071989061169990000210000049000000
071989061169990000330000004700000
071989061170390000110023576000000
071989061170390000300000048200000
071989061171290000090000000000000
071989061171290000120000012900000
071989061171290000480000510300000
071989061174690000080000378800000
071989061174690000160000466100000
071989061174690000280000035300000
071989061179990000090000000000000
071989061185190000080000001800000
071989061185190000160000008200000
071989061185190000170000023600000
071989061189990000150000098900000
071989061195290000110000528100000
071989061195290000160000007300000
071989061199990000140000000500000
071989061199990000250000113000000
071989061999990000240066660200002
071989061999990000260001718900000
071989061149990000330000036400000
071989061153090000250004030900000
071989061159990000090000000000000
071989061159990000320000020600000
071989061169990000010000146900000
071989061169990000200000017600000
071989061169990000260000019200000
071989061170390000130000290800000
071989061171290000060000020100000
071989061171290000180000024300000
071989061171290000200000029000000
071989061174690000140000073600000
071989061174690000270000444100000
071989061179990000320000117200000
071989061189990000070000002800000
071989061189990000250000142300000
071989061195290000100000368700000
071989061195290000150000040000000
071989061195290000170000026500000
071989061199990000090000000000000
071989061999990000010029028600001
071989061999990000190016190300000
071989061140190000070000026100000
071989061142090000020000009600000
071989061142090000150000238800000
071989061142090000240000009900000
071989061144890000080009279100000
071989061144890000210000154100000
071989061149990000120000044400000
071989061153090000080000071000000
071989061153090000260000044900000
071989061153090000300000063400000
071989061159990000190000346600000
071989061162690000130000030100000
071989061162690000210000049000000
071989061169990000030000153300000
071989061169990000070000009600000
071989061170390000120000035300000
071989061174690000150002874200000
071989061179990000140000162600000
071989061179990000290000075900000
071989061179990000300000150100000
071989061189990000110000619600000
071989061189990000290000001500000
071989061199990000040000000400000
071989061199990000160000007300000
071989061999990000070004725000000
071989061999990000090000000000000
071989061999990000100339501500015
071989061119990000190000683500000
071989061119990000250006294700000
071989061119990000290000079100000
071989061122890000070000140600000
071989061122890000240000145400000
071989061122890000510000353800000
071989061129990000150012900200000
071989061129990000160001451600000
071989061129990000240000145400000
071989061129990000280000092800000
071989061133190000130000043500000
071989061133190000230000055600000
071989061139990000020000015900000
071989061139990000060000013800000
071989061139990000080003151600000
071989061139990000270000092900000
071989061139990000320000014800000
071989061140190000090000000000000
071989061140190000180000032800000
071989061140190000210000048500000
071989061140190000250000621100000
071989061142090000720000163800000
071989061144890000090000000000000
071989061144890000130000104400000
071989061144890000680001097400000
071989061149990000180000247800000
071989061153090000030000296700000
071989061159990000030000296700000
071989061159990000140000021700000
071989061170390000040000024600000
071989061170390000190000869100000
071989061170390000290000019500000
071989061170390000690002985200000
071989061179990000030002588000000
071989061179990000050000075600000
071989061179990000150005422700000
071989061185190000030000004900000
071989061185190000100000506800000
071989061189990000040000000800000
071989061189990000100000506800000
071989061189990000200000004400000
071989061195290000030000005000000
071989061199990000030000005000000
071989061199990000200000001900000
071989061199990000330000001500000
071989061999990000020015183500000
071989061999990000120001039200000
071989061999990000310016452400000
071989061129990000320000101800000
071989061133190000110006554000000
071989061133190000210000090000000
071989061133190000250001235100000
071989061140190000160000019100000
071989061142090000300000025500000
071989061142090000320000009200000
071989061144890000150000900200000
071989061144890000280000017800000
071989061159990000180000077900000
071989061162690000110004596500000
071989061162690000310000126300000
071989061169990000150000523600000
071989061170390000160000170000000
071989061170390000270000324800000
071989061171290000040000007700000
071989061174690000120000038000000
071989061174690000180000117800000
071989061174690000690006463500000
071989061179990000110073260200000
071989061179990000700001774300000
071989061185190000200000004400000
071989061185190000230000005500000
071989061185190000330000001500000
071989061189990000090000000000000
071989061189990000210000006200000
071989061199990000300000001100000
071989061999990000210005257700000
071989061999990000270005868600000
071989061140190000580001757800000
071989061142090000080007482300000
071989061142090000120000010600000
071989061142090000230000041700000
071989061142090000470003404400000
071989061142090000580004414800000
071989061144890000020000032600000
071989061144890000070000070500000
071989061144890000160000083900000
071989061144890000320000019400000
071989061153090000110020827700000
071989061153090000160000139000000
071989061162690000010000146900000
071989061162690000180000023100000
071989061162690000200000017600000
071989061162690000270000042500000
071989061162690000300000014200000
071989061169990000130000030100000
071989061169990000140000013100000
071989061169990000300000014200000
071989061170390000070000090700000
071989061170390000080000123600000
071989061170390000240000052300000
071989061170390000330000024600000
071989061171290000190000211800000
071989061179990000120000086200000
071989061185190000010000004600000
071989061185190000050000000900000
071989061185190000110000619600000
071989061189990000160000008200000
071989061195290000040000000400000
071989061199990000100000368700000
071989061999990000110627555200027
071989061999990000170096174200004
071989061999990000230003868300000
071989061999990000320001316500000
071989061113690000190000282700000
071989061113690000250002130100000
071989061113690000460001200500000
071989061122890000110075193700000
071989061122890000150012900200000
071989061122890000200000390000000
071989061129990000030004482100000
071989061129990000040000078200000
071989061129990000120000062100000
071989061133190000030000113000000
071989061133190000240000017700000
071989061139990000150000673200000
071989061140190000330000006400000
071989061142090000190000211000000
071989061142090000260000015000000
071989061142090000330000008500000
071989061149990000090000000000000
071989061162690000040000005800000
071989061162690000260000019200000
071989061169990000110004596500000
071989061169990000190000101100000
071989061170390000100012265700000
071989061170390000280000027500000
071989061171290000220000033400000
071989061171290000280000010800000
071989061171290000690000693800000
071989061174690000060000157200000
071989061185190000250000142300000
071989061185190000290000001500000
071989061189990000080000001800000
071989061189990000120000000700000
071989061189990000180000003000000
071989061189990000330000001500000
071989061195290000090000000000000
071989061195290000320000000800000
071989061199990000070000001500000
071989061199990000190000014300000
071989061199990000310000013300000
071989061999990000060029504700001
071989061999990000200002434000000
071989061149990000240000044400000
071989061149990000580020180900000
071989061149990000720000526200000
071989061153090000050000020300000
071989061153090000180000077900000
071989061153090000210000173800000
071989061159990000040000018500000
071989061159990000080000071000000
071989061159990000270000176000000
071989061162690000030000153300000
071989061162690000330000004700000
071989061169990000090000000000000
071989061169990000310000126300000
071989061169990000320000004100000
071989061171290000320000010700000
071989061174690000030001683500000
071989061174690000100020570100000
071989061174690000190001211500000
071989061179990000480004389300000
071989061179990000530011657500000
071989061185190000020000012800000
071989061185190000140000001000000
071989061189990000010000004600000
071989061189990000170000023600000
071989061195290000130000003600000
071989061195290000190000014300000
071989061999990000080026909400001
071989061999990000290000847700000
071989061159990000200000055500000
071989061159990000310000348100000
071989061169990000100003927400000
071989061169990000180000023100000
071989061169990000280000005900000
071989061169990000520000246300000
071989061170390000220000068200000
071989061170390000230000140700000
071989061170390000700000562400000
071989061171290000070000044400000
071989061174690000050000037500000
071989061174690000090000000000000
071989061174690000110040858000000
071989061174690000290000033300000
071989061174690000300000085600000
071989061174690000480003170400000
071989061179990000130000718200000
071989061179990000330000068600000
071989061185190000180000003000000
071989061185190000240000000700000
071989061189990000050000000900000
071989061189990000130000003300000
071989061189990000260000002500000
071989061189990000300000000900000
071989061195290000050000001300000
071989061195290000080000001300000
071989061195290000120000000500000
071989061195290000230000001400000
071989061195290000250000113000000
071989061199990000010000005100000
071989061199990000130000003600000
071989061199990000180000003200000
071989061199990000260000001300000
071989061999990000050030303800001
071989061999990000140023890900001
071989061133190000100006221200000
071989061133190000160000060300000
071989061133190000200000020300000
071989061133190000270000092900000
071989061133190000280000012600000
071989061133190000320000014800000
071989061139990000210000090000000
071989061139990000240000017700000
071989061140190000260000009500000
071989061140190000470001176300000
071989061144890000040000031800000
071989061144890000190000433700000
071989061149990000020000054400000
071989061149990000030000911400000
071989061149990000250002624100000
071989061149990000470009473300000
071989061159990000250004030900000
071989061162690000050000012500000
071989061162690000080000073300000
071989061162690000280000005900000
071989061169990000060000009000000
071989061169990000080000073300000
071989061169990000170000435800000
071989061169990000240000012700000
071989061169990000250000900500000
071989061170390000140000063900000
071989061170390000200000128400000
071989061170390000210000206800000
071989061170390000250005066100000
071989061171290000250001503100000
071989061174690000220000120700000
071989061174690000320000079600000
071989061174690000700001015600000
071989061179990000080000556600000
071989061179990000160000750900000
071989061179990000220000222300000
071989061185190000070000002800000
071989061185190000210000006200000
071989061185190000260000002500000
071989061189990000140000001000000
071989061189990000190000019600000
071989061189990000240000000700000
071989061195290000060000017800000
071989061199990000080000001300000
071989061999990000300001935600000
071989061140190000630001226000000
071989061142090000100001739000000
071989061142090000680000388700000
071989061144890000200000037500000
071989061149990000060000058800000
071989061149990000210000270200000
071989061149990000300000103200000
071989061149990000630012522700000
071989061153090000130000227500000
071989061159990000020000036200000
071989061159990000120000027300000
071989061159990000130000227500000
071989061159990000150001266800000
071989061159990000210000173800000
071989061159990000290000014400000
071989061162690000060000009000000
071989061162690000120000007700000
071989061162690000520000246300000
071989061169990000230000032400000
071989061170390000480000708600000
071989061171290000150000624200000
071989061171290000230000043900000
071989061171290000260000020500000
071989061171290000330000009700000
071989061171290000530000357300000
071989061174690000040000029600000
071989061174690000200000132700000
071989061179990000250012850800000
071989061185190000090000000000000
071989061185190000190000019600000
071989061189990000060000031300000
071989061195290000140000000500000
071989061195290000300000001100000
071989061195290000310000013300000
071989061195290000540000070300000
071989061199990000120000000500000
071989061199990000540000070300000
071989061099990000160000601200000
071989061099990000330000199900000
071989061100690000200000062400000
071989061101090000110009816800000
071989061101090000290000006300000
071989061112790000330000007600000
071989061113290000210000045500000
071989061113290000320000008600000
071989061113290000570000948700000
071989061113690000040001290300000
071989061113690000150001441100000
071989061113690000160000044800000
071989061119990000100031312400000
071989061119990000230000334200000
071989061119990000260000203400000
071989061119990000270000320900000
071989061119990000710000786700000
071989061122890000060000657100000
071989061129990000130000440700000
071989061129990000140000144100000
071989061133190000150000673200000
071989061139990000030000113000000
071989061139990000470000855000000
071989061140190000030000085900000
071989061140190000080001674800000
071989061142090000160000033800000
071989061142090000290000032400000
071989061144890000630005228600000
071989061149990000110017577600000
071989061149990000130000191400000
071989061153090000010000184300000
071989061153090000170002608900000
071989061153090000230000094700000
071989061159990000280000024800000
071989061159990000330000018400000
071989061162690000070000009600000
071989061162690000090000000000000
071989061162690000160000044900000
071989061162690000170000435800000
071989061162690000290000010200000
071989061169990000050000012500000
071989061170390000150001924300000
071989061170390000530000351300000
071989061171290000050000011800000
071989061171290000130000066000000
071989061171290000140000025100000
071989061171290000290000023100000
071989061174690000260000086300000
071989061174690000330000034300000
071989061179990000210000546700000
071989061179990000230000387500000
071989061179990000260000164000000
071989061185190000060000031300000
071989061185190000120000000700000
071989061153090000280000024800000
071989061153090000320000020600000
071989061159990000050000020300000
071989061159990000060000044300000
071989061162690000190000101100000
071989061162690000320000004100000
071989061169990000270000042500000
071989061170390000060000097500000
071989061170390000090000000000000
071989061170390000260000057200000
071989061171290000080000054200000
071989061171290000240000047200000
071989061174690000070000110900000
071989061174690000130000361400000
071989061174690000210000247100000
071989061174690000530010948900000
071989061179990000190002292400000
071989061179990000690010142500000
071989061185190000130000003300000
071989061189990000020000012800000
071989061189990000030000004900000
071989061189990000310000018700000
071989061189990000320000001600000
071989061195290000290000000900000
071989061199990000150000040000000
071989061199990000210000003200000
071989061199990000320000000800000
071989061113690000330000027800000
071989061119990000060000087200000
071989061119990000210000521300000
071989061119990000320000085900000
071989061119990000460003122900000
071989061119990000570002855600000
071989061122890000010003317200000
071989061122890000270001105400000
071989061122890000280000092800000
071989061122890000300000389000000
071989061129990000050000138300000
071989061133190000070000024200000
071989061133190000190000226700000
071989061133190000300000024000000
071989061133190000470000855000000
071989061133190000720000274100000
071989061139990000070000024200000
071989061139990000300000024000000
071989061139990000330000008900000
071989061140190000190000156400000
071989061142090000030000238600000
071989061142090000180000080300000
071989061144890000470004892600000
071989061149990000150001379800000
071989061149990000160000136800000
071989061153090000200000055500000
071989061153090000310000348100000
071989061159990000240000030100000
071989061162690000100003927400000
071989061162690000150000523600000
071989061169990000040000005800000
071989061170390000320000026900000
071989061171290000030000337500000
071989061171290000210000092800000
071989061171290000270000094700000
071989061174690000240000085200000
071989061179990000100039050000000
071989061179990000240000184700000
071989061179990000270000863600000
071989061185190000320000001600000
071989061195290000200000001900000
071989061195290000210000003200000
071989061199990000170000026500000
071989061199990000230000001400000
071989061199990000240000001300000
071989061999990000030019709500000
071989061999990000040004605200000
071989061999990000130007997000000
071989061999990000160006067200000
071989061189990000230000005500000
071989061195290000010000005100000
071989061195290000070000001500000
071989061195290000180000003200000
071989061195290000240000001300000
071989061195290000260000001300000
071989061999990000280000878900000
071989061999990000330000942100000
