101991051040139900000200035839006
101991051040139900002300008914001
101991051040139900002400052471008
101991051040299900000200010160002
101991051040299900002400014666002
101991051040539900000200009437001
101991051040539900002400023004003
101991051041009900002400014257002
101991051110049900000200008272001
101991051110049900002400018822002
101991051110049900002500011750001
101991051110069900000200010212001
101991051110069900002400028083003
101991051110129900000200013322001
101991051110129900002400024449003
101991051110159900002400017014003
101991051110209900002400017849001
101991051110209900002500036113004
101991051110279900000200007259001
101991051110279900002400009531001
101991051110279911028100006426001
101991051110319900002400015298001
101991051110319900002500016263002
101991051110329900002300010424001
101991051110329900002400013746001
101991051110339900002400018278002
101991051110339900002500007346001
101991051140029900002400010706002
101991051140079900002400006901001
101991051140139900002400007309001
101991051140219900000200032824003
101991051140219900002300057478005
101991051140219900002400054009005
101991051140389900002400016639002
101991051140429900002300009846001
101991051140429900002400013312001
101991051140529900002400012192002
101991051140539900002400014968002
101991051140549900002400014623001
101991051140559900002400008909001
101991051180239900002400015929002
101991051180879900000200068900006
101991051180879900002300027624002
101991051180879900002400090165008
101991051180899900000200006915001
101991051180899900002400012204001
101991051181229900002400020836002
101991051181409900000200011008001
101991051181409900002400019938002
101991051181479900000200008956001
101991051181479900002400014743001
101991051210079900002400014547003
101991051210109900002400012111003
101991051210419900000200017127003
101991051210419900002300006068001
101991051210419900002400037915006
101991051210419900002500007313001
101991051210509900002400007697001
101991051210549900000200007966001
101991051210549900002300007185001
101991051210549900002400013853002
101991051210729900002400017251003
101991051230029900002400014833002
101991051230059900000200010011001
101991051230059900002400021662002
101991051230099900002400008424001
101991051230249900002400014381002
101991051230289900002400010129002
101991051230509900000200029298003
101991051230509900002400043050004
101991051230559900002400008474001
101991051230559900002500006718001
101991051230609900000200007469001
101991051230609900002400013803001
101991051230929900000200006797001
101991051230929900002400015201002
101991051230959900000200012374001
101991051230959900002400020562002
101991051290159900002300010951001
101991051290159900002400030938002
101991051290679900000200055650004
101991051290679900002300034534003
101991051290679900002400113509010
101991051290679900002500014681001
101991051290699900000200008681001
101991051290699900002400027482003
101991051290699929069100020531002
101991051290849900002400013789001
101991051290949900002300007106001
101991051290949900002400017931002
101991051410249900002400011141001
101991051410329900002400008826001
101991051410399900002400012338001
101991051410559900002400014845002
101991051410609900002400010440001
101991051410659900002400013628001
101991051410689900002400023350002
101991051410919900000200091303004
101991051410919900002300050687002
101991051410919900002400183969008
101991051410919900002500092982004
101991051410959900002400046332004
101991051220489900000100015348004
101991051220489900000200006708001
101991051220489900003000008622002
101991051220489900010800003404001
101991051220669900000100003198001
101991051220669900000200001791001
101991051221129900000100007461002
101991051221129900003000003612001
101991051221259900000100015264004
101991051221259900000200009807002
101991051221259900003000008207002
101991051440139900000100013461005
101991051221259900010800003631001
101991051221309900000100006227002
101991051221309900000200004508001
101991051440139900000200011924004
101991051440139900003000004359001
101991051440509900000100005479002
101991051440509900000200003722001
101991051440509900003000003898001
101991051442169900000100013668005
101991051442169900000200009472003
101991051442169900003000007732003
101991051500679900000100015974003
101991051500679900000200005864001
101991051500749900000100006619001
101991051500949900000100005761001
101991051500959900000100009946002
101991051500959900003000006775001
101991051502519900000100006045001
101991051502519900000200003594001
101991051502979900000100139018008
101991051502979900000200066200003
101991051502979900003000066523004
101991051502979900010800025914001
101991051020039900000100041174007
101991051020039900000200028993004
101991051020039900000400008078001
101991051020089900000100007468002
101991051020099900000100010971002
101991051020099900000200006087001
101991051020379900000100019563003
101991051020379900000200007413001
101991051020699900000100016384002
101991051020699900000200012600002
101991051130059900000100028653003
101991051130059900000200016324002
101991051130349900000100029682004
101991051130349900000200026003003
101991051130399900000100009504002
101991051130539900000100013520001
101991051130539900000200007645001
101991051130719900000100027387004
101991051130719900000200012930001
101991051130879900000100015621002
101991051130939900000100010528001
101991051130939900000200007523001
101991051160789900000100022515005
101991051160789900000200021450005
101991051161349900000100010822002
101991051161349900000200008623002
101991051161909900000100011575003
101991051161909900000200008458002
101991051162039900000100013152003
101991051162039900000200013643003
101991051191309900000100024768007
101991051191309900000200029312008
101991051191309900000400006462001
101991051191909900000100003215002
101991051191909900000200002937002
101991051192579900000100003588002
101991051192579900000200004486003
101991051451219900000100012037001
101991051451219900000200009192001
101991051451249900000100018753002
101991051451249900000200017178001
101991051451429900000100012735001
101991051451429900000200009993001
101991051451659900000100032010004
101991051451659900000200026566003
101991051451689900000100033811004
101991051451689900000200032241004
101991051451739900000100014752001
101991051451739900000200016071002
101991051050149900000100007388002
101991051050149900000200009372002
101991051050149900000300004948001
101991051050169900000100005230001
101991051050169900000200007279002
101991051050169900000300003708001
101991051050199900000100011244003
101991051050199900000200018961006
101991051050199900000300012470003
101991051051869900000100003300001
101991051051869900000200006990002
101991051051869900000300004244001
101991051090189900000100008522001
101991051090189900000200009520002
101991051090569900000200004538001
101991051090599900000100030909005
101991051090599900000200043837008
101991051090599900000400006144001
101991051091949900000200004947001
101991051092199900000100009021002
101991051092199900000200005194001
101991051093309900000200003833001
101991051099039900000100005378001
101991051099039900000200006753001
101991051240089900000100012032002
101991051240089900000200011364001
101991051240109900000100009863001
101991051240109900000200012112001
101991051240569900000100004334001
101991051240899900000100043076005
101991051240899900000200047614005
101991051240899900000300008293001
101991051240899900015000008383001
101991051241159900000100032360005
101991051241159900000200022842003
101991051241399900000200004226001
101991051340179900000200002394001
101991051340229900000200003324001
101991051340479900000100002585001
101991051340479900000200003652001
101991051340569900000100006713002
101991051340569900000200008756003
101991051340729900000200003487001
101991051341209900000100017809006
101991051341209900000200016232005
101991051341209900000400004405001
101991051341209900010400004306001
101991051370469900000200008663001
101991051341579900000100003208001
101991051341579900000200005638001
101991051370469900000100009434002
101991051371079900000100008327001
101991051371079900000200009398002
101991051372469900000100007495001
101991051372469900000200006996001
101991051372749900000100048669007
101991051372749900000200053591007
101991051372749900000300008941001
101991051373769900000200009890002
101991051400639900000100004245001
101991051400639900000200009082004
101991051401709900000200001585001
101991051401859900000100004176001
101991051401859900000200004319002
101991051401949900000100014196006
101991051401949900000200016531006
101991051401949900000300004489001
101991051401949900000400003066001
101991051401959900000100003032001
101991051401959900000200004382001
101991051420209900000100003629002
101991051420209900000200005385003
101991051420439900000200004785003
101991051420439900002800002758002
101991051421739900000100010155005
101991051421739900000200015357009
101991051421739900000300001706001
101991051470859900000100011047003
101991051470859900000200011423003
101991051470869900000100006562002
101991051470869900000200007868002
101991051471869900000100077123007
101991051471869900000200084310008
101991051471869900000300011589001
101991051471869900000400018228001
101991051490219900000100008636002
101991051490219900000200011846003
101991051491669900000100002637001
101991051491669900000200003786001
101991051492199900000100004338001
101991051492199900000200005012001
101991051492509900000200003885001
101991051492759900000100025451006
101991051492759900000200030096007
101991051492759900000300007863002
101991051080069900005300017152001
101991051080199900005300392071011
101991051080199900005500278904008
101991051080199900005900088298002
101991051080199900017700081806002
101991051080229900005500012646001
101991051080969900005300041895001
101991051080969900005500036947001
101991051081019900005300121591005
101991051081019900005500038891001
101991051081019900005900037268001
101991051081029900005500015091001
101991051081139900005500030326001
101991051081219900005300030741001
101991051081219900005500036631001
101991051081879900005300043127001
101991051081879900005500033234001
101991051081879900005900045683002
101991051082119900005300042181001
101991051082119900005500029592001
101991051082119900005900022487001
101991051082799900005300042649002
101991051082799900005500033301001
101991051082989900005500025727001
101991051083059900005500014333001
101991051083079900005300014489001
101991051170229900005300013677002
101991051170229900005500020020003
101991051170669900005300010240001
101991051170669900005500017788003
101991051170799900005300023363004
101991051170799900005500031501005
101991051171149900005500013370002
101991051171419900005300006702001
101991051171419900005500009767001
101991051171809900005300013344002
101991051171809900005500019752003
101991051250409900005300008226001
101991051250409900005500017094003
101991051250589900005500005972001
101991051250729900005500010888003
101991051251209900005300034002006
101991051251209900005500027299005
101991051251209900017700006764001
101991051252039900005500003668001
101991051252079900005500005901001
101991051252099900005500002046001
101991051252349900005500003646001
101991051252439900027100002137001
101991051431239900005300026095004
101991051431239900005500030269004
101991051431489900005300021623003
101991051431489900005500029160004
101991051431559900005300019033002
101991051431559900005500027570004
101991051431559900017700010857001
101991051431619900005300006484001
101991051431619900005500012536002
101991051431639900005300008521001
101991051431639900005500012997001
101991051060119900000100018242002
101991051060119900000200008055001
101991051060159900000100035638004
101991051060159900000200020324002
101991051060369900000100011881001
101991051060369900000200006009001
101991051060449900000100011770001
101991051060449900000200007293001
101991051060509900000100005536001
101991051060639900000100008712001
101991051060709900000100010475001
101991051060749900000100011771002
101991051060839900000100027867003
101991051060839900000200012080001
101991051060959900000100010024001
101991051061539900000100015074002
101991051061589900000100020745002
101991051100379900000100032885005
101991051100379900000200022118003
101991051100679900000100015102002
101991051100679900000200008826001
101991051101319900000100015269002
101991051101319900000200008323001
101991051101489900000100027740004
101991051101489900000200016562002
101991051101489900000300006951001
101991051101959900000100018003002
101991051101959900000200008296001
101991051102039900000100003708001
101991051150099900000200020117001
101991051150099900006800016073001
101991051150199900000200016089001
101991051150199900006800009543001
101991051150289900000200008977001
101991051150289900006800011983001
101991051150309900000200041122003
101991051150309900006800081030006
101991051150369900000200032276003
101991051150369900006700011747001
101991051150369900006800027872002
101991051150579900000200017919001
101991051150579900006800021593002
101991051150789900000200061083004
101991051150789900006800039549003
101991051270169900000200011100002
101991051270189900000200004385001
101991051270289900000200044297006
101991051270289900006800021048003
101991051270289900015200008982001
101991051270309900000200027121004
101991051270309900006800013047002
101991051270319900000200013245002
101991051270319900015200005826001
101991051270659900000200014465002
101991051270659900006800004995001
101991051320069900006800004478001
101991051320099900000200005842001
101991051320099900006800004115001
101991051320199900000200005386001
101991051320199900021000007023001
101991051320549900000200029822004
101991051320549900006700007651001
101991051320549900006800029063004
101991051320549900021000034682005
101991051320639900000200005357001
101991051320699900000200004910001
101991051320699900021000004520001
101991051320859900000200005024001
101991051320859900006800006523001
101991051320859900021000008011001
101991051360069900000200022069002
101991051360069900006800013532001
101991051360179900000200007155001
101991051360249900000200019514002
101991051360389900000200042604004
101991051360389900006700014563001
101991051360389900006800029653002
101991051360429900000200016125001
101991051360429900006800008678001
101991051360559900000200022963002
101991051360579900000200063388005
101991051360579900006800056440005
101991051030099900000100033684002
101991051030099900000200017237001
101991051030149900000100057626004
101991051030149900000200046026003
101991051030149900012500012028001
101991051030639900000100016796001
101991051030639900000200014920001
101991051030639900008800008772001
101991051030659900000100060486004
101991051030659900000200037369002
101991051030669900000100038137003
101991051030669900000200019215001
101991051030999900000100027803001
101991051030999900000200037010002
101991051031399900000100022115002
101991051031399900000200014614001
101991051031409900000100011878001
101991051120039900000100003534001
101991051120409900000100040618006
101991051120409900000200038996006
101991051120729900000100005434001
101991051120809900000100003433001
101991051120829900000100025897003
101991051120829900000200019603002
101991051121009900000100004559001
101991051121049900000100006026001
101991051121389900000100010371001
101991051121389900000200010441001
101991051121409900000200002303001
101991051460179900000100040569002
101991051460179900008600016167001
101991051461319900000100028651001
101991051461319900000200020495001
101991051462139900000100021591001
101991051461459900000100030890002
101991051461479900000100019904001
101991051461849900000100015884001
101991051462209900000100029318002
101991051462359900000100013732001
101991051462509900000100270671009
101991051462509900000200148431005
101991051462509900008600118204003
101991051462509900012500054941001
