101991051010490000020005913700009
101991051010490000230001350400001
101991051010490000240010439800015
101991051011190000020006171400004
101991051011190000230004935300001
101991051011190000240016307000017
101991051011190000250009555700008
101991051011191102810000642600001
101991051011490000020006581700003
101991051011490000230009122900006
101991051011490000240015956800018
101991051011890000020010894100009
101991051011890000230003997500002
101991051011890000240017381500016
101991051012190000020003626900004
101991051012190000230002001600002
101991051012190000240010337400018
101991051012190000250001503900001
101991051012390000020008931600007
101991051012390000240017051900019
101991051012390000250001667700001
101991051012990000020008187100005
101991051012990000230006318300005
101991051012990000240020364900018
101991051012990000250003079500001
101991051012992906910002053100002
101991051014190000020012501000004
101991051014190000230010264100002
101991051014190000240032486900021
101991051014190000250012528500004
101991051022290000010004749800013
101991051022290000020002507400005
101991051022290000300002470800005
101991051022290001080000774000002
101991051024490000010003260800012
101991051024490000020002511800008
101991051024490000300001598900005
101991051025090000010018336300016
101991051025090000020008370700005
101991051025090000300008732800005
101991051025090001080002930900001
101991051070290000010009556000016
101991051070290000020005809300008
101991051070290000040001762400001
101991051071390000010013489500017
101991051071390000020008125500008
101991051071690000010005806400013
101991051071690000020005217400012
101991051071990000010003157100011
101991051071990000020003673500013
101991051071990000040000707400001
101991051074590000010012409800013
101991051074590000020011124100012
101991051080590000010002716200007
101991051080590000020004260200012
101991051080590000030002537000006
101991051080990000010006086900009
101991051080990000020007862200015
101991051080990000040001084500001
101991051082490000010010435300014
101991051082490000020010132800011
101991051082490000030001708400001
101991051082490001500000959500001
101991051083490000010003695700010
101991051083490000020004348300013
101991051083490000040000555500001
101991051083490001040000623400001
101991051083790000010007860200011
101991051083790000020008853800013
101991051083790000030001788700001
101991051084090000010002680000009
101991051084090000020003589900014
101991051084090000030000910000001
101991051084090000040000368700001
101991051084290000010001687900009
101991051084290000020002552700015
101991051084290000030000343700001
101991051084790000010009473200012
101991051084790000020010360100013
101991051084790000030001363200001
101991051084790000040002004900001
101991051084990000010004427300010
101991051084990000020005462500013
101991051084990000030001530200002
101991051090890000530080590100024
101991051090890000550061191000019
101991051090890000590024078600006
101991051090890001770013780200002
101991051091790000530007146500010
101991051091790000550011219800017
101991051092590000530005746500007
101991051092590000550007865100017
101991051092590001770001383700001
101991051094390000530008175600011
101991051094390000550011253200015
101991051094390001770002392000001
101991051100690000010018773500021
101991051100690000020008364000006
101991051101090000010011270700016
101991051101090000020006631100008
101991051101090000030001593700001
101991051111590000020019758300014
101991051111590000670004406300001
101991051111590000680020764300016
101991051112790000020011461300017
101991051112790000680005173600006
101991051112790001520002092100002
101991051113290000020005953700009
101991051113290000670001114800001
101991051113290000680005584100007
101991051113290002100006523600008
101991051113690000020019381800017
101991051113690000670003596500001
101991051113690000680012624700009
101991051170390000010026852500018
101991051170390000020019486800011
101991051170390000880001420500001
101991051170390001250004517600001
101991051171290000010010201100015
101991051171290000020008809400010
101991051174690000010047121000020
101991051174690000020025411800006
101991051174690000860017047400004
101991051174690001250009598100001
