041979041011190021970010662100233
041979041011890022090000706900013
041979041012390030000001547500058
041979041014190011650000015100000
041979041029990010970000253900006
041979041053890009490000737500026
041979041053890020960000189700001
041979041080990021030000220000000
041979041083490011650000104900004
041979041090890020600001107500000
041979041099990011650000175500000
041979041119990020620000388300005
041979041122890020960005742700015
041979041129990022000000229800000
041979041140190022700002783400103
041979041149990020940000028100001
041979041174690011680000094000002
041979041999990012720016506700267
041979041999990021120000044200000
041979041012990030000003181000149
041979041049990030000003842100181
041979041069990020960000312800005
041979041070290021900000072400000
041979041080590020710000029600000
041979041083490022200000076300000
041979041084090021970001455700123
041979041084990021560000263900032
041979041091790030000004770400710
041979041112790020960000013300000
041979041153090021900000210300000
041979041159990021090001475300007
041979041171290021180000632500016
041979041195290021970000269600005
041979041195290022700000682800014
041979041999990011040000054400004
041979041012990021690004087600072
041979041025090030000002810700281
041979041033390022210000049800001
041979041039990021900000032100000
041979041063990022150000581500007
041979041063990030000004726300274
041979041071690021180001238800110
041979041079990020880000051800000
041979041080990009490000835500073
041979041080990021180000923100011
041979041080990021930000029400018
041979041080990022200000208300000
041979041084290030000001293800248
041979041084990022700004114500942
041979041091790011490001156400073
041979041099990019590000064500000
041979041099990022400000270400007
041979041122890022780000020000003
041979041129990020960005742700015
041979041174690009490000569500022
041979041179990008590000318900005
041979041179990009070000202900000
041979041999990009140007821600258
041979041999990009510000885000098
041979041999990023030000813300034
041979041010490011680000036700002
041979041010490021560000092400003
041979041011890011650000003300001
041979041012390020960000037900000
041979041039990030000004139300135
041979041049990021560000057000001
041979041049990021830000244400005
041979041059990021180002429100038
041979041069990021970005700400202
041979041070290020960000000000000
041979041074590009490001264600097
041979041079990021900000072400000
041979041079990022210000204600001
041979041083490020710000012000000
041979041090890022170002634700010
041979041092590022020001093600023
041979041099990022020054044900548
041979041101090022210000037800003
041979041113290020620000050900001
041979041113690022240000319200006
041979041129990022720000644200000
041979041142090021970004744200079
041979041149990023290000006100001
041979041170390021580000080300001
041979041171290021970007267600258
041979041189990022210000008800000
041979041999990021350000359300000
041979041999990022540000201200025
041979041010490009510000000000000
041979041010490021900000052100000
041979041012190021690001156600019
041979041019990022090005371200130
041979041024490021970001481500151
041979041029990021180003828500072
041979041040790020960000004900000
041979041063990009490000483000010
041979041069990020380000024600000
041979041084290022700002089400714
041979041089990020880000058000000
041979041099990020960000439100004
041979041101090009490000067100010
041979041109990020960000621400022
041979041111590011650000075600000
041979041129990009510000049500005
041979041129990021560000213200000
041979041142090030000002994000210
041979041144890021900000069900000
041979041149990022700007578500122
041979041159990030000001577300038
041979041170390020960000205700003
041979041179990011100000027600001
041979041999990010810000101900000
041979041999990021970461583712059
041979041014190021900000115800000
041979041024490021180000113400005
041979041025090020380000069000000
041979041029990030000006054300719
041979041039990020960000190400000
041979041063990020380000024600000
041979041080990021970003069600145
041979041083490020960000000000000
041979041084990011250000013500003
041979041090890009490002757600003
041979041094390020600000068000000
041979041112790021970001896200069
041979041153090011600000048200000
041979041159990021900000210300000
041979041159990022720000052400000
041979041174690020770001430100026
041979041999990009060000044400001
041979041999990009490048958102339
041979041999990022860000036600003
041979041012990009490000275300005
041979041014190011140000517800029
041979041019990020540000634400006
041979041059990009490000899300030
041979041071390009490000554400024
041979041071390023090000053400002
041979041071690030000001326600162
041979041083790022200000024500005
041979041089990020710000411200000
041979041113290021900000515800026
041979041119990021230004848200070
041979041122890022720000644200000
041979041133190021970003859100151
041979041139990022700004529800262
041979041142090000050000042500004
041979041149990021590035168201068
041979041153090020710000029300000
041979041170390008590000097500000
041979041179990021350000311900000
041979041999990012770000082300004
041979041999990022400000270400007
041979041999990022880006839200139
041979041011190021180006358300104
041979041012190022090000013000000
041979041012990022090000306000005
041979041014190011040000054400004
041979041033390030000004139300135
041979041040790021100000046600000
041979041040790021830000244400005
041979041049990022700011743500378
041979041069990010970000482800005
041979041071690009490000223500044
041979041074590011680000407100026
041979041079990022700034355504087
041979041080990030000003161700772
041979041089990021630000526300108
041979041090890009080000106100001
041979041091790009490000005500000
041979041094390011490000884600029
041979041099990009490003280000018
041979041113290020960000000000000
041979041139990020380000005900000
041979041149990011460001482800006
041979041149990022220000113200000
041979041149990022860000036600003
041979041159990011680000019100000
041979041169990021970002946000139
041979041171290008590000221400005
041979041174690022330000252800006
041979041174690022720000185300000
041979041199990030000000321000005
041979041999990000050000042500004
041979041999990021830000244400005
041979041999990022890000095100005
041979041999990023140000109000011
041979041011190009490000788300008
041979041011490021970009262600258
041979041011890030000002386500142
041979041033390019590000018100000
041979041039990020880000075500000
041979041053590022700011743400255
041979041082490022210000090400001
041979041084790021180001823500017
041979041084790021970006374800194
041979041089990022700045957307911
041979041092590000200000036300002
041979041129990022780000020000003
041979041149990019530000028100000
041979041149990021900000069900000
041979041162690021180000301900003
041979041169990009490001489300169
041979041185190030000000885500012
041979041195290021180000088200001
041979041012190011250000098200006
041979041012390022700011326200488
041979041029990011080000061800002
041979041033390021180008183100151
041979041053590009490000161800004
041979041069990030000004726300274
041979041070290011680000273400006
041979041070290021970005516500277
041979041071690020960000000500000
041979041071690022700005843401018
041979041080590021180000169800005
041979041080590030000000844800193
041979041083790009490001118000168
041979041084290021970000827500097
041979041090890011650000135700000
041979041094390009450005019000332
041979041101090022720000010700004
041979041111590022880003613600059
041979041113290030000000597600040
041979041119990020960000015300000
041979041119990021970015416600437
041979041133190008470000392300000
041979041140190030000001890700099
041979041144890020960000248700001
041979041999990021180213957003727
041979041011190022090001335100035
041979041079990009480000005800001
041979041079990011650000053000003
041979041079990011680000680500032
041979041079990020960000261600010
041979041084790023090000001600000
041979041089990011680000120800000
041979041090890021250000054500001
041979041122890011650002544000000
041979041139990023030000813300034
041979041139990030000010385101424
041979041162690020790000086600000
041979041179990030000014688500871
041979041999990020880000416500000
041979041999990021580001077300012
041979041999990021900002658500045
041979041014190022720000098200000
041979041019990021900000641600008
041979041025090009490000892200036
041979041053590020960000083400000
041979041063990020960000312800005
041979041069990011600000115100003
041979041071990020960000024000000
041979041082490030000004356300455
041979041084090021180000195100005
041979041084990030000001655000284
041979041089990021900000015100000
041979041091790022700003544500290
041979041094390030000004607800575
041979041099990021250000054500001
041979041099990021540000119100000
041979041109990009490000448000032
041979041112790022240000031200000
041979041112790022880000048700002
041979041113690030000006053000245
041979041133190011290000133000001
041979041142090012720005573800125
041979041142090012770000082300004
041979041142090020910000045800006
041979041142090022210000031600000
041979041159990021970016089700270
041979041169990020960000293200003
041979041170390022700017474600679
041979041174690019590000314200004
041979041179990020770001711800027
041979041179990023270001801500002
041979041999990000200000036300002
041979041999990008620000548000007
041979041999990021030000366600003
041979041011890020540000081500001
041979041012190020540000056300003
041979041012190021900000005800000
041979041029990019590000179100001
041979041029990022700017457902734
041979041040790022700011743500378
041979041070290021180002437700098
041979041074590030000003284700269
041979041090890030000015874401104
041979041099990011490010304900205
041979041099990021770071426200923
041979041112790023090000093100000
041979041113690022880003028400065
041979041119990021900000604900029
041979041122890011060000041600007
041979041122890022700074023800667
041979041139990021590000623500011
041979041149990023430000012700005
041979041149990030000007536600568
041979041159990011600000048200000
041979041171290009490000348300004
041979041171290020960000040500000
041979041179990022310000001300000
041979041189990021970000358400005
041979041999990010990000846300068
041979041999990022780000020000003
041979041011190011680000054900000
041979041011490021180008400500183
041979041022290022120000038000000
041979041083490021180000502900016
041979041084290020710000011700000
041979041091790010690006573700457
041979041091790020960000000600000
041979041091790021770004763500201
041979041099990009450032592900945
041979041099990022170002886500010
041979041109990022720000010700004
041979041139990023180001230500010
041979041140190011460000064000000
041979041142090020430000034800003
041979041144890012720009100800131
041979041153090030000001577300038
041979041159990020710000029300000
041979041170390021180006940100128
041979041171290023090000256800004
041979041174690020380000050800000
041979041179990021100000057300000
041979041199990021180000088200001
041979041999990011290005925000085
041979041999990021170000010300005
041979041999990021670000887800005
041979041999990022000000230300000
041979041012190020380000062500001
041979041012390021180004591600126
041979041019990008590000025500000
041979041019990019590000008800000
041979041019990020380000172500001
041979041025090021070005845300271
041979041039990021180008183100151
041979041039990022210000049800001
041979041049990020960000004900000
041979041049990022290000128500004
041979041053590021180001148500007
041979041063990021970005700400202
041979041070290022210000027900000
041979041070290030000000833200065
041979041071390021970008068700332
041979041084990020960000027100000
041979041090890020960000296200004
041979041091790022170000047400000
041979041100690020960000509600013
041979041109990023090000243500005
041979041112790010980000128700004
041979041112790022700007467600360
041979041113290021230000499200014
041979041133190023030000813300034
041979041142090021180001099200010
041979041144890022700004795100019
041979041149990011520000097300001
041979041149990022890000095100005
041979041170390021100000057300000
041979041171290021900000020900001
041979041999990011120000018500000
041979041999990011600000163300003
041979041011190020540000157200001
041979041011490020540000054500000
041979041012990011170000187400003
041979041012990022700009172400379
041979041014190022090002132200055
041979041025090021730000478100001
041979041033390022700016145200390
041979041049990020650000084800000
041979041063990021180001514300026
041979041070290009490000547900012
041979041082490021630000209000000
041979041083490021970001669200081
041979041084790020960000024200000
041979041084790030000002680800297
041979041111590030000006520600306
041979041112790011070000066800002
041979041112790021900000089100003
041979041113690021230001793300023
041979041139990012720001832100011
041979041142090020960000432800011
041979041144890011460000784600001
041979041144890021590020434100542
041979041170390030000003643300161
041979041171290021330001160500022
041979041174690009070000202900000
041979041999990011650003000100010
041979041014190011680000293700001
041979041014190020540000115700001
041979041014190021180013872300295
041979041014190021690008217700067
041979041014190021970016506100362
041979041019990023000000094600000
041979041025090020710001169700004
041979041029990021730000478100001
041979041033390009490003388700078
041979041033390020580000763100001
041979041033390021970017102600290
041979041039990021970017102600290
041979041053890030000004021200161
041979041059990011250000125000003
041979041063990021900000133900001
041979041070290022700006057800388
041979041083790020380000044400000
041979041094390021100000084300000
041979041101090020960000111800009
041979041109990021180004519000210
041979041129990021180034626700217
041979041149990020410000088800005
041979041179990009490003604300086
041979041179990023090000256800004
041979041999990020380001822000007
041979041010490021180001278500038
041979041011890020380000016500000
041979041011890021970009333600497
041979041012990021900000280300001
041979041012990021970011199400318
041979041022290020960000000500000
041979041029990022540000201200025
041979041040790021560000057000001
041979041049990010980000213400005
041979041049990021100000046600000
041979041059990023280000266900000
041979041084790011100000022700008
041979041090890020380000509900001
041979041092590010690002061300149
041979041092590023140000109000011
041979041094390010690004372200312
041979041099990009080000115700001
041979041099990021670000887800005
041979041112790020620000005400000
041979041113690021970005252700108
041979041139990022210000100000001
041979041139990023250000007500003
041979041144890021180000100100002
041979041153090022700015110700273
041979041153090022720000052400000
041979041159990022700015110700273
041979041169990022360000069900002
041979041174690008620000548000007
041979041179990011120000018500000
041979041179990022720000185300000
041979041999990008590000344400005
041979041999990012710000005000005
041979041999990019590000766100005
041979041999990022720000990800004
041979041999990023130005577900029
041979041999990023250000007500003
041979041999990030000166166414684
041979041012990022210000717500008
041979041025090011060000070800003
041979041071390011650000014800001
041979041071990009490000961600044
041979041079990009490003552000221
041979041079990010980000038200002
041979041084290021180000087300002
041979041089990011100000022700008
041979041089990022200000293900003
041979041099990022010000101800005
041979041101090021180001067000060
041979041170390020380000052500000
041979041179990011680000094000002
041979041999990010690050483201756
041979041999990012730000177400006
041979041010490030000001445300103
041979041011890011140000038400004
041979041011890020960000000200000
041979041024490020960000000300000
041979041053590022270000034800002
041979041080590009490000133000018
041979041080990021900000015100000
041979041080990023090000248700012
041979041091790022020001729800032
041979041092590009490000124600005
041979041122890009490001276500046
041979041129990021260000527900000
041979041142090011520000097300001
041979041011890021690002313200016
041979041019990011140000556200033
041979041025090022540000201200025
041979041069990021180001514300026
041979041084090022700004152000936
041979041090890021900000054300001
041979041092590011490000863200053
041979041111590009510000209000008
041979041111590020620000209500003
041979041122890020380000218600000
041979041129990011060000041600007
041979041133190023250000007500003
041979041139990012710000005000005
041979041149990000050000042500004
041979041149990012740000053200005
041979041170390021900000173900001
041979041174690021330015927600328
041979041185190022700000585800008
041979041999990008470000392300000
041979041999990020960011453900107
041979041999990021620002387000081
041979041999990023270001801500002
041979041069990021900000133900001
041979041083790009510000359000068
041979041092590009510000031600005
041979041113290022700007096300599
041979041142090021590011118200369
041979041159990009490001627300030
041979041174690023270001801500002
041979041174690030000008630600609
041979041179990020710000026100000
041979041011890021900000187600007
041979041012990021180006336000174
041979041019990021970079452502742
041979041025090021970010079800285
041979041039990021350000047400000
041979041069990009510000093300004
041979041074590021180002571900097
041979041084790021030000146600003
041979041094390009360000068200000
041979041094390011650000039800000
041979041100690021900000059600000
041979041101090030000004028500405
041979041109990022700022369101784
041979041113690009140002120300045
041979041140190020380000043400000
041979041142090012730000177400006
041979041144890019530000028100000
041979041153090020960000397000002
041979041189990009490000090800000
041979041999990009360000068200000
041979041999990021090001475300007
041979041012190021970005155000307
041979041012390020540000012200000
041979041012390021690000682800006
041979041014190020380000073100000
041979041019990011650000018400001
041979041019990020960000644200008
041979041025090022700009705101016
041979041040790009490001941500063
041979041053890023130001973700017
041979041069990021620002387000081
041979041071390020960000091100000
041979041071390022700009666300515
041979041074590022210000131600001
041979041089990030000018923703423
041979041092590020960000000300000
041979041099990020380000509900001
041979041101090011650000028700002
041979041112790009490003952400174
041979041113690009490002960800071
041979041129990030000004638800319
041979041142090012760000019100007
041979041142090022860000000100000
041979041174690021350000182000000
041979041179990019590000421800004
041979041999990009480000005800001
041979041999990020710008616000057
041979041999990020910000045800006
041979041011490021690002655700032
041979041019990011680000656600005
041979041022290021970002843100281
041979041059990022270000034800002
041979041084090030000000942900144
041979041090890022700000019200025
041979041092590021120000044200000
041979041109990030000006451400552
041979041113690022700010633900331
041979041129990020710000301200000
041979041142090012740000053200005
041979041171290020770000021600000
041979041171290022700009509000693
041979041174690021580000997000011
041979041999990020940000028100001
041979041999990023430000012700005
041979041010490020540000059100000
041979041011490020960000001900000
041979041011490022090000679700017
041979041012190011680000023200000
041979041019990022720000098200000
041979041029990022820000055700005
041979041039990009490003388700078
041979041049990009490001941500063
041979041063990022700007989400426
041979041074590010990000846300068
041979041074590021970005759900357
041979041084090009490000138300033
041979041084090020960000019800000
041979041089990022030000015200002
041979041099990010920001452900000
041979041099990023140000109000011
041979041100690023090000243500005
041979041112790030000002676100115
041979041122890021180034626700217
041979041139990021100000382800003
041979041999990021590035791701079
041979041011490009490000735600026
041979041040790021970006279200103
041979041053890023280000266900000
041979041059990020960000273100001
041979041071990021180000763800040
041979041082490020960000007200001
041979041084090020680000074400000
041979041084790020710000171000000
041979041084990020710000062700000
041979041089990009510000359000068
041979041089990011650000104900004
041979041089990020380000044400000
041979041089990022210000626500010
041979041099990020600001175500000
041979041133190022700004529800262
041979041153090021180004289300058
041979041199990022700000682800014
041979041010490009490000434100022
041979041010490011250000268500007
041979041012390021970012251700476
041979041019990011170000187400003
041979041025090020960000076500008
041979041029990021070005866100276
041979041059990023130005577900029
041979041071990030000000663200139
041979041074590011650000029500002
041979041083490022700003327400455
041979041090890021670000887800005
041979041094390022170000082700000
041979041142090022220000043000000
041979041159990021180004289300058
041979041162690022360000069900002
041979041162690030000002151500249
041979041179990021900000194800002
041979041999990020420000005300002
041979041999990021840000972400014
041979041011490011680000165500000
041979041011890021180005040900220
041979041012190021180001705400067
041979041014190009490000880200017
041979041022290019590000085500001
041979041022290022700004525900738
041979041022290022820000055700005
041979041053890021180001280600031
041979041063990009510000093300004
041979041071990021970001121900076
041979041079990010990000846300068
041979041079990021970023093301329
041979041080990022210000000000000
041979041083490009490000512300034
041979041084790021340000069300000
041979041091790010920000138400000
041979041099990009510000031600005
041979041099990022700003563700315
041979041100690021180003452000150
041979041109990021970015407600921
041979041113290009490003186800208
041979041122890009510000049500005
041979041122890011680000239500007
041979041133190021100000382800003
041979041142090011290002903400059
041979041142090020940000028100001
041979041149990011290005792000084
041979041170390011100000027600001
041979041170390011120000018500000
041979041170390019590000107600000
041979041170390022310000001300000
041979041174690021560000234800010
041979041999990011170000187400003
041979041999990012760000019100007
041979041999990020360000028500007
041979041999990021070005866100276
041979041012190030000002072100091
041979041012990020540000097900000
041979041019990021690024550700259
041979041049990010810000101900000
041979041070290011650000008700000
041979041082490011680000056900000
041979041089990021930000029400018
041979041101090022700008783000965
041979041119990009490014729000603
041979041122890020710000301200000
041979041122890021260000527900000
041979041140190021590003615900157
041979041144890020380000294900004
041979041149990020380000553600005
041979041169990011180000274900026
041979041170390009490002686500060
041979041171290022330000065200002
041979041179990021180007572600144
041979041185190021970000358400005
041979041195290022210000028600000
041979041011190021690004861600042
041979041019990011250000379100015
041979041071990021170000010300005
041979041082490009490001771600131
041979041090890021540000119100000
041979041113690020620000122500001
041979041129990011650002544000000
041979041133190012720001832100011
041979041144890011290002514200025
041979041144890022220000070200000
041979041179990022330000379700010
041979041189990022700000585800008
041979041999990020410000088800005
041979041999990021600000421700008
041979041999990023280000266900000
041979041999990023290000006100001
041979041012390009490000743100012
041979041019990009490004130900109
041979041019990022700084308803467
041979041029990021970014404400717
041979041039990020580000763100001
041979041039990022700016145200390
041979041071390030000002060600111
041979041079990030000008168300746
041979041080990020960000319100009
041979041083790020960000000000000
041979041083790022700007806401418
041979041084790019590000045700000
041979041089990021030000366600003
041979041089990021340000069300000
041979041099990021100000084300000
041979041111590022240000426600008
041979041149990020360000028500007
041979041169990030000002151500249
041979041999990011680001810500046
041979041011190020960000002300000
041979041011190022700010630100221
041979041012190020960000574300008
041979041024490020510000010200000
041979041025090021180002963200029
041979041029990010980000034600001
041979041029990011060000070800003
041979041069990022700007989400426
041979041071390021180002324600064
041979041071990022700002411201286
041979041083790011680000063900000
041979041083790022210000135300000
041979041084090021630000123200041
041979041089990009490006996200785
041979041089990011250000013500003
041979041090890022020048262900413
041979041092590021770001907400064
041979041094390009490000392300010
041979041113690020960000002000000
041979041144890021130002866400031
041979041153090011680000019100000
041979041162690011180000274900026
041979041171290020710000026100000
041979041179990021970061145601560
041979041185190022210000008800000
041979041999990021690024550700259
041979041999990023090001304300057
041979041019990021560000092400003
041979041022290009510000011300005
041979041029990020960000077300008
041979041059990030000009360200303
041979041071690021970002626300287
041979041079990023090000460600036
041979041090890009450024445800250
041979041090890010690037476000838
041979041090890021970000007200005
041979041091790009060000044400001
041979041099990000200000036300002
041979041099990021970000007200005
041979041109990011650000028700002
041979041113290009140001076700067
041979041119990010980000128700004
041979041122890030000004638800319
041979041142090020360000028500007
041979041142090020380000215300001
041979041142090022890000095100005
041979041162690022700004232000555
041979041189990030000000885500012
041979041999990012740000053200005
041979041999990021340000069300000
041979041024490022120000020800000
041979041029990020510000190900003
041979041071390022210000045100000
041979041074590020960000146000010
041979041089990020680000074400000
041979041089990021180006623100133
041979041090890010920001314500000
041979041090890011490007400700050
041979041094390022010000101800005
041979041099990030000031227403454
041979041111590021230002315100029
041979041119990020380000079600000
041979041133190012710000005000005
041979041139990021970003859100151
041979041142090021100000339600006
041979041149990021130003215200032
041979041170390021330000211000006
041979041179990020380000103300000
041979041179990022700058759002234
041979041199990021970000269600005
041979041010490021690000575500005
041979041010490021970005082000291
041979041012190022700005676400327
041979041025090019590000093600000
041979041040790021840000972400014
041979041059990021970008624200214
041979041063990010970000482800005
041979041071990023090000407200034
041979041079990021170000010300005
041979041084290009490000233900015
041979041090890021770060302800519
041979041109990022210000217600010
041979041111590020380000026900000
041979041112790009140001850900077
041979041122890021970080054100419
041979041133190020380000005900000
041979041149990022210000031600000
041979041153090021970016089700270
041979041162690021970002946000139
041979041169990021180000301900003
041979041170390020770000260100001
041979041170390021350000129900000
041979041179990021330017299100356
041979041185190009490000090800000
041979041011890009490000214300016
041979041012190009490000060000003
041979041012990009510000131300003
041979041019990021180047583501207
041979041022290020510000180700003
041979041040790010810000101900000
041979041084790020880000058000000
041979041090890022000000000500000
041979041119990009140007821600258
041979041119990009510000209000008
041979041119990022880006839200139
041979041129990009490001276500046
041979041129990011680000239500007
041979041133190020420000005300002
041979041133190023180001230500010
041979041139990008470000392300000
041979041139990020420000005300002
041979041140190021130000348800001
041979041153090009490001627300030
041979041153090021090001475300007
041979041170390021970018145800427
041979041171290030000002414600101
041979041011890011250000012400002
041979041019990011040000054400004
041979041022290021070000020800005
041979041022290021900000037900004
041979041024490009490000129100023
041979041025090011080000061800002
041979041063990021620002387000081
041979041083790021180000853300009
041979041083790021970004335700281
041979041111590009140002773700069
041979041113290021970001617000096
041979041113290022240000009500000
041979041140190011290000374400000
041979041142090011460000634200005
041979041144890021970007845200089
041979041149990020960000810500013
041979041162690009490001489300169
041979041999990011490010304900205
041979041999990021260000740000001
041979041999990021930000029400018
041979041019990021260000157600000
041979041019990030000015241800705
041979041022290030000001706100255
041979041033390020960000190400000
041979041053590021600000421700008
041979041053890022700009190000336
041979041074590022700010376800880
041979041079990020710000021000000
041979041079990021180009336800409
041979041083490030000002331300699
041979041084790009490001037400091
041979041100690022700013586100819
041979041129990021970080054100419
041979041133190030000010385101424
041979041142090020410000088800005
041979041142090023290000006100001
041979041149990020910000045800006
041979041153090022210000114700002
041979041159990020960000397000002
041979041174690022700031775400862
041979041999990009070000202900000
041979041999990021630000526300108
041979041999990022210014761400228
041979041011190020380000020400000
041979041014190020960000027600000
041979041019990009510000131300003
041979041025090010980000034600001
041979041069990022150000581500007
041979041080590022700003011600558
041979041090890019590000064500000
041979041092590030000005974801065
041979041094390020960000142000000
041979041099990009360000068200000
041979041099990021120000044200000
041979041100690022210000179800007
041979041101090020710000064900005
041979041122890021560000213200000
041979041140190020960000129000001
041979041142090023430000012700005
041979041162690020960000293200003
041979041179990020960000972600006
041979041999990020430000034800003
041979041019990020880000231200000
041979041040790021200001930200026
041979041053590021970003449300057
041979041053890021970005174900157
041979041063990011600000115100003
041979041082490021970005429200285
041979041084990021970001632000184
041979041100690009490000380900022
041979041129990022210000352000005
041979041133190021130000524000014
041979041149990021100000339600006
041979041169990020790000086600000
041979041179990008620000548000007
041979041999990011080000061800002
041979041999990011520000097300001
041979041011890019590000008800000
041979041014190022700017826600446
041979041022290021180000751900038
041979041029990021900000037900004
041979041039990020380000026000000
041979041069990009490000483000010
041979041074590010980000038200002
041979041082490021180001925300060
041979041083790030000001657100331
041979041084290020960000000400000
041979041092590022170000121700000
041979041099990022000000000500000
041979041113290022880000148500013
041979041119990022700038959301797
041979041119990023090000093100000
041979041139990021130000524000014
041979041149990012720014674600256
041979041149990012760000019100007
041979041149990020430000034800003
041979041159990020380000014600000
041979041174690020960000726400003
041979041199990022210000028600000
041979041999990010980000414900012
041979041999990011180000274900026
041979041999990022820000055700005
041979041999990023000000094600000
041979041999990023180001230500010
041979041012390023000000094600000
041979041014190020880000174500000
041979041029990009490001021300059
041979041029990020710001169700004
041979041033390021900000032100000
041979041040790020650000084800000
041979041049990021200001930200026
041979041053590030000005339000142
041979041070290020710000021000000
041979041071990020880000051800000
041979041080990020710000124200000
041979041084790022210000400800009
041979041084990021180000142800008
041979041100690030000002422900147
041979041112790021230000240600004
041979041113690020380000052700000
041979041133190021590000623500011
041979041144890030000002651900259
041979041149990021180001199300012
041979041999990009080000115700001
041979041999990021100000910600009
041979041999990022310000001300000
041979041012990020880000056700000
041979041033390020380000026000000
041979041033390020880000075500000
041979041040790030000003842100181
041979041053590011250000125000003
041979041080990022700006116401180
041979041129990021900000531700000
041979041195290030000000321000005
041979041999990010920001452900000
041979041999990022700501878428960
041979041010490022090000108200003
041979041011890011680000082600002
041979041011890022700012266100781
041979041025090010970000253900006
041979041040790022290000128500004
041979041049990021840000972400014
041979041053590023130003604200012
041979041059990021600000421700008
041979041084790021630000194100067
041979041089990020960000397800010
041979041092590009450003128100363
041979041099990021900000054300001
041979041100690021970010043600505
041979041101090021970005364000416
041979041111590022700013761500507
041979041119990022240000786500014
041979041122890022000000229800000
041979041129990020380000218600000
041979041153090020380000014600000
041979041159990022210000114700002
041979041170390022330000061700002
041979041179990021560000234800010
041979041999990011140000556200033
041979041999990011250000517600021
041979041010490022700006774200491
041979041011490022700010636800334
041979041012390022090000090100002
041979041024490030000001537500183
041979041049990021970006279200103
041979041084790021560000000000000
041979041099990009060000044400001
041979041119990011650000075600000
041979041122890022210000352000005
041979041139990011290000133000001
041979041149990012730000177400006
041979041149990012770000082300004
041979041169990022700004232000555
041979041999990011060000112400010
041979041999990022010000101800005
041979041011490030000002023000075
041979041012990020960000000000000
041979041014190008590000025500000
041979041014190030000001223200053
041979041025090022120001590000006
041979041029990020380000069000000
041979041029990022120001648800006
041979041071390009480000005800001
041979041084790022700006650000768
041979041084990009490001216200222
041979041089990019590000045700000
041979041089990023090000250300012
041979041094390021770004452500139
041979041099990010690050483201756
041979041109990021900000059600000
041979041111590009490004629000150
041979041119990011070000066800002
041979041129990022700074023800667
041979041149990021970014353700198
041979041174690021970035732200875
041979041999990010970000736700011
041979041999990011070000066800002
041979041999990021730000478100001
041979041011190030000001363200034
041979041014190021260000157600000
041979041019990022210000717500008
041979041024490022700003226900980
041979041029990009510000011300005
041979041033390021350000047400000
041979041039990019590000018100000
041979041040790010980000213400005
041979041059990022700020933400591
041979041080590021970000799600039
041979041082490022700008689600940
041979041089990021560000263900032
041979041089990021970025593301429
041979041092590009080000009600000
041979041092590022400000270400007
041979041094390022020002958600080
041979041109990020710000064900005
041979041111590021970006650700164
041979041119990030000015847300706
041979041122890021900000531700000
041979041133190022210000100000001
041979041140190021970001764300030
041979041140190022860000036500003
041979041179990021580001077300012
041979041999990011100000050300009
041979041999990021560000980400046
