062007051053510001210000993300000
062007051053510001500000150800000
062007051053520001900000025700000
062007051053840000010006062000005
062007051053840001310000049200000
062007051053860000020000897300012
062007051053860001130000072900001
062007051053890001840000147400000
062007051059990001140021884200040
062007051059990001900000025700000
062007051053510001140002023400001
062007051053530001480000145400000
062007051053590001170000152800000
062007051053840000020011574400010
062007051053850001140002181600011
062007051053870001280000311400007
062007051053890001200000058100000
062007051059990000120000035000000
062007051053510001200000072500000
062007051053520001520000186900000
062007051053530001160000014900000
062007051053590001210000993300000
062007051059990000110000076200000
062007051059990001160000299900000
062007051059990001330000254200000
062007051059990001520000186900000
062007051053530000010000789800005
062007051053840001130001693400000
062007051053870001270000039100001
062007051059990001270000070600001
062007051059990001280000311400007
062007051059990001500000150800000
062007051059990001820000593300000
062007051053510000110000034600000
062007051053510001160000239900000
062007051053590001510000919000006
062007051053840000110000041600000
062007051053840001820000593300000
062007051053850001130000203000000
062007051053860000010000033200000
062007051053890000120000035000000
062007051053890001160000045100000
062007051053890001330000254200000
062007051053890001540000891200000
062007051059990001190000106600000
062007051053510001230000109700000
062007051053520000020001049400006
062007051053530000020000807100006
062007051053530001120000056400000
062007051053590000010014979900020
062007051053590001250000132800000
062007051053590001500000150800000
062007051059990001130003751000001
062007051059990001530001001300006
062007051053510001190000106600000
062007051053510001220000047000000
062007051053590001520000186900000
062007051053590001900000025700000
062007051053860001140000322500004
062007051053870000010000105000002
062007051053890000020013860200031
062007051053890001320000104300000
062007051059990000010021957400031
062007051059990001550000708600000
062007051053510001170000152800000
062007051053510001180005190600004
062007051053520000010000539900003
062007051053530001140001353900010
062007051053590001140003377300011
062007051053590001190000106600000
062007051053590001490000066300000
062007051053590001530001001300006
062007051059990000900001137300000
062007051059990001310000049200000
062007051059990001320000104300000
062007051053590001160000254800000
062007051053590001230000109700000
062007051053590001270000031500000
062007051053840001330000254200000
062007051053840001540000891200000
062007051053890000010006977500011
062007051053520001260000302000002
062007051053530001470000145200000
062007051053590000110000034600000
062007051053590001220000047000000
062007051053850001290000147400000
062007051053870000020000117900003
062007051053870001130000012500000
062007051053890001270000039100001
062007051059990001230000109700000
062007051059990001250000132800000
062007051053510000900000992100000
062007051053520001130000129400000
062007051053520001510000919000006
062007051053840000120000035000000
062007051053840001140016002800014
062007051053890001140018506900029
062007051059990001510000919000006
062007051059990001540000891200000
062007051053510001490000066300000
062007051053590000900001137300000
062007051053590001840005549000006
062007051053840001320000104300000
062007051059990000020028993400055
062007051053510001130001494400000
062007051053590001200000072500000
062007051053850001160000045100000
062007051053510000020013276700012
062007051053590001130001769200000
062007051053840001200000058100000
062007051053850000010000777300004
062007051053850000020001270600006
062007051053890001310000049200000
062007051059990001220000047000000
062007051059990001840005696400006
062007051053520001270000031500000
062007051053520001530001001300006
062007051053590000020015133200024
062007051053840001550000708600000
062007051053890001280000311400007
062007051053890001550000708600000
062007051059990001200000130600000
062007051053510000010013650200012
062007051053520001250000132800000
062007051053890000110000041600000
062007051053890001130001981800001
062007051053890001820000593300000
062007051059990001170000152800000
062007051059990001210000993300000
062007051059990001490000066300000
