102015051040139900145600011944001
102015051040139900346500012437001
102015051040139900425300063661008
102015051040139900433000050532006
102015051040299900425300018436003
102015051040299900433000012552002
102015051040539900425300019932002
102015051040539900433000019821001
102015051041009900425300013046002
102015051041009900433000011354001
102015051110049900425300022849003
102015051110049900433000014130001
102015051110069900425300013843001
102015051110069900433000026077002
102015051110129900425300022261001
102015051110129900433000011393001
102015051110129900455800018342001
102015051110159900346500008906001
102015051110159900425300014629001
102015051110159900433000018093002
102015051110209900020400014631001
102015051110209900425300031702002
102015051110209900433000022838002
102015051110279900410000007395001
102015051110279900425300014042001
102015051110279900433000014942002
102015051110319900425300012051001
102015051110319900433000019627002
102015051110329900425300008333001
102015051110329900433000011371001
102015051110339900425300009071001
102015051110339900433000015345002
102015051140029900433000013414002
102015051140079900433000006633001
102015051140139900425300007688001
102015051140219900145600013081001
102015051140219900240700018656001
102015051140219900346500026508002
102015051140219900425300060387005
102015051140219900433000045982004
102015051140389900425300010387001
102015051140389900433000013886001
102015051140429900346500010507001
102015051140429900433000010189001
102015051140529900433000010084001
102015051140539900425300007845001
102015051140539900433000013936001
102015051140549900425300009251001
102015051140549900433000009928001
102015051140559900425300005990001
102015051180239900425300008255001
102015051180239900433000013075001
102015051180879900145600028334002
102015051180879900425300082955005
102015051180879900433000086870006
102015051180879900525100014115001
102015051180879900542900032635002
102015051180899900425300009085001
102015051180899900433000011339001
102015051181229900425300013532001
102015051181229900433000019268001
102015051181409900425300017015002
102015051181409900433000014289001
102015051181479900425300009428001
102015051181479900433000013085001
102015051210079900433000012371002
102015051210109900425300012165002
102015051210109900433000010923002
102015051210419900145600005952001
102015051210419900346500010644001
102015051210419900425300027792004
102015051210419900433000038323006
102015051210509900425300008295001
102015051210509900433000009252001
102015051210549900425300011051002
102015051210549900433000016222002
102015051210729900425300007832001
102015051210729900433000012823002
102015051230029900425300007731001
102015051230029900433000012030001
102015051230059900425300011594001
102015051230059900433000020820002
102015051230099900433000007072001
102015051230249900425300010069001
102015051230249900433000011683001
102015051230289900433000011143002
102015051230509900346500009396001
102015051230509900425300034840003
102015051230509900433000035978004
102015051230559900425300007333001
102015051230559900433000009286001
102015051230609900425300010531001
102015051230609900433000012499001
102015051230929900425300007118001
102015051230929900433000017404002
102015051230959900425300012984001
102015051230959900433000016372001
102015051290159900425300017153001
102015051290159900433000024997001
102015051290679900145600032507002
102015051290679900387200030600001
102015051290679900425300120382007
102015051290679900433000094688005
102015051290679900543000030640001
102015051290699900425300062836005
102015051290699900433000038483003
102015051290699900543000011706001
102015051290849900433000009776001
102015051290949900425300024427002
102015051290949900433000020996001
102015051410249900425300012737001
102015051410249900433000012685001
102015051410329900433000006236001
102015051410399900433000011271001
102015051410559900433000010046001
102015051410609900346500009403001
102015051410659900433000013431001
102015051410689900346500012918001
102015051410689900433000023019001
102015051410919900145600042768001
102015051410919900193800028969001
102015051410919900346500054589002
102015051410919900425300160071006
102015051410919900433000202762008
102015051410959900346500020815001
102015051410959900433000050339003
102015051220489900411000004420001
102015051220489900425300009634003
102015051220489900431900013486004
102015051220669900431900002748001
102015051221129900425300004375001
102015051221129900431900005104002
102015051221259900411000004245001
102015051221259900425300013392004
102015051221259900431900013376003
102015051221259900542100003603001
102015051221309900411000003045001
102015051221309900425300003513001
102015051221309900431900006055002
102015051440139900332000003721001
102015051440139900411000005565002
102015051440139900425300009748004
102015051440139900431900008959003
102015051440509900411000003152001
102015051440509900425300001987001
102015051440509900431900003477001
102015051442169900141300002428001
102015051442169900332000002921001
102015051442169900411000006057002
102015051442169900425300010570004
102015051442169900431900008963004
102015051500679900411000004722001
102015051500679900425300007671001
102015051500679900431900007860002
102015051500749900431900004058001
102015051500949900431900004058001
102015051500959900425300005577001
102015051500959900431900008111002
102015051502519900425300005759001
102015051502519900431900003983001
102015051502979900141300028320001
102015051502979900145600043486002
102015051502979900364800084315004
102015051502979900425300107744005
102015051502979900431900087077004
102015051020039900145600012239001
102015051020039900238000015555002
102015051020039900425300041818006
102015051020039900431900036863005
102015051020089900431900005029001
102015051020099900425300011403002
102015051020099900431900009596001
102015051020379900425300010792001
102015051020379900431900011927002
102015051020699900425300014257002
102015051020699900431900011782002
102015051130059900425300021991003
102015051130059900431900023715003
102015051130349900425300034796004
102015051130349900431900032985004
102015051130399900425300008497001
102015051130399900431900006538001
102015051130539900425300010144001
102015051130539900431900010676002
102015051130719900425300015639002
102015051130719900431900019797002
102015051130879900425300008102001
102015051130879900431900011266002
102015051130939900431900006981001
102015051160789900425300019778005
102015051160789900431900018440005
102015051161349900425300010578003
102015051161349900431900010533002
102015051161909900425300011055003
102015051161909900431900010095002
102015051162039900425300011629003
102015051162039900431900011417002
102015051191309900080000015508002
102015051191309900145600008161001
102015051191309900425300039510006
102015051191309900431900037187006
102015051191909900425300002072002
102015051191909900431900002171002
102015051192579900425300003424004
102015051192579900431900002273002
102015051451219900425300011672001
102015051451219900431900010811001
102015051451249900425300017622002
102015051451249900431900016992001
102015051451429900425300012887001
102015051451429900431900011009001
102015051451659900425300033077003
102015051451659900431900029715003
102015051451689900145600010808001
102015051451689900425300051526005
102015051451689900431900050600004
102015051451689900542700016965001
102015051451739900425300019370001
102015051451739900431900020055002
102015051050149900425300009169003
102015051050149900431900005592002
102015051050169900425300007408002
102015051050169900431900004130001
102015051050199900145600005665001
102015051050199900329000003808001
102015051050199900425300021862007
102015051050199900431900010413003
102015051050199900500100002989001
102015051050199900516300002956001
102015051051869900425300005470002
102015051051869900431900002566001
102015051090189900425300008464002
102015051090189900431900005944001
102015051090569900425300002208001
102015051090599900145600013486002
102015051090599900273400018589003
102015051090599900425300038872006
102015051090599900431900027680004
102015051091949900425300003275001
102015051092199900425300004929001
102015051092199900431900006019002
102015051093309900425300003022001
102015051099039900425300005205001
102015051240089900425300009408001
102015051240089900431900008048001
102015051240109900425300008729001
102015051240569900425300002690001
102015051240899900145600013822001
102015051240899900200000010543001
102015051240899900425300043746006
102015051240899900431900034587004
102015051240899900510600010633001
102015051241159900153800007846001
102015051241159900425300021504003
102015051241159900431900025665003
102015051241399900425300002417001
102015051340179900425300001929001
102015051340229900425300002197001
102015051340479900425300002680001
102015051340569900425300006492003
102015051340569900431900003740001
102015051340729900425300002657001
102015051341209900145600005386001
102015051341209900330200008703002
102015051341209900425300021560007
102015051341209900431900017740005
102015051341579900425300004084002
102015051370469900425300008344002
102015051370469900431900005083001
102015051371079900425300008062002
102015051371079900431900005746001
102015051372469900425300005863001
102015051372469900431900005964001
102015051372749900020700009990001
102015051372749900145600014917002
102015051372749900425300054218007
102015051372749900431900034523005
102015051373769900425300006029001
102015051373769900431900004219001
102015051400639900425300006952003
102015051400639900431900003431001
102015051401709900425300001360001
102015051401859900425300004055002
102015051401859900431900003330001
102015051401949900145600002662001
102015051401949900425300017945006
102015051401949900431900019298007
102015051401949900516300003714001
102015051401959900425300003854001
102015051401959900431900002770001
102015051420209900145600001643001
102015051420209900425300002657002
102015051420209900431900002528002
102015051420439900425300003775003
102015051420439900431900002823002
102015051421739900145600002143001
102015051421739900425300012573006
102015051421739900431900014675008
102015051470859900425300011803004
102015051470859900431900009692004
102015051470869900425300005977002
102015051470869900431900004178001
102015051471869900145600017323001
102015051471869900425300087714007
102015051471869900431900064305005
102015051471869900478900016598001
102015051471869900543200028797002
102015051490219900425300009496003
102015051490219900431900006313002
102015051491669900425300002993001
102015051491669900431900002267001
102015051492199900425300004187001
102015051492199900431900005176001
102015051492509900425300003009001
102015051492759900145600005467001
102015051492759900329000010372003
102015051492759900425300026013007
102015051492759900431900014439004
102015051080069900188300017686001
102015051080069900211500014714001
102015051080199900129400077093002
102015051080199900145600088811002
102015051080199900188300168743004
102015051080199900211500090056002
102015051080199900437000100810002
102015051080199900442800095877002
102015051080199900542600187227004
102015051080229900188300008849001
102015051080969900188300023944001
102015051080969900211500029511001
102015051080969900437000037552001
102015051081019900145600031036001
102015051081019900211500026719001
102015051081019900437000079271002
102015051081019900442800027494001
102015051081019900542600035043001
102015051081029900188300015466001
102015051081139900188300023408001
102015051081139900211500020064001
102015051081219900188300025224001
102015051081219900211500024559001
102015051081219900437000017159001
102015051081879900129400027812001
102015051081879900211500028917001
102015051081879900437000038364001
102015051081879900542600025954001
102015051082119900211500023666001
102015051082119900437000043578002
102015051082799900188300031721001
102015051082799900211500024577001
102015051082799900437000034938001
102015051082799900542600028408001
102015051082989900188300020987001
102015051082989900211500019422001
102015051083059900188300013613001
102015051083079900188300012106001
102015051170229900188300011602002
102015051170229900211500012439002
102015051170229900437000008678001
102015051170669900188300015983003
102015051170669900211500010380001
102015051170669900437000005724001
102015051170799900129400009743001
102015051170799900188300032796004
102015051170799900211500023785002
102015051170799900437000009524001
102015051171149900188300011052001
102015051171149900211500005991001
102015051171419900188300009128001
102015051171809900188300018601003
102015051171809900211500012141002
102015051171809900541600006943001
102015051250409900188300010982001
102015051250409900211500012002002
102015051250589900188300004717001
102015051250729900188300008109002
102015051250729900211500004592001
102015051251209900129400005012001
102015051251209900145600006172001
102015051251209900188300026482005
102015051251209900211500014265002
102015051251209900437000015773003
102015051251209900442800006053001
102015051252039900188300003541001
102015051252079900211500004472001
102015051252099900188300001853001
102015051252349900188300003278001
102015051252439900437000002337001
102015051431239900129400007711001
102015051431239900188300025457003
102015051431239900211500017837002
102015051431239900437000011722001
102015051431489900145600009725001
102015051431489900188300015023002
102015051431489900211500009689001
102015051431489900437000020592002
102015051431489900442800007761001
102015051431559900188300023057003
102015051431559900211500021365002
102015051431559900437000011395001
102015051431619900188300011069001
102015051431619900211500006576001
102015051431639900188300012731002
102015051431639900211500007440001
102015051431639900437000010925002
102015051060119900425300016326002
102015051060119900431900015629001
102015051060159900425300033100004
102015051060159900431900029060003
102015051060369900431900010942001
102015051060449900425300010196001
102015051060449900431900014965001
102015051060509900431900004851001
102015051060639900431900007312001
102015051060709900431900007306001
102015051060749900431900009224001
102015051060839900425300020941002
102015051060839900431900031645003
102015051060959900431900009244001
102015051061539900431900016261002
102015051061589900425300014975001
102015051061589900431900015031001
102015051100379900145600007191001
102015051100379900425300030600004
102015051100379900431900030230004
102015051100679900425300012780001
102015051100679900431900013794002
102015051101319900425300011577001
102015051101319900431900012019002
102015051101489900425300024601003
102015051101489900431900024889003
102015051101959900425300013016002
102015051101959900431900011767001
102015051102039900431900002753001
102015051150099900420100012315001
102015051150099900425300019291001
102015051150199900118200010307001
102015051150199900425300015921001
102015051150289900118200007939001
102015051150289900420100008904001
102015051150309900089900014146001
102015051150309900387900036857003
102015051150309900420100035642002
102015051150309900425300054722004
102015051150369900118200011536001
102015051150369900420100021661002
102015051150369900425300029551002
102015051150579900118200009245001
102015051150579900425300023719002
102015051150789900118200016781001
102015051150789900154600016704001
102015051150789900420100031266002
102015051150789900425300054783003
102015051270169900420100004757001
102015051270169900425300006474001
102015051270189900420100002903001
102015051270289900118200008158001
102015051270289900420100029035005
102015051270289900425300033223006
102015051270309900118200010494001
102015051270309900420100014424002
102015051270309900425300018454003
102015051270319900420100007082001
102015051270319900425300009606001
102015051270659900420100007140001
102015051270659900425300008939001
102015051320069900425300004622001
102015051320099900420100006195001
102015051320099900425300005406001
102015051320199900420100006505001
102015051320199900425300007311001
102015051320549900118200009638001
102015051320549900193700014746002
102015051320549900420100023061004
102015051320549900425300046059008
102015051320639900425300003687001
102015051320699900420100003132001
102015051320699900425300004935001
102015051320859900420100005009001
102015051320859900425300009985001
102015051360069900420100015684001
102015051360069900425300022821002
102015051360179900425300008184001
102015051360249900425300012165001
102015051360389900118200038270003
102015051360389900420100023228001
102015051360389900425300045708003
102015051360429900425300012956001
102015051360559900118200009262001
102015051360559900420100010083001
102015051360559900425300017717001
102015051360579900388100016292001
102015051360579900420100084675007
102015051360579900425300043921003
102015051030099900425300016268001
102015051030099900446100019141001
102015051030149900145600036088001
102015051030149900155100020556001
102015051030149900221000035914001
102015051030149900425300057929003
102015051030149900446100044822002
102015051030639900155100012985001
102015051030639900425300019969001
102015051030639900446100020735001
102015051030659900155100020250001
102015051030659900425300053413003
102015051030659900446100043949002
102015051030669900425300027584001
102015051030669900446100028228002
102015051030999900425300042396003
102015051030999900446100028829002
102015051031399900425300021848002
102015051031399900446100018257001
102015051031409900425300010750001
102015051120039900425300003262001
102015051120409900138900010450001
102015051120409900145600017665002
102015051120409900155100022282002
102015051120409900425300040226004
102015051120409900446100037483004
102015051120729900425300005606001
102015051120809900446100002665001
102015051120829900425300025187003
102015051120829900446100020457002
102015051121009900425300003915001
102015051121049900425300004921001
102015051121389900425300009389002
102015051121389900446100007768001
102015051121409900425300002510001
102015051460179900155100023527001
102015051460179900425300028423001
102015051461319900425300029956001
102015051461319900446100022519001
102015051461459900425300025387001
102015051461459900446100025053001
102015051461479900425300029586001
102015051461479900446100022109001
102015051461849900446100018118001
102015051462139900425300021017001
102015051462209900425300022052001
102015051462209900446100019251001
102015051462359900155100013908001
102015051462509900145600093665002
102015051462509900155100162206004
102015051462509900221000043414001
102015051462509900425300205358006
102015051462509900446100169269004
102015051462509900524800040927001
