102007051040139900020100067441008
102007051040139900027000058240007
102007051040139900051100008746001
102007051040299900020100015028002
102007051040299900027000011827001
102007051040299900051200015793002
102007051040539900020100013613001
102007051040539900027000026243002
102007051041009900020100011007001
102007051041009900027000011163002
102007051110049900020100015524002
102007051110049900027000022752002
102007051110069900020100013751001
102007051110069900027000031663002
102007051110129900020100033910002
102007051110129900027000015524001
102007051110159900027000023631002
102007051110159900051100010673001
102007051110209900020100024578002
102007051110209900027000047387003
102007051110279900020100015770002
102007051110279900027000014512001
102007051110279900051100011047001
102007051110319900020100012046001
102007051110319900027000021503001
102007051110319900051400011985001
102007051110329900020100007848001
102007051110329900027000016912002
102007051110339900020100019031002
102007051110339900027000015998001
102007051140029900027000010813001
102007051140029900051100007367001
102007051140079900027000006726001
102007051140139900027000006458001
102007051140219900020100069912005
102007051140219900027000040114003
102007051140219900051100060963005
102007051140389900027000016863002
102007051140429900027000013075001
102007051140429900051100010439001
102007051140529900027000009738001
102007051140539900027000017258002
102007051140549900020100010706001
102007051140549900027000010956001
102007051140559900027000008259001
102007051180239900020100009808001
102007051180239900027000016177001
102007051180879900020100104666007
102007051180879900027000102424007
102007051180879900051100032451002
102007051180899900020100011691001
102007051180899900027000011799001
102007051181229900027000022651002
102007051181409900020100020286002
102007051181409900027000017548001
102007051181479900020100009345001
102007051181479900027000014115001
102007051210079900027000012383002
102007051210109900020100010669001
102007051210109900027000014847002
102007051210109900051400006291001
102007051210419900020100043485005
102007051210419900027000043447005
102007051210419900051100008284001
102007051210509900020100008019001
102007051210509900027000008026001
102007051210549900020100010252001
102007051210549900027000019679003
102007051210729900027000014775002
102007051230029900020100008148001
102007051230029900027000012596001
102007051230059900020100013156001
102007051230059900027000020112002
102007051230099900027000009082001
102007051230249900020100008969001
102007051230249900027000014426001
102007051230289900027000011718001
102007051230509900020100040774004
102007051230509900027000047234004
102007051230559900020100007369001
102007051230559900027000014803002
102007051230609900020100008090001
102007051230609900027000013669001
102007051230929900020100009311001
102007051230929900027000016311001
102007051230929900051100008294001
102007051230959900020100011367001
102007051230959900027000018903001
102007051290159900027000028806001
102007051290159900051100017349001
102007051290679900020100152018009
102007051290679900027000116934007
102007051290679900051100028859001
102007051290699900020100053556004
102007051290699900027000046692004
102007051290849900027000011562001
102007051290949900020100020214001
102007051290949900027000023268002
102007051410249900027000018607002
102007051410329900027000008038001
102007051410399900027000011993001
102007051410559900027000015709001
102007051410609900027000008614001
102007051410659900027000011447001
102007051410689900027000024361001
102007051410689900051100015027001
102007051410919900020100178472006
102007051410919900027000237959009
102007051410919900051100056888002
102007051410919900051400027611001
102007051410959900027000057555003
102007051410959900051400019272001
102007051220489900020100010988003
102007051220489900027000017427004
102007051220489900199400004324001
102007051220669900027000003461001
102007051221129900020100004733001
102007051221129900027000006435002
102007051221259900020100013333003
102007051221259900027000017455004
102007051221259900199300003663001
102007051221259900199400006287001
102007051221309900020100003419001
102007051221309900027000007042002
102007051221309900199400003371001
102007051440139900020100010252003
102007051440139900027000012175004
102007051440139900032900004563001
102007051440139900199400006506002
102007051440509900020100003041001
102007051440509900027000004401002
102007051440509900199400004259001
102007051442169900020100012001004
102007051442169900027000012254004
102007051442169900199300002591001
102007051442169900199400007758002
102007051500679900020100008600001
102007051500679900027000010240002
102007051500679900199400006576001
102007051500749900027000004873001
102007051500949900027000004273001
102007051500959900020100004832001
102007051500959900027000009140002
102007051502519900020100004867001
102007051502519900027000005459001
102007051502979900020100120526006
102007051502979900027000146007007
102007051502979900199300037519001
102007051502979900199400040112002
102007051020039900020100045665006
102007051020039900027000049093007
102007051020089900027000005803001
102007051020099900020100010451001
102007051020099900027000011270002
102007051020379900020100009882001
102007051020379900027000019135003
102007051020699900020100015014002
102007051020699900027000017882002
102007051130059900020100026670003
102007051130059900027000025984003
102007051130349900020100037364004
102007051130349900027000038343004
102007051130399900020100007479001
102007051130399900027000009101001
102007051130539900020100009965001
102007051130539900027000013518001
102007051130719900020100017873002
102007051130719900027000026162003
102007051130879900020100007584001
102007051130879900027000015327002
102007051130939900027000008553001
102007051160789900020100022639005
102007051160789900027000023085005
102007051161349900020100010254002
102007051161349900027000012245003
102007051161909900020100010783002
102007051161909900027000012622003
102007051162039900020100012147002
102007051162039900027000013909003
102007051191309900020100044265007
102007051191309900027000044487007
102007051191309900032900006005001
102007051191909900020100002362002
102007051191909900027000002897002
102007051192579900020100003349003
102007051192579900027000003792003
102007051451219900020100012193001
102007051451219900027000012055001
102007051451249900020100018589001
102007051451249900027000020737002
102007051451429900020100013268001
102007051451429900027000014499002
102007051451659900020100034237003
102007051451659900027000039768003
102007051451689900020100055512005
102007051451689900027000056542005
102007051451739900020100021214002
102007051451739900027000021147001
102007051050149900020100010253003
102007051050149900027000008401002
102007051050169900020100008893002
102007051050169900027000004283001
102007051050199900020100031701009
102007051050199900027000016271004
102007051050199900055300003533001
102007051051869900020100007448002
102007051051869900027000003974001
102007051090189900020100010379002
102007051090189900027000009426001
102007051090569900020100003215001
102007051090599900020100057079008
102007051090599900027000038614006
102007051090599900115000006826001
102007051091949900020100005011001
102007051092199900020100007284001
102007051092199900027000007603002
102007051093309900020100004348001
102007051099039900020100007185001
102007051240089900020100010401001
102007051240089900027000011064001
102007051240109900020100010379001
102007051240569900027000003244001
102007051240899900020100054029006
102007051240899900027000058844006
102007051240899900204300016549001
102007051241159900020100034476004
102007051241159900027000032691003
102007051241399900020100003115001
102007051340179900020100002167001
102007051340229900020100002630001
102007051340479900020100003407001
102007051340569900020100007920002
102007051340569900027000005669002
102007051340729900020100003169001
102007051341209900020100024553007
102007051341209900027000027367008
102007051341579900020100004881001
102007051341579900027000003155001
102007051370469900020100009824002
102007051370469900027000009237001
102007051371079900020100009678002
102007051371079900027000008435001
102007051372469900020100007820001
102007051372469900027000006841001
102007051372749900020100068415009
102007051372749900027000049475006
102007051373769900020100007240001
102007051373769900027000005932001
102007051400639900020100009380003
102007051400639900027000004216001
102007051401709900020100001908001
102007051401859900020100005243002
102007051401859900027000004079001
102007051401949900020100023693008
102007051401949900027000022586007
102007051401959900020100005227001
102007051401959900027000002626001
102007051420209900020100004524003
102007051420209900027000003237002
102007051420439900020100005038004
102007051420439900027000002481001
102007051421739900020100016016008
102007051421739900027000013272006
102007051421739900337500002673001
102007051470859900020100014317004
102007051470859900027000011340003
102007051470869900020100007607002
102007051470869900027000005539002
102007051471869900020100121769008
102007051471869900027000100494007
102007051471869900055300014314001
102007051490219900020100013452003
102007051490219900027000008312002
102007051491669900020100004269001
102007051491669900027000003085001
102007051492199900020100006125001
102007051492199900027000004320001
102007051492509900020100003392001
102007051492759900020100033819008
102007051492759900027000022719005
102007051492759900055300005533001
102007051492759900390800004349001
102007051080069900078700021667001
102007051080069900079100021174001
102007051080199900020100117346003
102007051080199900069000059845002
102007051080199900078700230465007
102007051080199900078900073462002
102007051080199900079100170319005
102007051080229900079100010379001
102007051080969900078700047170002
102007051080969900079100030276001
102007051081019900020100031718001
102007051081019900078700102735004
102007051081019900078900030026001
102007051081029900078700018391001
102007051081139900078700019458001
102007051081139900079100024380001
102007051081219900078700028647002
102007051081219900079100028636001
102007051081879900078700064450002
102007051081879900078900025102001
102007051081879900079100026899001
102007051082119900078700053308002
102007051082119900079100024056001
102007051082799900078700047797002
102007051082799900079100034927002
102007051082989900079100020858001
102007051083059900079100014165001
102007051083079900078700017941001
102007051170229900069000007176001
102007051170229900078700016045002
102007051170229900079100012988002
102007051170669900069000010208001
102007051170669900078700011865001
102007051170669900079100017676002
102007051170799900069000018477002
102007051170799900078700023030003
102007051170799900079100028551003
102007051171149900078700007911001
102007051171149900079100010617001
102007051171419900069000005892001
102007051171419900079100008133001
102007051171809900069000009567001
102007051171809900078700013026002
102007051171809900079100021045003
102007051250409900069000007782001
102007051250409900078700008537001
102007051250409900079100013686002
102007051250589900079100005314001
102007051250729900069000005304001
102007051250729900078700003783001
102007051250729900079100007329001
102007051251209900020100007372001
102007051251209900069000010821001
102007051251209900078700033455006
102007051251209900079100024652004
102007051252039900079100004095001
102007051252079900079100005330001
102007051252099900079100001896001
102007051252349900078700003292001
102007051252439900078700002276001
102007051431239900020100007202001
102007051431239900069000013283001
102007051431239900078700026241003
102007051431239900079100026115003
102007051431489900020100008732001
102007051431489900078700025975003
102007051431489900079100020188003
102007051431559900069000015630001
102007051431559900078700022855002
102007051431559900079100026930003
102007051431619900078700008809001
102007051431619900079100012262001
102007051431639900078700015237002
102007051431639900079100017026002
102007051060119900020100012777001
102007051060119900027000022198002
102007051060159900020100039262004
102007051060159900027000037483003
102007051060369900027000010649001
102007051060449900020100013997001
102007051060449900027000012395001
102007051060509900027000005508001
102007051060639900027000007983001
102007051060709900027000008631001
102007051060749900027000009961001
102007051060839900020100028443002
102007051060839900027000031167003
102007051060959900027000009396001
102007051061539900020100009050001
102007051061539900027000016568001
102007051061589900020100014941001
102007051061589900027000016706001
102007051100379900020100034778004
102007051100379900027000039620005
102007051100679900020100012104001
102007051100679900027000015905002
102007051101319900020100013559002
102007051101319900027000013426001
102007051101489900020100025398003
102007051101489900027000030584003
102007051101959900020100012404001
102007051101959900027000014884002
102007051102039900027000003346001
102007051150099900020100018401001
102007051150099900027000012668001
102007051150199900020100018023001
102007051150199900139600011839001
102007051150289900020100012576001
102007051150289900027000013158001
102007051150309900020100054821004
102007051150309900027000059583004
102007051150309900139600033146002
102007051150369900020100029119002
102007051150369900027000028887002
102007051150369900139600017325001
102007051150579900020100027729001
102007051150579900027000013935001
102007051150579900139600016450001
102007051150789900020100061945003
102007051150789900027000052843003
102007051150789900139600029978001
102007051270169900020100009862001
102007051270169900027000006989001
102007051270189900027000002734001
102007051270289900020100039956005
102007051270289900027000039801005
102007051270289900139600014252001
102007051270309900020100023769003
102007051270309900027000018616002
102007051270309900139600009798001
102007051270319900020100011843001
102007051270319900027000007363001
102007051270319900139600007892001
102007051270659900020100011784001
102007051270659900027000007748001
102007051320069900020100005978001
102007051320099900020100006016001
102007051320099900027000006493001
102007051320199900020100009066001
102007051320199900027000007740001
102007051320549900020100060151008
102007051320549900027000030303004
102007051320549900139600028769003
102007051320639900020100005756001
102007051320699900020100006237001
102007051320699900027000004205001
102007051320859900020100011623001
102007051320859900027000006198001
102007051360069900020100028937002
102007051360069900027000016653001
102007051360179900020100007462001
102007051360249900020100016039001
102007051360389900020100057931003
102007051360389900027000034237002
102007051360389900139600037474002
102007051360429900020100015963001
102007051360429900139600008044001
102007051360559900020100020672001
102007051360559900027000012072001
102007051360579900020100081383005
102007051360579900027000056611004
102007051360579900139600035382002
102007051030099900020100034382001
102007051030099900027000022124001
102007051030149900020100089690004
102007051030149900027000081254004
102007051030639900020100027431002
102007051030639900027000021140001
102007051030659900020100073497003
102007051030659900027000061027003
102007051030669900020100042619002
102007051030669900027000030110001
102007051030999900020100056624003
102007051030999900027000034009002
102007051031399900020100034805002
102007051031399900027000026800001
102007051031409900020100020244001
102007051120039900020100003671001
102007051120409900020100062878007
102007051120409900021100009655001
102007051120409900027000050578005
102007051120729900020100005704001
102007051120809900027000003060001
102007051120829900020100031017003
102007051120829900027000025789003
102007051121009900020100004211001
102007051121049900020100006342001
102007051121389900020100014757001
102007051121389900027000008821001
102007051121409900020100003135001
102007051460179900020100045268001
102007051460179900027000027876001
102007051461319900020100029867001
102007051461319900027000032928001
102007051461459900020100037208001
102007051461459900027000027135001
102007051461479900020100040060001
102007051461479900027000025482001
102007051461849900020100018998001
102007051462139900020100025230001
102007051462209900020100032022001
102007051462209900027000026141001
102007051462359900020100019616001
102007051462509900020100387052010
102007051462509900027000273760007
102007051462509900044700043267001
