032016061010490490100003509900000
032016061010490490110003149900000
032016061010490490120002870100000
032016061010490490240000073800000
032016061010490490250000056800000
032016061010490490260000047200000
032016061010490490230000074100000
032016061010490490130000612200000
032016061010490490140000382700000
032016061010490490220000072000000
032016061010490490070003681800000
032016061010490490080003513300000
032016061010490490090003209300000
032016061010490490010012852000001
032016061010490490020012437300001
032016061010490490030012457000001
032016061010490490040008600000001
032016061010490490050008226600000
032016061010490490060007947200000
032016061010490490190000086200000
032016061010490490200000054500000
032016061010490490210000030000000
032016061010490490150000163200000
032016061010490490160000098600000
032016061010490490170000071600000
032016061010490490180000055700000
032016061011191190100007588800000
032016061011191190110006648400000
032016061011191190120006193900000
032016061011191190250000078400000
032016061011191190130001528700000
032016061011191190140001387600000
032016061011191190150001116500000
032016061011191190230000134500000
032016061011191190240000076500000
032016061011191190070011971200000
032016061011191190080011654200000
032016061011191190090010908400000
032016061011191190010019362000001
032016061011191190020018677600001
032016061011191190030018339600001
032016061011191190040016928200001
032016061011191190050016259100000
032016061011191190060015691600000
032016061011191190200000236600000
032016061011191190210000127200000
032016061011191190220000145100000
032016061011191190160000348400000
032016061011191190170000229300000
032016061011191190180000168000000
032016061011191190190000137500000
032016061011491490100004508100000
032016061011491490110004209400000
032016061011491490120003841200000
032016061011491490170000118000000
032016061011491490180000101900000
032016061011491490190000083400000
032016061011491490250000074800000
032016061011491490130000763700000
032016061011491490140000504400000
032016061011491490150000461200000
032016061011491490200000110100000
032016061011491490210000080300000
032016061011491490220000065400000
032016061011491490070007573400000
032016061011491490080007221000000
032016061011491490090007232300000
032016061011491490040014960100001
032016061011491490050014609900001
032016061011491490060014543200001
032016061011491490010013653200001
032016061011491490020013226300000
032016061011491490030012937000000
032016061011491490230000089600000
032016061011491490240000061700000
032016061011491490160000135500000
032016061011491490260000111600000
032016061011491490270000077400000
032016061011491490280000067600000
032016061011891890100005613900000
032016061011891890110005277900000
032016061011891890120004778000000
032016061011891890130001069500000
032016061011891890140000688400000
032016061011891890150000640500000
032016061011891890230000125600000
032016061011891890070007789900000
032016061011891890080007698600000
032016061011891890090007073600000
032016061011891890040016398700001
032016061011891890050016218400001
032016061011891890060016174600001
032016061011891890010015101600001
032016061011891890020014636100000
032016061011891890030014227800000
032016061011891890200000189500000
032016061011891890210000088700000
032016061011891890220000092000000
032016061011891890160000267700000
032016061011891890170000143800000
032016061011891890180000122100000
032016061011891890190000281800000
032016061012192190100002375900000
032016061012192190110002193200000
032016061012192190120001977400000
032016061012192190130000530300000
032016061012192190140000360800000
032016061012192190150000343800000
032016061012192190210000070200000
032016061012192190070003528700000
032016061012192190080003438400000
032016061012192190090003201600000
032016061012192190040007933900001
032016061012192190050007623300000
032016061012192190060007515400000
032016061012192190010008657400001
032016061012192190020008303900001
032016061012192190030008160100001
032016061012192190200000100900000
032016061012192190160000106900000
032016061012192190170000075800000
032016061012192190180000097400000
032016061012192190190000052200000
032016061012392390200000094400000
032016061012392390210000068900000
032016061012392390100003293400000
032016061012392390110002919500000
032016061012392390120002757400000
032016061012392390130000595000000
032016061012392390140000460300000
032016061012392390150000367400000
032016061012392390230000081800000
032016061012392390070004814500000
032016061012392390080004439000000
032016061012392390090004536900000
032016061012392390040012699200001
032016061012392390050012507000000
032016061012392390060012303500000
032016061012392390010013899600001
032016061012392390020013409500001
032016061012392390030013205800001
032016061012392390220000099900000
032016061012392390160000137600000
032016061012392390170000127700000
032016061012392390180000085300000
032016061012392390190000077200000
032016061012992990100010511400000
032016061012992990110009265700000
032016061012992990120008795800000
032016061012992990130002109800000
032016061012992990140001456200000
032016061012992990150001258100000
032016061012992990230000202300000
032016061012992990240000135400000
032016061012992990250000100600000
032016061012992990070012639300000
032016061012992990080012060600000
032016061012992990090011317100000
032016061012992990010024843200001
032016061012992990020023889000001
032016061012992990030023500100001
032016061012992990040020379300001
032016061012992990050019138100000
032016061012992990060018659100000
032016061012992990200000382500000
032016061012992990210000211800000
032016061012992990220000231900000
032016061012992990160000516600000
032016061012992990170000307100000
032016061012992990180000216800000
032016061012992990190000197600000
032016061014194190100011893100000
032016061014194190110010533600000
032016061014194190120009839200000
032016061014194190200000172900000
032016061014194190210000115900000
032016061014194190220000100200000
032016061014194190130002533600000
032016061014194190140001670300000
032016061014194190150001548600000
032016061014194190260000259000000
032016061014194190070020067800000
032016061014194190080018599600000
032016061014194190090017631700000
032016061014194190040029344900001
032016061014194190050028622100000
032016061014194190060027973400000
032016061014194190010034459500001
032016061014194190020033201300001
032016061014194190030032086700001
032016061014194190230000365000000
032016061014194190240000186900000
032016061014194190250000183900000
032016061014194190160000564400000
032016061014194190170000412200000
032016061014194190180000271800000
032016061014194190190000241400000
032016061022292290100001450900000
032016061022292290110001255400000
032016061022292290120001178300000
032016061022292290130000125900000
032016061022292290140000102200000
032016061022292290150000090900000
032016061022292290220000076500000
032016061022292290260000036500000
032016061022292290160000214200000
032016061022292290170000122000000
032016061022292290180000107600000
032016061022292290210000050000000
032016061022292290070001967800000
032016061022292290080001841200000
032016061022292290090001734200000
032016061022292290010004222500001
032016061022292290020004106800001
032016061022292290030004036200001
032016061022292290040003157800001
032016061022292290050002966400000
032016061022292290060002869700000
032016061022292290200000062300000
032016061022292290190000058200000
032016061022292290230000052100000
032016061022292290240000034900000
032016061022292290250000029800000
032016061024494490100000802400000
032016061024494490110000723300000
032016061024494490120000692900000
032016061024494490130000057700000
032016061024494490140000049500000
032016061024494490150000042600000
032016061024494490230000030100000
032016061024494490210000011000000
032016061024494490220000016600000
032016061024494490160000083800000
032016061024494490170000071800000
032016061024494490180000049300000
032016061024494490200000018100000
032016061024494490070001010100000
032016061024494490080001001100000
032016061024494490090000999100000
032016061024494490010003027000001
032016061024494490020003001900001
032016061024494490030002961000001
032016061024494490040002027100001
032016061024494490050001937400000
032016061024494490060001880100000
032016061024494490190000024700000
032016061024494490240000007300000
032016061025095090100007134300000
032016061025095090110006528100000
032016061025095090120005952600000
032016061025095090130000710300000
032016061025095090140000588800000
032016061025095090150000562600000
032016061025095090260000108400000
032016061025095090270000079000000
032016061025095090280000052200000
032016061025095090300000133700000
032016061025095090160000934300000
032016061025095090170000679600000
032016061025095090180000551800000
032016061025095090290000145300000
032016061025095090070009422000000
032016061025095090080009142600000
032016061025095090090008751100000
032016061025095090010017840900001
032016061025095090020017260100001
032016061025095090030017158700001
032016061025095090040012641100001
032016061025095090050012050800000
032016061025095090060011555100000
032016061025095090220000245300000
032016061025095090230000155300000
032016061025095090240000103100000
032016061025095090190000265800000
032016061025095090200000179300000
032016061025095090210000129900000
032016061025095090250000335500000
032016061033393390100006163500000
032016061033393390110005580100000
032016061033393390120005191300000
032016061033393390160000569700000
032016061033393390170000511800000
032016061033393390180000468200000
032016061033393390130001089500000
032016061033393390140000883600000
032016061033393390150000738900000
032016061033393390270000222400000
032016061033393390280000137800000
032016061033393390290000143600000
032016061033393390300000082400000
032016061033393390040013126600000
032016061033393390050012558200000
032016061033393390060012159900000
032016061033393390010020233400001
032016061033393390020020116200001
032016061033393390030020007800001
032016061033393390070014384000001
032016061033393390080014178900000
032016061033393390090013900200000
032016061033393390240000215900000
032016061033393390250000110900000
032016061033393390260000121800000
032016061033393390190000277800000
032016061033393390200000189500000
032016061033393390210000148000000
032016061033393390220000292600000
032016061033393390230000207400000
032016061040710710070004401800000
032016061040710710080004117900000
032016061040710710090000865100000
032016061040710710100000569800000
032016061040710710150000080700000
032016061040710710160000066100000
032016061040710710010008526100001
032016061040710710020007639300000
032016061040710710030012799400001
032016061040710710040012512600001
032016061040710710050007431600000
032016061040710710060006861500000
032016061040710710130000160400000
032016061040710710140000132600000
032016061040710710170000797300000
032016061040710710180000690200000
032016061040710710110000102300000
032016061040710710120000080400000
032016061040720720040000471900000
032016061040720720050000094800000
032016061040720720010001207500000
032016061040720720020001325500001
032016061040720720030000771700000
032016061040730730040000679500000
032016061040730730050000135700000
032016061040730730070000012900000
032016061040730730020001292400000
032016061040730730010001943800001
032016061040730730030001210200000
032016061040730730080000048200000
032016061040730730060000015200000
032016061053513510090001597800000
032016061053513510100001361400000
032016061053513510070004051100000
032016061053513510080003712500000
032016061053513510240000045400000
032016061053513510250000031300000
032016061053513510260000008000000
032016061053513510110000751100000
032016061053513510120000702200000
032016061053513510180000076000000
032016061053513510190000053700000
032016061053513510270000039900000
032016061053513510030008324000000
032016061053513510040007767300000
032016061053513510010014293700001
032016061053513510020013825700001
032016061053513510050009677500000
032016061053513510060009795300001
032016061053513510160000168000000
032016061053513510170000136400000
032016061053513510220000018900000
032016061053513510230000013000000
032016061053513510140000051900000
032016061053513510150000041600000
032016061053513510130000116000000
032016061053513510200000073300000
032016061053513510210000057600000
032016061053523520040000780500000
032016061053523520050000410600000
032016061053523520060000093900000
032016061053523520080000008500000
032016061053523520010001009500000
032016061053523520030001314600001
032016061053523520020001184600000
032016061053523520070000016200000
032016061053523520090000010100000
032016061053533530040000322600000
032016061053533530050000261900000
032016061053533530060000057300000
032016061053533530100000006600000
032016061053533530020000736600000
032016061053533530010001076900001
032016061053533530030000770900000
032016061053533530070000011000000
032016061053533530080000003600000
032016061053533530090000006600000
032016061053843840010005116800000
032016061053843840020004871500000
032016061053843840110003635600000
032016061053843840120003194200000
032016061053843840090000106600000
032016061053843840100000096500000
032016061053843840130000074600000
032016061053843840140000064600000
032016061053843840070001166300000
032016061053843840080000802200000
032016061053843840170000074900000
032016061053843840180000066800000
032016061053843840190006881500000
032016061053843840200006544100000
032016061053843840030014114700001
032016061053843840040013673800001
032016061053843840050008953300001
032016061053843840060008421600000
032016061053843840150000182000000
032016061053843840160000144700000
032016061053853850030000564500000
032016061053853850050000263300000
032016061053853850060000072300000
032016061053853850080000007600000
032016061053853850040000454700000
032016061053853850010001556300001
032016061053853850020000973900000
032016061053853850070000012800000
032016061053863860010000434000001
032016061053863860050000067000000
032016061053863860060000027000000
032016061053863860070000011900000
032016061053863860090000001700000
032016061053863860040000096900000
032016061053863860030000192600000
032016061053863860020000179400000
032016061053863860080000002600000
032016061053873870010000214900001
032016061053873870050000018600000
032016061053873870060000005100000
032016061053873870080000000900000
032016061053873870040000057800000
032016061053873870030000128200000
032016061053873870020000096600000
032016061053873870070000001400000
032016061063993990100003923400000
032016061063993990110003532400000
032016061063993990120003466600000
032016061063993990260000108200000
032016061063993990270000089800000
032016061063993990280000082200000
032016061063993990130000605800000
032016061063993990140000396100000
032016061063993990150000356600000
032016061063993990220000109400000
032016061063993990250000029900000
032016061063993990070005320100000
032016061063993990080005263800000
032016061063993990090004922300000
032016061063993990010013899400001
032016061063993990020013657900001
032016061063993990030013569200001
032016061063993990040008129500001
032016061063993990050007725600000
032016061063993990060007531400000
032016061063993990230000095000000
032016061063993990240000041000000
032016061063993990160000177900000
032016061063993990170000107700000
032016061063993990180000095200000
032016061063993990190000116300000
032016061063993990200000084800000
032016061063993990210000072400000
032016061070290290100002704300000
032016061070290290110002415700000
032016061070290290120002259700000
032016061070290290190000053900000
032016061070290290130000447300000
032016061070290290140000265700000
032016061070290290150000223300000
032016061070290290170000065000000
032016061070290290070003030900000
032016061070290290080002770800000
032016061070290290090002775300000
032016061070290290010008859300001
032016061070290290020008680900001
032016061070290290030008633700001
032016061070290290040006092700001
032016061070290290050005822600000
032016061070290290060005673400000
032016061070290290180000099400000
032016061070290290160000118400000
032016061071391390100002652100000
032016061071391390110002386900000
032016061071391390120002219600000
032016061071391390130000476200000
032016061071391390140000308600000
032016061071391390150000297000000
032016061071391390070003286400000
032016061071391390080003187400000
032016061071391390090002928500000
032016061071391390010011927800001
032016061071391390020011808200001
032016061071391390030011751300001
032016061071391390040008488500001
032016061071391390050008213300000
032016061071391390060007987800000
032016061071391390190000129700000
032016061071391390160000131000000
032016061071391390170000079800000
032016061071391390180000068900000
032016061071691690100000927600000
032016061071691690110000842300000
032016061071691690120000799600000
032016061071691690130000140800000
032016061071691690140000096400000
032016061071691690150000079300000
032016061071691690210000021500000
032016061071691690070001343000000
032016061071691690080001296100000
032016061071691690090001192400000
032016061071691690010005244700001
032016061071691690020005186800001
032016061071691690030005132800001
032016061071691690040003535800001
032016061071691690050003413100000
032016061071691690060003360100000
032016061071691690200000037000000
032016061071691690160000041300000
032016061071691690170000041300000
032016061071691690180000029300000
032016061071691690190000025300000
032016061071991990070001901300000
032016061071991990080001669300000
032016061071991990090001575200000
032016061071991990260000035600000
032016061071991990270000024200000
032016061071991990280000023700000
032016061071991990130000277500000
032016061071991990140000175100000
032016061071991990150000159200000
032016061071991990100002274400000
032016061071991990110002077700000
032016061071991990120001997500000
032016061071991990010005146400001
032016061071991990020005077600001
032016061071991990030004978100001
032016061071991990040003124400001
032016061071991990050002912900000
032016061071991990060002883100000
032016061071991990220000077400000
032016061071991990230000007500000
032016061071991990240000003900000
032016061071991990250000004900000
032016061071991990160000081600000
032016061071991990170000059000000
032016061071991990180000046800000
032016061071991990190000084500000
032016061071991990200000061400000
032016061071991990210000057700000
032016061074594590100003795400000
032016061074594590110003415800000
032016061074594590120003393400000
032016061074594590270000039100000
032016061074594590240000076200000
032016061074594590250000054100000
032016061074594590260000041900000
032016061074594590130000629900000
032016061074594590140000434800000
032016061074594590150000390300000
032016061074594590230000083900000
032016061074594590070004905300000
032016061074594590080004556800000
032016061074594590090004360600000
032016061074594590010015810800001
032016061074594590020015477200001
032016061074594590030015405100001
032016061074594590040010041400001
032016061074594590050009713900000
032016061074594590060009529500000
032016061074594590220000122600000
032016061074594590160000135900000
032016061074594590170000084100000
032016061074594590180000072200000
032016061074594590190000166800000
032016061074594590200000116300000
032016061074594590210000112600000
032016061080590590070001236300000
032016061080590590080001040800000
032016061080590590090001013000000
032016061080590590190000051100000
032016061080590590200000038200000
032016061080590590160000140900000
032016061080590590170000079400000
032016061080590590180000075800000
032016061080590590100001159500000
032016061080590590110001019700000
032016061080590590120001032500000
032016061080590590010004857000001
032016061080590590020004882200001
032016061080590590030004811500001
032016061080590590040002003100001
032016061080590590050001895200000
032016061080590590060001835200000
032016061080590590210000040000000
032016061080590590130000084700000
032016061080590590140000051000000
032016061080590590150000043500000
032016061080990990100002622500000
032016061080990990110002296100000
032016061080990990120002221000000
032016061080990990230000084500000
032016061080990990240000055700000
032016061080990990250000054600000
032016061080990990160000371500000
032016061080990990170000219700000
032016061080990990180000199300000
032016061080990990270000078900000
032016061080990990070003236800000
032016061080990990080003053900000
032016061080990990090002991100000
032016061080990990010008729200001
032016061080990990020008542300001
032016061080990990030008474700001
032016061080990990040004782000001
032016061080990990050004511500000
032016061080990990060004261700000
032016061080990990260000107600000
032016061080990990200000055100000
032016061080990990210000038200000
032016061080990990220000035700000
032016061080990990130000148400000
032016061080990990140000105200000
032016061080990990150000075500000
032016061080990990190000135400000
032016061082492490310000015900000
032016061082492490100002838000000
032016061082492490110002454500000
032016061082492490120002381200000
032016061082492490130000488400000
032016061082492490140000288400000
032016061082492490150000260400000
032016061082492490270000079200000
032016061082492490280000046900000
032016061082492490290000039800000
032016061082492490070004405900000
032016061082492490080004120100000
032016061082492490090003950600000
032016061082492490010011001900001
032016061082492490020010810200001
032016061082492490030010705500001
032016061082492490160000179100000
032016061082492490170000108600000
032016061082492490180000059600000
032016061082492490040007543300001
032016061082492490050007194200000
032016061082492490060006968800000
032016061082492490250000099400000
032016061082492490260000051100000
032016061082492490300000609900000
032016061082492490190000124100000
032016061082492490200000065100000
032016061082492490210000060800000
032016061082492490220000120600000
032016061082492490230000076400000
032016061082492490240000065500000
032016061083493490100001099000000
032016061083493490110000979300000
032016061083493490120000958600000
032016061083493490160000048700000
032016061083493490130000155100000
032016061083493490140000100000000
032016061083493490150000094600000
032016061083493490070001367700000
032016061083493490080001257500000
032016061083493490090001205200000
032016061083493490010004421100001
032016061083493490020004393100001
032016061083493490030004336100001
032016061083493490040002583000001
032016061083493490050002445000000
032016061083493490060002371600000
032016061083493490170000057900000
032016061083493490180000017200000
032016061083793790100002379800000
032016061083793790110002279100000
032016061083793790120002067700000
032016061083793790130000287700000
032016061083793790140000173600000
032016061083793790150000154300000
032016061083793790230000049000000
032016061083793790070002216300000
032016061083793790080002166400000
032016061083793790090001935800000
032016061083793790010009551300001
032016061083793790020009414900001
032016061083793790030009389100001
032016061083793790190000058400000
032016061083793790200000036200000
032016061083793790210000033800000
032016061083793790040004543000001
032016061083793790050004227400000
032016061083793790060004118900000
032016061083793790220000089900000
032016061083793790160000127300000
032016061083793790170000075000000
032016061083793790180000079200000
032016061084094090100001151400000
032016061084094090110000991600000
032016061084094090120000913000000
032016061084094090180000038300000
032016061084094090140000131700000
032016061084094090150000076200000
032016061084094090160000070500000
032016061084094090070001236900000
032016061084094090080001155400000
032016061084094090090001009100000
032016061084094090010003927400001
032016061084094090020003851900001
032016061084094090030003793400001
032016061084094090040002070800001
032016061084094090050001891600000
032016061084094090060001803200000
032016061084094090170000050800000
032016061084094090130000084900000
032016061084094090190000057000000
032016061084294290100000503800000
032016061084294290110000404300000
032016061084294290120000367100000
032016061084294290180000020500000
032016061084294290140000060200000
032016061084294290150000038400000
032016061084294290160000026400000
032016061084294290070000683900000
032016061084294290080000610300000
032016061084294290090000592800000
032016061084294290010002085200001
032016061084294290020002102400001
032016061084294290030002028700001
032016061084294290040001286600000
032016061084294290050001309700001
032016061084294290060001148300000
032016061084294290170000025900000
032016061084294290130000033700000
032016061084794790330000014100000
032016061084794790220000149600000
032016061084794790230000128900000
032016061084794790240000111100000
032016061084794790100004113500000
032016061084794790110003678200000
032016061084794790120003598700000
032016061084794790250000084500000
032016061084794790260000066900000
032016061084794790270000056000000
032016061084794790160000457500000
032016061084794790170000297100000
032016061084794790180000284700000
032016061084794790320000085200000
032016061084794790340000026200000
032016061084794790070004742300000
032016061084794790080004673600000
032016061084794790090004225800000
032016061084794790010012975600001
032016061084794790020012803100001
032016061084794790030012603900001
032016061084794790040007480800001
032016061084794790050007053600000
032016061084794790060006800300000
032016061084794790280000105600000
032016061084794790290000031300000
032016061084794790300000024900000
032016061084794790310000018800000
032016061084794790130000191700000
032016061084794790140000120800000
032016061084794790150000126500000
032016061084794790190000180500000
032016061084794790200000132400000
032016061084794790210000121200000
032016061084994990100001055400000
032016061084994990110000923700000
032016061084994990120000862800000
032016061084994990130000120900000
032016061084994990140000088200000
032016061084994990150000072900000
032016061084994990070001363600000
032016061084994990080001296400000
032016061084994990090001169900000
032016061084994990010004987800001
032016061084994990020005044600001
032016061084994990030004965100001
032016061084994990170000045000000
032016061084994990180000024300000
032016061084994990190000021800000
032016061084994990040002748400001
032016061084994990050002562000000
032016061084994990060002473300000
032016061084994990200000041800000
032016061084994990210000040700000
032016061084994990220000024300000
032016061084994990230000020000000
032016061084994990160000064800000
032016061090890890100042079400000
032016061090890890110028353400000
032016061090890890120025486800000
032016061090890890160023779100000
032016061090890890170021766500000
032016061090890890180019666700000
032016061090890890010058805400001
032016061090890890020054052000001
032016061090890890030048904900001
032016061090890890040055531600001
032016061090890890050046076800000
032016061090890890060034314000000
032016061090890890190009649400000
032016061090890890200006094700000
032016061090890890210005125600000
032016061090890890250000962500000
032016061090890890130034768400000
032016061090890890140033384800000
032016061090890890150032721300000
032016061090890890070043974900000
032016061090890890080040819400000
032016061090890890090039181000000
032016061090890890220001825400000
032016061090890890230001124000000
032016061090890890240000702200000
032016061091791790010007479200001
032016061091791790020006871300000
032016061091791790030006386000000
032016061091791790130001742800000
032016061091791790140001646300000
032016061091791790150001582200000
032016061091791790070004285900000
032016061091791790080003946500000
032016061091791790090003661700000
032016061091791790040008561500001
032016061091791790050007742300001
032016061091791790060007250100001
032016061091791790190000730700000
032016061091791790200000599100000
032016061091791790210000490100000
032016061091791790230000093300000
032016061091791790160002926800000
032016061091791790170002803800000
032016061091791790180002744600000
032016061091791790100003715400000
032016061091791790110003435800000
032016061091791790120003365800000
032016061091791790240000099100000
032016061091791790220000140500000
032016061092592590130004208900001
032016061092592590140003908500000
032016061092592590150003735600000
032016061092592590180001004800000
032016061092592590190000897500000
032016061092592590200000906500000
032016061092592590220002207400000
032016061092592590230002187100000
032016061092592590240002011700000
032016061092592590040004862900001
032016061092592590050004444900001
032016061092592590060004107900001
032016061092592590100000361900000
032016061092592590110000230000000
032016061092592590120000213700000
032016061092592590210000081900000
032016061092592590070002289300000
032016061092592590080002223700000
032016061092592590090002220800000
032016061092592590010002270700000
032016061092592590020002103100000
032016061092592590030002012700000
032016061092592590170000064100000
032016061092592590160000037400000
032016061094394390040005000500000
032016061094394390050004448100000
032016061094394390060004207600000
032016061094394390160002951800000
032016061094394390170002641000000
032016061094394390180002603900000
032016061094394390070006564100001
032016061094394390080006029400000
032016061094394390090005656000000
032016061094394390010007181400001
032016061094394390020006524100001
032016061094394390030006249700001
032016061094394390190000986600000
032016061094394390200000637000000
032016061094394390210000594900000
032016061094394390220000140500000
032016061094394390130004822200000
032016061094394390140004656100000
032016061094394390150004629100000
032016061094394390100005172800000
032016061094394390110004853100000
032016061094394390120004879400000
032016061094394390230000193800000
032016061100690690200000137900000
032016061100690690210000078800000
032016061100690690220000084500000
032016061100690690100002189500000
032016061100690690110001823800000
032016061100690690120001697900000
032016061100690690130000370700000
032016061100690690140000459400000
032016061100690690150000417700000
032016061100690690160000285600000
032016061100690690070004116700000
032016061100690690080004017000000
032016061100690690090003760700000
032016061100690690040014641500001
032016061100690690050014390700001
032016061100690690060014257200001
032016061100690690010013345100001
032016061100690690020013001700000
032016061100690690030012834800000
032016061100690690230000122900000
032016061100690690170000107300000
032016061100690690180000065400000
032016061100690690190000060200000
032016061100690690240000089000000
032016061101091090100002152500000
032016061101091090110001906900000
032016061101091090120001887400000
032016061101091090130000371600000
032016061101091090140000229800000
032016061101091090150000216400000
032016061101091090070002906200000
032016061101091090080002798100000
032016061101091090090002605000000
032016061101091090010009259000001
032016061101091090020009126500001
032016061101091090030009002600001
032016061101091090040007841000001
032016061101091090050007644900000
032016061101091090060007497200000
032016061101091090160000111200000
032016061101091090170000087400000
032016061111591590130003664500000
032016061111591590140002558600000
032016061111591590150002181200000
032016061111591590100004475600000
032016061111591590110003985600000
032016061111591590120003598400000
032016061111591590160001351500000
032016061111591590170001071900000
032016061111591590180000839400000
032016061111591590200000249300000
032016061111591590040013719800000
032016061111591590050012812800000
032016061111591590060011493000000
032016061111591590010024714400001
032016061111591590020024068500001
032016061111591590030024011800001
032016061111591590070013747700001
032016061111591590080012765400000
032016061111591590090012245900000
032016061111591590190000390200000
032016061111591590210000080600000
032016061111591590220000036500000
032016061111591590230000032800000
032016061111591590240000166600000
032016061111591590250000116700000
032016061112792790130000868800000
032016061112792790140000568000000
032016061112792790150000492800000
032016061112792790100001076300000
032016061112792790110000919900000
032016061112792790120000852600000
032016061112792790160000408200000
032016061112792790170000301500000
032016061112792790180000235200000
032016061112792790070002999000000
032016061112792790080002725800000
032016061112792790090002477600000
032016061112792790010008719900001
032016061112792790020008548200001
032016061112792790030008536100001
032016061112792790040004465800001
032016061112792790050004153600000
032016061112792790060004021600000
032016061112792790190000134400000
032016061113293290130000678600000
032016061113293290140000481700000
032016061113293290150000415300000
032016061113293290100001077300000
032016061113293290110000943200000
032016061113293290120000862600000
032016061113293290160000351500000
032016061113293290170000218600000
032016061113293290180000204200000
032016061113293290200000054400000
032016061113293290070002709700000
032016061113293290080002380800000
032016061113293290090002221200000
032016061113293290010008787700001
032016061113293290020008698700001
032016061113293290030008637100001
032016061113293290040004311200001
032016061113293290050003974400000
032016061113293290060003877000000
032016061113293290190000098300000
032016061113693690130002810800000
032016061113693690140001999200000
032016061113693690150001761700000
032016061113693690100003737400000
032016061113693690110003151500000
032016061113693690120003151800000
032016061113693690220000165100000
032016061113693690230000108200000
032016061113693690240000100700000
032016061113693690160001286400000
032016061113693690170000840100000
032016061113693690180000772900000
032016061113693690210000216600000
032016061113693690040012558700001
032016061113693690050011542400000
032016061113693690060011166800000
032016061113693690010019976300001
032016061113693690020019520300001
032016061113693690030019430200001
032016061113693690070011908600000
032016061113693690080010945200000
032016061113693690090010420000000
032016061113693690200000320300000
032016061113693690190000200900000
032016061122892890220000833300000
032016061122892890100051670400000
032016061122892890110045604800000
032016061122892890120044898400000
032016061122892890230000517100000
032016061122892890240000502600000
032016061122892890160008980100000
032016061122892890170005448300000
032016061122892890180004689900000
032016061122892890280000922700000
032016061122892890290000415200000
032016061122892890300000271300000
032016061122892890340000248500000
032016061122892890040071537900000
032016061122892890050065519600000
032016061122892890060060127900000
032016061122892890010131954100001
032016061122892890020129652400001
032016061122892890030127186200001
032016061122892890070072090100001
032016061122892890080066547700000
032016061122892890090061700100000
032016061122892890250001402900000
032016061122892890260000975100000
032016061122892890270000528200000
032016061122892890310000220300000
032016061122892890320000103300000
032016061122892890330000087100000
032016061122892890130004178900000
032016061122892890140002000600000
032016061122892890150002106900000
032016061122892890190002678100000
032016061122892890200002037300000
032016061122892890210001730200000
032016061133193190070001796700000
032016061133193190080001595500000
032016061133193190090001394500000
032016061133193190210004566500000
032016061133193190220003088600000
032016061133193190230002735500000
032016061133193190240003208200000
032016061133193190200000202600000
032016061133193190100000653500000
032016061133193190110000370200000
032016061133193190120000335100000
032016061133193190250008831000001
032016061133193190260007253900000
032016061133193190270006273400000
032016061133193190040005761900000
032016061133193190050005474500000
032016061133193190060005222000000
032016061133193190140000246500000
032016061133193190150000142200000
032016061133193190160000095100000
032016061133193190170000103700000
032016061133193190180000078900000
032016061133193190190000055600000
032016061133193190010010533600001
032016061133193190020010446000001
032016061133193190030010274200001
032016061133193190130000127300000
032016061140190190160000789600000
032016061140190190070002981200000
032016061140190190080002765500000
032016061140190190090002710000000
032016061140190190130001894800000
032016061140190190140001697500000
032016061140190190150001639100000
032016061140190190210000022400000
032016061140190190170000312100000
032016061140190190180000198100000
032016061140190190190000183800000
032016061140190190220000058100000
032016061140190190010004582100001
032016061140190190020004261600001
032016061140190190030004063000001
032016061140190190040003431900001
032016061140190190050003333400000
032016061140190190060003283000000
032016061140190190100002654300000
032016061140190190110002486500000
032016061140190190120002404700000
032016061140190190200000133500000
032016061140190190230000050300000
032016061142092090160001082600000
032016061142092090170000997100000
032016061142092090180000901500000
032016061142092090010008972200001
032016061142092090020008551100001
032016061142092090030008519100000
032016061142092090070007387800000
032016061142092090080007220400000
032016061142092090090006957700000
032016061142092090190000500900000
032016061142092090200000319100000
032016061142092090210000338000000
032016061142092090240000090300000
032016061142092090230000041500000
032016061142092090040009040600001
032016061142092090050008593400001
032016061142092090060008172000000
032016061142092090130003394500000
032016061142092090140003313800000
032016061142092090150003265700000
032016061142092090100005143500000
032016061142092090110004820000000
032016061142092090120004772000000
032016061142092090220000207100000
032016061144894890160001788000000
032016061144894890170001630300000
032016061144894890180001511700000
032016061144894890010018464700001
032016061144894890020017995700001
032016061144894890030017626500001
032016061144894890220000204000000
032016061144894890230000162400000
032016061144894890240000146800000
032016061144894890070007522100000
032016061144894890080007105800000
032016061144894890090006949200000
032016061144894890190000771800000
032016061144894890200000581600000
032016061144894890210000537100000
032016061144894890280000114300000
032016061144894890040015611000001
032016061144894890050014497900000
032016061144894890060014215800000
032016061144894890130007666500000
032016061144894890140007480600000
032016061144894890150007375000000
032016061144894890100008578000000
032016061144894890110008152400000
032016061144894890120008037900000
032016061144894890250000193800000
032016061144894890260000134200000
032016061144894890270000096900000
032016061144894890290000101200000
032016061153093090010009526000000
032016061153093090020008476500000
032016061153093090030008536900000
032016061153093090240000274800000
032016061153093090250000228800000
032016061153093090260000213200000
032016061153093090040001422600000
032016061153093090050001280100000
032016061153093090060000942300000
032016061153093090170000131500000
032016061153093090270009481200000
032016061153093090280009036700000
032016061153093090290008160900000
032016061153093090070032170100001
032016061153093090080031179300001
032016061153093090090031040200001
032016061153093090130014659400001
032016061153093090140014114400000
032016061153093090150013510300000
032016061153093090210000302500000
032016061153093090220000152900000
032016061153093090230000131900000
032016061153093090100000074800000
032016061153093090110000023300000
032016061153093090120000059700000
032016061153093090180000414000000
032016061153093090190000245400000
032016061153093090200000203600000
032016061153093090160000586000000
032016061162692690100002078100000
032016061162692690110001798000000
032016061162692690120001761100000
032016061162692690170000082800000
032016061162692690180000058000000
032016061162692690190000055100000
032016061162692690240000025300000
032016061162692690130000263900000
032016061162692690140000152600000
032016061162692690150000145900000
032016061162692690200000070500000
032016061162692690070002641500000
032016061162692690080002492400000
032016061162692690090002282000000
032016061162692690010007327100001
032016061162692690020007161300001
032016061162692690030007145500001
032016061162692690040004366900001
032016061162692690050004068900000
032016061162692690060003920600000
032016061162692690210000072900000
032016061162692690160000098200000
032016061162692690220000060600000
032016061162692690230000048300000
032016061170390390200000840100000
032016061170390390100011480400000
032016061170390390110010012500000
032016061170390390120009646700000
032016061170390390140001986400000
032016061170390390150001317000000
032016061170390390160001225700000
032016061170390390210000234400000
032016061170390390250000079900000
032016061170390390040019034600001
032016061170390390050018216100000
032016061170390390060017487900000
032016061170390390010032025300001
032016061170390390020031309900001
032016061170390390030031021700001
032016061170390390070018698900000
032016061170390390080017703400000
032016061170390390090017367600000
032016061170390390220000251000000
032016061170390390230000169100000
032016061170390390240000094400000
032016061170390390130000443000000
032016061170390390170000329400000
032016061170390390180000259500000
032016061170390390190000224500000
032016061171291290130000288800000
032016061171291290140000228300000
032016061171291290150000226300000
032016061171291290100003418300000
032016061171291290110003181400000
032016061171291290120002982300000
032016061171291290270000069800000
032016061171291290160000548700000
032016061171291290170000361900000
032016061171291290180000339400000
032016061171291290230000092600000
032016061171291290040007092500001
032016061171291290050006834500000
032016061171291290060006533300000
032016061171291290010010510800001
032016061171291290020010324700001
032016061171291290030010277500001
032016061171291290070006689600000
032016061171291290080006363800000
032016061171291290090006116600000
032016061171291290240000108300000
032016061171291290250000053800000
032016061171291290260000086200000
032016061171291290190000115400000
032016061171291290200000108300000
032016061171291290210000084600000
032016061171291290220000067500000
032016061174694690280000402500000
032016061174694690100016349500000
032016061174694690110014852500000
032016061174694690120014668800000
032016061174694690340000235700000
032016061174694690130003010700000
032016061174694690140002596700000
032016061174694690150002072100000
032016061174694690300000253100000
032016061174694690310000157900000
032016061174694690320000120200000
032016061174694690330000101700000
032016061174694690040038870100001
032016061174694690050037716000000
032016061174694690060036453800000
032016061174694690010047339400001
032016061174694690020046681900001
032016061174694690030046182900001
032016061174694690070028653100000
032016061174694690080027028500000
032016061174694690090026133100000
032016061174694690220000512800000
032016061174694690230000349700000
032016061174694690240000229800000
032016061174694690290000093800000
032016061174694690190000929200000
032016061174694690200000723200000
032016061174694690210000624300000
032016061174694690160000507900000
032016061174694690170000372300000
032016061174694690180000278700000
032016061174694690250000533400000
032016061174694690260000395000000
032016061174694690270000334600000
032016061185195190010000354800000
032016061185195190020000288500000
032016061185195190080000049700000
032016061185195190110000304500000
032016061185195190120000274100000
032016061185195190030001561300001
032016061185195190040001412700001
032016061185195190050000652800000
032016061185195190060000592100000
032016061185195190090000011500000
032016061185195190100000012000000
032016061185195190070000017300000
032016061185195190130000017600000
032016061185195190140000011300000
032016061195295290050000320700000
032016061195295290060000286100000
032016061195295290070000058800000
032016061195295290010001323100001
032016061195295290020001241600001
032016061195295290030000656800000
032016061195295290040000602100000
032016061195295290100000007700000
032016061195295290110000004500000
032016061195295290120000232100000
032016061195295290130000207100000
032016061195295290080000023200000
032016061195295290090000015600000
