062011051053520027360000015900000
062011051053590006760000256800000
062011051053590029120000545900003
062011051053530012560001220900009
062011051053840007820001737700000
062011051053890024600000075500000
062011051059990038820000138200000
062011051053520017980000059000000
062011051053520029120000545900003
062011051053530008390000249400002
062011051053530037840000031400000
062011051053590007290000163000000
062011051053590017980000059000000
062011051053840034290001852800000
062011051053850024590000065100000
062011051053860027740000051400000
062011051053890029870000087600000
062011051059990011900000684700000
062011051053840031860007692000007
062011051053850037800000032300000
062011051059990029120000545900003
062011051053510011900000684700000
062011051053590008390000249400002
062011051053860012560000156400002
062011051053890011500000235400000
062011051053890012560017120500032
062011051059990031860018664400043
062011051053840007290000531500000
062011051053840026650000774300000
062011051053850027740000098400000
062011051053870024140000010400000
062011051053890026650000902700000
062011051059990031200000468700003
062011051059990034290001852800000
062011051053530024600000035300000
062011051053840011500000235400000
062011051053840030760009693900009
062011051059990011500000235400000
062011051059990030530000006000000
062011051053590013330000768500000
062011051053590031200000468700003
062011051053840011550000046100000
062011051053840037800000337600000
062011051053890030760011406000022
062011051059990006760000256800000
062011051053510013330000768500000
062011051053510027770005792500005
062011051053510030770014649800014
062011051053510031860007834800007
062011051053530027790000121600000
062011051053530030770000613400005
062011051059990011400000123100000
062011051059990011550000046100000
062011051059990013330000768500000
062011051059990014240000041600000
062011051053590006640000220600001
062011051053840012560014948200015
062011051053890011550000046100000
062011051053890031860009652400028
062011051059990024600000741300000
062011051059990028980000232900000
062011051053520012560001341800009
062011051053530031200000468700003
062011051053530031860000504600004
062011051053590024600000665800000
062011051053590026650001096500000
062011051053590028980000117500000
062011051053590036260000113300000
062011051053590038820000138200000
062011051053850012560001776100009
062011051053850031860001096700006
062011051053860026650000043100000
062011051053870003580000239800006
062011051053890034290001852800000
062011051053890037800000369900000
062011051059990017190000008000000
062011051059990030760027628400047
062011051059990037800000903500000
062011051053510007290000163000000
062011051053510014240000041600000
062011051053510036260000113300000
062011051053520031860000672600004
062011051053590012560006053900021
062011051053590031860009012000015
062011051053590035340000519100000
062011051053840028970000115400000
062011051053850026650000085300000
062011051053870030760000119400002
062011051053890007290000531500000
062011051053890007820001737700000
062011051053890030530000006000000
062011051059990006640000220600001
062011051059990027360000015900000
062011051059990029870000087600000
062011051053510028980000117500000
062011051053510038820000138200000
062011051053530026650000067500000
062011051053590037840000533600000
062011051053850030760001264500006
062011051053860030760000328200005
062011051053870017190000008000000
062011051059990008390000249400002
062011051059990036260000113300000
062011051053510024600000552200000
062011051053510037840000462300000
062011051053520030550000179100000
062011051053590011430000054000000
062011051053590011900000684700000
062011051053590027360000015900000
062011051053840011400000069100000
062011051053890027740000149800000
062011051053510035340000519100000
062011051053520006640000220600001
062011051053520024600000078300000
062011051053590014240000041600000
062011051053590030760016222400025
062011051053840029870000087600000
062011051053860031860000645000010
062011051053870030530000006000000
062011051053890011400000069100000
062011051053890017190000008000000
062011051053890028970000115400000
062011051059990007820001737700000
062011051059990012560023174400053
062011051059990017980000059000000
062011051059990027740006243000005
062011051059990035340000519100000
062011051053510006760000256800000
062011051053510011430000054000000
062011051053510012560003491200003
062011051053510026650001029000000
062011051053520030770000959200006
062011051053520037840000039900000
062011051053590027740006093200005
062011051053870031860000218700005
062011051059990007290000694500000
062011051059990026650001999200000
