021977061010490000840000077100000
021977061011190000400000025400000
021977061011190000840000240400000
021977061011490000840000141300000
021977061011890000320000310400000
021977061011890000330000423500000
021977061011890000840000170400000
021977061014190000400000000000000
021977061025090000240000601400000
021977061025090000790001232800000
021977061029990000090005726000000
021977061029990000240000601400000
021977061029990000310000479100000
021977061029990000780016140900005
021977061029990000790001232800000
021977061033390000920001082100000
021977061039990000320000343800000
021977061039990000620006029700001
021977061039990000870017784300004
021977061049990000330000077500000
021977061049990000870016353600004
021977061063990000870010271900003
021977061071690000840000202400000
021977061074590000090004409100001
021977061079990000080000974100000
021977061080590000090000712300000
021977061080590000320000487200000
021977061080590000800000177700000
021977061080590000870007165000003
021977061080990000090002870700000
021977061080990000800000587000000
021977061083490000620000374400000
021977061083790000330000087200000
021977061084090000330000036100000
021977061084290000500000453000000
021977061084290000780001075700000
021977061084290000870003532400003
021977061084790000320000679200000
021977061084790000780007630800002
021977061089990000010000093800000
021977061089990000330001067700000
021977061091790000170000795300000
021977061091790000400000138900000
021977061092590000820002268000000
021977061094390000660003714600001
021977061111590000870022199600006
021977061112790000620000294900000
021977061113290000090002150200001
021977061113690000770000599900000
021977061119990000840000942500000
021977061122890000350001372100000
021977061129990000400000326400000
021977061129990000780073138000011
021977061011190000060000363500000
021977061011890000090002457300000
021977061012190000840000105900000
021977061012390000330000127800000
021977061014190000330001900800000
021977061014190000870022325200005
021977061019990000080000469000000
021977061019990000870100675900026
021977061022290000870005583700002
021977061033390000800004080700000
021977061039990000040000278100000
021977061039990000800004080700000
021977061059990000610001811000000
021977061063990000040000255100000
021977061063990000790000891400000
021977061069990000870010271900003
021977061079990000350000792800000
021977061080990000080000136600000
021977061084790000620001579800000
021977061089990000090016140900002
021977061089990000580000118300000
021977061091790000490000641100000
021977061091790000870004523100001
021977061100690000780010779700003
021977061109990000320000314100000
021977061109990000800000980700000
021977061111590000140000802700000
021977061111590000330000270500000
021977061111590000400000173800000
021977061111590000620001677700000
021977061113690000090004010400001
021977061113690000320000695600000
021977061122890000200000230100000
021977061129990000120002836300000
021977061129990000360000734500000
021977061142090000690010249400003
021977061149990000470000262200000
021977061159990000120000588600000
021977061170390000040000110100000
021977061171290000400000102400000
021977061171290000620001402900000
021977061179990000090011076100001
021977061179990000620017060600002
021977061189990000870000880800001
021977061199990000780000516800000
021977061999990000280014395400001
021977061999990000420000411800000
021977061999990000450000234700000
021977061999990000660051464700011
021977061999990000680000080500000
021977061999990000790002124200000
021977061010490000080000077500000
021977061010490000800000578900000
021977061011190000620004180900001
021977061011190000910001339600000
021977061012390000320000307100000
021977061012390000360000080700000
021977061012990000870011539000003
021977061014190000800003332900000
021977061019990000350000197900000
021977061019990000800013855100001
021977061024490000550000615800000
021977061025090000800004673700001
021977061025090000870013857500003
021977061049990000200000061300000
021977061059990000640001771700000
021977061071390000330000120300000
021977061071690000330000024200000
021977061079990000320000164600000
021977061080990000120000086600000
021977061084090000870005027000002
021977061084290000620000119600000
021977061089990000360000443400000
021977061090890000230001204000000
021977061090890000870035585700005
021977061094390000400000221900000
021977061094390000880001419900000
021977061099990000710000441000000
021977061099990000730087036200015
021977061109990000780016262400004
021977061111590000650000319600000
021977061112790000330000054400000
021977061113290000800000235800000
021977061113690000040000089100000
021977061119990000080000211600000
021977061119990000140002277100000
021977061119990000780017512700003
021977061122890000120002836300000
021977061129990000620024703800004
021977061129990000670000481400000
021977061133190000570000845100000
021977061139990000050002190000000
021977061139990000330000663100000
021977061140190000120000332400000
021977061142090000070000181800000
021977061142090000410002704800000
021977061142090000630001204200000
021977061142090000800000484100000
021977061144890000630002996800000
021977061149990000450000234700000
021977061153090000330000154400000
021977061162690000430000239900000
021977061179990000330001047000000
021977061185190000780000788600000
021977061010490000090001488600000
021977061011490000460000168400000
021977061012390000780012370800004
021977061012990000130000022600000
021977061014190000780025133600005
021977061022290000090000722300000
021977061024490000680000020900000
021977061025090000160003718300001
021977061025090000200000072900000
021977061040790000090002847200000
021977061040790000840000106700000
021977061040790000870016353600004
021977061049990000040000066900000
021977061053590000800000713000000
021977061053590000870018725400005
021977061063990000330000163300000
021977061070290000780005633200002
021977061071390000780007971500002
021977061071690000120000067400000
021977061083790000800001193000000
021977061084990000120000151600000
021977061091790000820002474600000
021977061092590000170001006700000
021977061101090000780005482700001
021977061109990000080000351200000
021977061111590000080000211600000
021977061111590000320001267400000
021977061112790000090003637700001
021977061119990000320002301400000
021977061119990000330000737300000
021977061119990000650000319600000
021977061122890000090024207700003
021977061122890000400000326400000
021977061139990000320001045000000
021977061139990000870007503600003
021977061149990000870012960000004
021977061153090000040000260600000
021977061153090000780015587100004
021977061153090000800002262700000
021977061159990000360000166800000
021977061159990000840000229100000
021977061169990000430000239900000
021977061170390000360000176000000
021977061174690000800005865400001
021977061185190000800000276300000
021977061189990000020000109900000
021977061999990000020000109900000
021977061999990000130000022600000
021977061999990000150000000000000
021977061999990000800081658200006
021977061010490000620001192600000
021977061011190000350000197900000
021977061011190000780015089600004
021977061011490000780012236100003
021977061011490000870011748200003
021977061014190000590000174900000
021977061019990000110000843900000
021977061019990000120001391000000
021977061019990000190000148000000
021977061022290000320000289500000
021977061022290000620000739800000
021977061029990000320000910000000
021977061029990000800006385400001
021977061029990000840000184200000
021977061033390000090007793200001
021977061040790000800001624400000
021977061053590000610000746700000
021977061069990000360000179700000
021977061070290000180001187900000
021977061074590000360000142700000
021977061079990000200000041900000
021977061079990000340000012900000
021977061080590000780001498400000
021977061080990000330000317200000
021977061082490000620001246000000
021977061083490000030000162300000
021977061083790000870010886200003
021977061084990000620000278300000
021977061084990000800000259700000
021977061089990000060000061600000
021977061090890000040001001700000
021977061091790000280000617800000
021977061099990000040001245300000
021977061099990000230001204000000
021977061100690000320000314100000
021977061111590000120000472800000
021977061113690000140000842300000
021977061129990000200000230100000
021977061129990000220000520600000
021977061140190000470000262200000
021977061149990000480000049200000
021977061149990000630004591600000
021977061153090000380000231300000
021977061162690000320000359300000
021977061169990000540000568200000
021977061170390000840000524000000
021977061171290000090001459600000
021977061171290000530002983400001
021977061174690000440000273700000
021977061174690000780039521100007
021977061174690000810002741100000
021977061179990000350000138900000
021977061179990000780067842900013
021977061012390000600000083300000
021977061012990000060000112400000
021977061014190000150000000000000
021977061014190000910000266300000
021977061019990000130000022600000
021977061019990000360000366200000
021977061019990000590000755800000
021977061022290000800001373000000
021977061025090000040000171300000
021977061025090000080000160200000
021977061033390000120000594700000
021977061033390000620006029700001
021977061039990000360000261500000
021977061040790000200000061300000
021977061049990000780007355400002
021977061053890000700000776800000
021977061059990000420000411800000
021977061063990000780006761100001
021977061069990000040000255100000
021977061070290000620001362300000
021977061071390000800001358200000
021977061079990000620006457500000
021977061082490000090003328500001
021977061084790000360000281300000
021977061084990000090003067700001
021977061089990000500000453000000
021977061089990000870070930300025
021977061090890000710000411200000
021977061092590000880001758200000
021977061094390000170001521600000
021977061094390000280001086400000
021977061139990000040001319500000
021977061139990000620000631900000
021977061140190000300000275600000
021977061142090000250001662700000
021977061142090000300001816700000
021977061142090000570000001000000
021977061144890000040000282500000
021977061144890000690017199100004
021977061149990000570000001000000
021977061153090000360000166800000
021977061162690000780003618600001
021977061169990000330000100600000
021977061170390000870019710000004
021977061171290000120000260000000
021977061171290000350000138900000
021977061174690000400000355100000
021977061179990000120001251300000
021977061179990000870061592000011
021977061999990000080006733600000
021977061999990000120010191600000
021977061999990000230001204000000
021977061999990000460000168400000
021977061011190000510000647200000
021977061011190000590000149800000
021977061011490000620005966800001
021977061011890000780011174600003
021977061012390000910000529100000
021977061012990000320000394200000
021977061012990000800002214400000
021977061014190000120000406400000
021977061014190000620009191400002
021977061014190000840000173600000
021977061019990000150000000000000
021977061019990000510000647200000
021977061019990000600000083300000
021977061019990000620033025000005
021977061019990000680000059600000
021977061022290000780003369300001
021977061024490000620000244200000
021977061025090000330000865600000
021977061033390000040000278100000
021977061053890000090002782800000
021977061053890000420000411800000
021977061063990000090003659800001
021977061069990000330000163300000
021977061071390000080000308500000
021977061071390000120000081100000
021977061071690000800000194700000
021977061071690000870007055000003
021977061079990000780026548600008
021977061080990000320000301200000
021977061084090000360000091300000
021977061084090000580000059900000
021977061084090000800000533000000
021977061084790000010000054200000
021977061084790000040000122800000
021977061089990000320003079000000
021977061090890000270000915700000
021977061090890000280011279400001
021977061090890000400001355900000
021977061092590000730002780900001
021977061099990000660051464700011
021977061100690000090002188000000
021977061100690000120000183500000
021977061100690000800000557800000
021977061109990000040000327200000
021977061129990000330001332800000
021977061133190000050002190000000
021977061139990000400000136100000
021977061140190000690002170800001
021977061149990000400000830800000
021977061159990000040000260600000
021977061162690000870005691700002
021977061169990000620000384600000
021977061170390000090003575500000
021977061011190000320000521600000
021977061011890000120000214600000
021977061011890000620003387900000
021977061012990000330000510600000
021977061012990000780018509500004
021977061014190000040000173600000
021977061019990000320003299700000
021977061024490000780001642300001
021977061029990000330000961100000
021977061033390000320000343800000
021977061033390000870017784300004
021977061039990000080000824500000
021977061040790000890000294600000
021977061049990000800001624400000
021977061053590000360000081700000
021977061053890000870014023700005
021977061069990000080000358200000
021977061069990000790000891400000
021977061070290000090001600500000
021977061070290000330000169800000
021977061071990000620000552100000
021977061074590000620002194200000
021977061079990000840000202400000
021977061079990000870037872700012
021977061083790000090001525900000
021977061083790000620000552200000
021977061084290000800000291100000
021977061084790000210000150400000
021977061089990000120000702700000
021977061090890000820046936100007
021977061094390000710000029800000
021977061099990000830000925600000
021977061099990000880017279100002
021977061100690000360000075000000
021977061109990000870026442600008
021977061112790000140000390900000
021977061112790000780002080800000
021977061119990000090014823900004
021977061119990000120000472800000
021977061119990000360000164000000
021977061119990000620003418800000
021977061129990000350001372100000
021977061133190000390001060600000
021977061133190000870007503600003
021977061140190000870003833800002
021977061149990000040000530100000
021977061153090000090003016700000
021977061169990000090001992500001
021977061169990000360000063900000
021977061169990000780003618600001
021977061169990000870005691700002
021977061179990000080001830300000
021977061195290000870001072300001
021977061011190000800004023200001
021977061012190000800000481900000
021977061012390000110000843900000
021977061019990000090020703400000
021977061022290000330000095500000
021977061025090000780011129300003
021977061029990000040000171300000
021977061029990000080000193400000
021977061049990000840000106700000
021977061053590000640001771700000
021977061053590000780003961600001
021977061053890000610001064300000
021977061059990000700000965000000
021977061059990000840000115400000
021977061063990000750000378600000
021977061063990000800000692300000
021977061071390000620001556200000
021977061071690000780002835000001
021977061071990000870003932100002
021977061080590000580000058400000
021977061080990000060000061600000
021977061080990000620000476500000
021977061082490000800000921200000
021977061083790000320000530200000
021977061084790000400000096400000
021977061084990000320000511000000
021977061090890000120000873800000
021977061090890000660036479800006
021977061092590000870004519100001
021977061099990000800004302900000
021977061100690000870014869700004
021977061101090000090001951600000
021977061109990000360000194300000
021977061109990000840000448100000
021977061112790000870008705900004
021977061113690000620001183500000
021977061122890000320003411300000
021977061129990000320003411300000
021977061133190000800000662900000
021977061140190000250000343900000
021977061140190000710000018000000
021977061142090000260001550500000
021977061149990000760026789700007
021977061159990000780015587100004
021977061162690000800000318800000
021977061170390000370000078800000
021977061171290000870008411500002
021977061179990000360000469700000
021977061179990000720000234500000
021977061185190000020000109900000
021977061189990000780000788600000
021977061189990000840000075200000
021977061999990000400004120800000
021977061010490000320000555300000
021977061010490000330000077000000
021977061011490000330000405600000
021977061011890000800001256700000
021977061011890000870015249800004
021977061012190000090000941500000
021977061012390000090002642200000
021977061012990000360000144400000
021977061014190000090004286000000
021977061019990000040000471000000
021977061019990000400000171700000
021977061025090000320000620500000
021977061033390000400000151200000
021977061033390000780018285000004
021977061049990000890000294600000
021977061053590000840000115400000
021977061053890000360000409900000
021977061059990000780009056700003
021977061063990000620001397100000
021977061070290000350000493900000
021977061071390000090003131000000
021977061071990000800000218200000
021977061074590000080000665600000
021977061074590000870010189100002
021977061079990000090011449800001
021977061079990000380000121900000
021977061083790000780004416800001
021977061084090000090000740700000
021977061089990000030000162300000
021977061090890000080000889500000
021977061090890000170007509700001
021977061091790000880001333100000
021977061092590000280001411800000
021977061092590000660004542800002
021977061092590000830000135600000
021977061094390000820004134500001
021977061100690000040000327200000
021977061101090000360000119300000
021977061101090000620000679700000
021977061112790000770000208000000
021977061112790000800000946600000
021977061113290000320000338400000
021977061113290000770000245800000
021977061119990000870060672600020
021977061122890000670000481400000
021977061122890000800021144000003
021977061122890000840000434400000
021977061129990000040001637200000
021977061133190000400000136100000
021977061133190000780005472000002
021977061133190000860001807900000
021977061140190000450000234700000
021977061144890000070000461700000
021977061010490000360000071800000
021977061012190000120000221400000
021977061012190000870008949400003
021977061012390000200000130800000
021977061012390000800000647600000
021977061019990000460000168400000
021977061024490000080000033200000
021977061024490000090001518000000
021977061024490000840000184200000
021977061029990000620003228600000
021977061029990000870024123200007
021977061040790000780007355400002
021977061049990000090002847200000
021977061053590000740000238400000
021977061053890000740000272600000
021977061059990000330000147600000
021977061069990000320000593000000
021977061069990000800000692300000
021977061071390000870010236200003
021977061071690000320000164600000
021977061071690000360000050900000
021977061071990000350000298900000
021977061080590000620000240600000
021977061082490000320000437100000
021977061083490000870005156800002
021977061084090000780001821000001
021977061084790000090002052100000
021977061084790000330000257500000
021977061090890000560000920300000
021977061090890000830000790000000
021977061091790000730006074700002
021977061092590000040000129500000
021977061094390000870006901400002
021977061099990000270000915700000
021977061101090000040000000000000
021977061109990000120000183500000
021977061113690000800001726500000
021977061122890000040001637200000
021977061133190000900002448900000
021977061139990000800000662900000
021977061140190000480000049200000
021977061142090000040000247600000
021977061142090000400000383000000
021977061142090000760009301000003
021977061144890000400000447800000
021977061162690000330000100600000
021977061169990000320000359300000
021977061169990000800000318800000
021977061174690000620010613300001
021977061179990000800008670500001
021977061999990000240000601400000
021977061999990000490000641100000
021977061999990000520000225200000
021977061011490000120000092300000
021977061011890000150000000000000
021977061011890000590000106600000
021977061012190000330000098800000
021977061012190000620001021700000
021977061012390000680000059600000
021977061012390000870010369700003
021977061012990000190000148000000
021977061019990000780105903700027
021977061025090000620002244600000
021977061029990000200000072900000
021977061029990000360000192900000
021977061029990000550000615800000
021977061039990000090007793200001
021977061039990000400000151200000
021977061040790000850001191400000
021977061053590000090001594400000
021977061053590000700000188200000
021977061059990000090004377200000
021977061059990000740000511000000
021977061059990000800002134500000
021977061059990000870032749100010
021977061069990000780006761100001
021977061071690000380000121900000
021977061074590000330000132000000
021977061079990000120000148500000
021977061082490000870013749500004
021977061083490000330000082900000
021977061084290000330000015600000
021977061084790000870010414500003
021977061084990000870006062600002
021977061090890000730072188000011
021977061091790000560001090600000
021977061091790000660006727500002
021977061091790000800000167300000
021977061099990000560002010900000
021977061101090000870011572900004
021977061111590000780007859800002
021977061112790000400000060200000
021977061113290000620000262700000
021977061113290000870009944000004
021977061129990000800021144000003
021977061133190000320001045000000
021977061133190000330000663100000
021977061140190000630000390600000
021977061142090000290003120800001
021977061144890000120000622400000
021977061149990000260001550500000
021977061149990000330000461700000
021977061153090000870018163300004
021977061159990000330000154400000
021977061162690000620000384600000
021977061169990000040000198600000
021977061010490000780005072300002
021977061011190000090002042400000
021977061011490000400000146300000
021977061012390000120000213500000
021977061012390000620002984700000
021977061014190000080000219700000
021977061025090000310000479100000
021977061039990000120000594700000
021977061040790000040000066900000
021977061049990000620001404600000
021977061069990000090003659800001
021977061071690000200000041900000
021977061071990000330000052600000
021977061074590000780008395600002
021977061079990000800002196400000
021977061080590000040000036600000
021977061080990000040000155200000
021977061080990000780004438800001
021977061082490000780006476600001
021977061084790000800000637200000
021977061084990000780002622500001
021977061089990000210000150400000
021977061089990000380000113200000
021977061099990000280014395400001
021977061099990000400001716700000
021977061099990000820055813200008
021977061100690000620002193200000
021977061111590000040000183300000
021977061112790000360000049600000
021977061112790000840000285200000
021977061113290000840000288400000
021977061113690000780005464200001
021977061119990000770002719700000
021977061122890000620024703800004
021977061122890000780073138000011
021977061139990000390001060600000
021977061139990000900002448900000
021977061140190000360000021600000
021977061140190000760003424400001
021977061149990000070000643500000
021977061149990000250002610000000
021977061149990000360000021600000
021977061149990000710000018000000
021977061159990000320000916600000
021977061159990000800002262700000
021977061162690000040000198600000
021977061162690000120000193600000
021977061169990000120000193600000
021977061170390000080000402800000
021977061170390000120000447900000
021977061170390000320000816000000
021977061170390000340000072600000
021977061171290000320000551500000
021977061010490000120000089200000
021977061011490000090003361600000
021977061012190000320000260400000
021977061012190000780006317200002
021977061012990000090003483800000
021977061012990000840000704900000
021977061014190000320000652300000
021977061019990000330004624900000
021977061019990000840001613600000
021977061025090000090003485700000
021977061025090000360000153100000
021977061040790000330000077500000
021977061063990000320000593000000
021977061069990000750000378600000
021977061071690000340000012900000
021977061071990000090001281500000
021977061079990000330000498900000
021977061082490000120000464500000
021977061083490000010000039600000
021977061083490000800000308400000
021977061083790000840000092900000
021977061089990000040000314600000
021977061089990000620005077500000
021977061089990000840000281000000
021977061090890000360000639500000
021977061090890000800004135600000
021977061100690000080000351200000
021977061109990000090004139600000
021977061109990000330000222900000
021977061113690000330000177700000
021977061113690000840000168900000
021977061122890000330001332800000
021977061122890000360000734500000
021977061122890000870073769900011
021977061129990000090024207700003
021977061139990000780005472000002
021977061142090000330000105900000
021977061144890000300001507900000
021977061144890000330000276700000
021977061149990000300003600200000
021977061153090000620002984000000
021977061162690000360000063900000
021977061171290000380000087700000
021977061174690000080001427500000
021977061174690000120000543400000
021977061174690000720000234500000
021977061179990000340000072600000
021977061179990000370000263100000
021977061179990000400000457500000
021977061189990000800000276300000
021977061195290000620000096600000
021977061999990000330012260800000
021977061999990000550000615800000
021977061011190000870011292700002
021977061011490000320000298400000
021977061011490000360000069300000
021977061011490000800001319500000
021977061012190000040000297400000
021977061012990000120000153600000
021977061012990000590000324500000
021977061019990000200000130800000
021977061022290000360000039800000
021977061024490000800000338700000
021977061024490000870004682000002
021977061029990000160003718300001
021977061029990000680000020900000
021977061039990000780018285000004
021977061039990000920001082100000
021977061040790000620001404600000
021977061049990000850001191400000
021977061053890000780005095100002
021977061053890000800001421500000
021977061059990000360000491600000
021977061063990000080000358200000
021977061063990000360000179700000
021977061071690000090001027700000
021977061071990000780001713300001
021977061079990000360000193600000
021977061080590000380000113200000
021977061083490000090001463800000
021977061089990000400000096400000
021977061089990000780032568400008
021977061099990000490000641100000
021977061101090000840000448100000
021977061109990000620002872900000
021977061111590000090005025600001
021977061111590000360000114400000
021977061111590000800002397800000
021977061113290000140000241200000
021977061113690000870019823100006
021977061119990000400000234000000
021977061122890000220000520600000
021977061129990000870073769900011
021977061149990000090007190900001
021977061149990000290006141700001
021977061153090000840000229100000
021977061159990000870018163300004
021977061162690000540000568200000
021977061171290000330000104000000
021977061171290000780006997600002
021977061174690000040000299500000
021977061174690000200000187100000
021977061174690000320003478800000
021977061179990000040000409600000
021977061185190000870000880800001
021977061999990000190000148000000
021977061129990000840000434400000
021977061133190000620000631900000
021977061139990000570000845100000
021977061144890000290003020900000
021977061144890000870009126200002
021977061149990000690029619300008
021977061159990000620002984000000
021977061162690000090001992500001
021977061170390000780021324200004
021977061174690000060001273800000
021977061199990000620000096600000
021977061999990000180001187900000
021977061999990000260001550500000
021977061999990000340000085500000
021977061999990000390001060600000
021977061999990000470000262200000
021977061999990000770002719700000
021977061999990000850001191400000
021977061185190000840000075200000
021977061199990000870001072300001
021977061999990000070000643500000
021977061999990000270000915700000
021977061999990000310000479100000
021977061999990000560002010900000
021977061999990000640001771700000
021977061999990000710000459000000
021977061195290000090000207400000
021977061999990000010000093800000
021977061999990000200000818400000
021977061999990000370000263100000
021977061999990000430000239900000
021977061999990000440000273700000
021977061999990000540000568200000
021977061999990000670000481400000
021977061170390000800002162100000
021977061174690000090006041000001
021977061174690000840000341900000
021977061179990000200000281400000
021977061179990000320004846300000
021977061179990000380000087700000
021977061999990000510000647200000
021977061999990000570000846100000
021977061999990000720000234500000
021977061999990000040007757500000
021977061999990000060001811300000
021977061999990000090150477100016
021977061999990000140002277100000
021977061999990000580000874100000
021977061999990000700000965000000
021977061999990000780537186600118
021977061999990000870631039100165
021977061144890000250000603400000
021977061144890000760014064300003
021977061170390000200000094300000
021977061170390000330000272600000
021977061179990000530002983400001
021977061179990000840000865900000
021977061185190000100000291500000
021977061999990000300003600200000
021977061999990000320021584100000
021977061999990000480000049200000
021977061999990000620170989000020
021977061999990000750000378600000
021977061999990000810003113800000
021977061999990000890000294600000
021977061999990000880017279100002
021977061171290000810000372700000
021977061179990000060001273800000
021977061999990000030000162300000
021977061999990000050002190000000
021977061999990000290006141700001
021977061999990000350002501700000
021977061999990000360004654800000
021977061999990000600000083300000
021977061999990000740000511000000
021977061999990000910002135000000
021977061171290000520000225200000
021977061171290000800000643000000
021977061174690000360000293700000
021977061174690000370000184300000
021977061174690000870033470500005
021977061179990000810003113800000
021977061195290000780000518600000
021977061999990000220000520600000
021977061999990000250002610000000
021977061999990000530002983400001
021977061999990000690029619300008
021977061999990000840006424100000
021977061999990000860001807900000
021977061999990000210000150400000
021977061999990000650000319600000
021977061999990000920001082100000
021977061010490000870009201900003
021977061011190000330001080800000
021977061011490000080000171800000
021977061012990000620005099000001
021977061019990000060000475900000
021977061019990000910002135000000
021977061033390000080000824500000
021977061033390000360000261500000
021977061053590000330000147600000
021977061069990000620001397100000
021977061070290000870006460300002
021977061071690000620000792700000
021977061074590000800000425300000
021977061079990000180001187900000
021977061080990000840000188100000
021977061080990000870008936300003
021977061082490000330000271200000
021977061083490000780002587800001
021977061083790000360000070800000
021977061084090000620000210100000
021977061084290000090000379200000
021977061084290000320000133100000
021977061084790000080000495200000
021977061089990000080000631800000
021977061089990000800004908300000
021977061090890000880012767900002
021977061094390000040000114100000
021977061094390000360000071600000
021977061094390000730005992600001
021977061099990000080000889500000
021977061099990000120000873800000
021977061099990000170010833300001
021977061099990000360000711100000
021977061099990000870051529300009
021977061101090000330000222900000
021977061101090000800000422900000
021977061111590000770001666000000
021977061111590000840000200000000
021977061113290000330000234700000
021977061113290000780002107900000
021977061113690000400000000000000
021977061119990000040000272400000
021977061119990000800005306700000
021977061133190000040001319500000
021977061139990000860001807900000
021977061140190000090000792700000
021977061140190000330000079100000
021977061140190000800000167700000
021977061144890000090003693400001
021977061144890000800001203800000
021977061149990000120000954800000
021977061149990000800001855600000
021977061153090000120000588600000
021977061153090000320000916600000
021977061159990000090003016700000
021977061159990000380000231300000
021977061170390000620005044400001
021977061174690000330000670400000
021977061179990000440000273700000
021977061179990000520000225200000
021977061189990000100000291500000
021977061199990000090000207400000
021977061999990000110000843900000
021977061999990000160003718300001
021977061999990000380000554100000
021977061999990000500000453000000
021977061999990000900002448900000
