032000031174694690240000081000000
032000031074594590260000004300000
032000031090890890290000786600000
032000031090890890300000563100000
032000031090890890310000475200000
032000031040710710150000024500000
032000031111591590050000032700000
032000031122892890220000063300000
032000031084294290130000004300000
032000031084794790040000013600000
032000031170390390170000115700000
032000031113293290170000011800000
032000031071991990080000013100000
032000031171291290190000016300000
032000031171291290200000009800000
032000031142092090160000018900000
032000031153093090140000676000000
032000031094394390180000014000000
032000031094394390190000007600000
032000031162692690010000006500000
032000031144894890270000030300000
032000031113693690040000019200000
032000031063993990200000015000000
032000031092592590120000011300000
032000031080990990080000011800000
032000031090890890190067729000001
032000031090890890200064574300000
032000031090890890210062910500000
032000031094394390050009677700001
032000031094394390060009202400000
032000031094394390070009010300000
032000031092592590040007676400001
032000031092592590050007613200001
032000031092592590060007510000001
032000031091791790010011902100001
032000031091791790020011635500001
032000031091791790030011495300001
032000031111591590080000321100000
032000031111591590090000226700000
032000031111591590100000173600000
032000031113293290140000084000000
032000031113293290150000065300000
032000031113293290160000066600000
032000031112792790240000042500000
032000031112792790250000025500000
032000031112792790260000020800000
032000031113693690010000154500000
032000031113693690020000098500000
032000031113693690030000090200000
032000031133193190040001442500000
032000031133193190050001391900000
032000031133193190060001334200000
032000031140190190060000843700000
032000031140190190070000780600000
032000031140190190080000748000000
032000031144894890210003386100000
032000031144894890220003187900000
032000031144894890230003143100000
032000031142092090180004458300000
032000031142092090190004360400000
032000031142092090200004337800000
032000031142092090050008733500001
032000031142092090060008596300001
032000031142092090070008426800001
032000031144894890140021807100001
032000031144894890150021453500001
032000031144894890160021466300001
032000031133193190240000613100000
032000031133193190250000581700000
032000031133193190260000557900000
032000031140190190100003400400000
032000031140190190110003299500000
032000031140190190120003269600000
032000031140190190180003727800000
032000031142092090100001352300000
032000031142092090110001205700000
032000031142092090120001231400000
032000031144894890040003388900000
032000031144894890050003088100000
032000031144894890060002985800000
032000031091791790250000139300000
032000031092592590180000099200000
032000031090890890350001340500000
032000031094394390170000203500000
032000031142092090250000026000000
032000031142092090260000020700000
032000031133193190090000085000000
032000031133193190100000074200000
032000031133193190110000060300000
032000031074594590290000026600000
032000031074594590300000017200000
032000031074594590310000016500000
032000031071691690030000021900000
032000031071691690040000012900000
032000031122892890550000658300000
032000031122892890560000423200000
032000031122892890570000357400000
032000031170390390310000142300000
032000031174694690190000379600000
032000031171291290210000061800000
032000031040710710100000143400000
032000031014194190100000589700000
032000031033393390060000033900000
032000031153093090080000061600000
032000031170390390200000040600000
032000031101091090190000468700000
032000031101091090200000363800000
032000031101091090210000346100000
032000031100690690020000294400000
032000031100690690030000219200000
032000031100690690040000201500000
032000031040710710060007195800000
032000031111591590140001215200000
032000031111591590150000858900000
032000031111591590160000714500000
032000031113693690170000841300000
032000031113693690180000660000000
032000031113693690190000562600000
032000031113293290060000194800000
032000031113293290070000143700000
032000031113293290080000128700000
032000031112792790040000357500000
032000031112792790050000177200000
032000031112792790060000163800000
032000031171291290250008613300000
032000031170390390180023877800000
032000031174694690060043103800000
032000031092592590150000223200000
032000031092592590160000179000000
032000031092592590170000149700000
032000031094394390110000461700000
032000031094394390120000392400000
032000031094394390130000366000000
032000031090890890020006992400000
032000031090890890030005797500000
032000031090890890040005263300000
032000031091791790040000567500000
032000031091791790050000531700000
032000031091791790060000453600000
032000031094394390100000381400000
032000031090890890150001537900000
032000031090890890160001055600000
032000031090890890170000772900000
032000031091791790200000427600000
032000031091791790210000303300000
032000031091791790220000285600000
032000031092592590230000215600000
032000031090890890250002467700000
032000031090890890370003460100000
032000031040710710010001060200000
032000031040710710020000681700000
032000031071691690230000132500000
032000031074594590150000036200000
032000031144894890200000051300000
032000031024494490200000008700000
032000031084994990150000018300000
032000031053853850010000003700000
032000031084294290010000010100000
032000031025095090070000069500000
032000031153093090010000073900000
032000031153093090020000052700000
032000031153093090030000046400000
032000031083493490070000020500000
032000031063993990210000038900000
032000031063993990220000026100000
032000031063993990230000024300000
032000031113693690050000077600000
032000031083793790010000025700000
032000031071391390080000038500000
032000031033393390190000077100000
032000031033393390200000054400000
032000031033393390210000098800000
032000031082492490050000044400000
032000031082492490060000027000000
032000031082492490070000022800000
032000031070290290010000024000000
032000031070290290020000013200000
032000031113293290050000022800000
032000031053533530060000008100000
032000031170390390220000112200000
032000031014194190010000085400000
032000031014194190020000056400000
032000031122892890230000132300000
032000031122892890240000104500000
032000031122892890250000079900000
032000031070290290160000030600000
032000031174694690020000074600000
032000031101091090060000024600000
032000031101091090070000014300000
032000031101091090080000015200000
032000031074594590180000030600000
032000031074594590190000017400000
032000031082492490250000016100000
032000031082492490260000015500000
032000031082492490270000009600000
032000031084794790080000026500000
032000031084794790090000013300000
032000031084794790100000085900000
032000031011891890270000040100000
032000031080990990250000043500000
032000031080990990260000036400000
032000031080990990270000026200000
032000031011491490050000009000000
032000031011491490060000005600000
032000031011491490070000005200000
032000031170390390370000141100000
032000031170390390380000045500000
032000031170390390390000042300000
032000031084094090010000056300000
032000031084094090020000022000000
032000031084094090030000016400000
032000031080590590170000040300000
032000031080590590180000025600000
032000031010490490080000020100000
032000031010490490090000013700000
032000031010490490100000014000000
032000031071391390140000025000000
032000031071691690090000022600000
032000031153093090050000139700000
032000031153093090060000097700000
032000031153093090070000095000000
032000031071991990020000006300000
032000031071991990030000004400000
032000031071991990040000004000000
032000031084294290060000012400000
032000031084294290070000009600000
032000031084294290080000006500000
032000031074594590200000043400000
032000031074594590210000031100000
032000031074594590220000034200000
032000031171291290010000137800000
032000031022292290050000976200000
032000031022292290060000849700000
032000031022292290070000833100000
032000031024494490160000876300000
032000031024494490170000809700000
032000031024494490180000793500000
032000031025095090190002640100000
032000031025095090200002338200000
032000031025095090210002200800000
032000031033393390270000868900000
032000031033393390280000601400000
032000031033393390290000530200000
032000031122892890520000456700000
032000031122892890530000245400000
032000031122892890540000221900000
032000031082492490170000240900000
032000031084794790140000517800000
032000031084794790150000377200000
032000031084794790160000326500000
032000031053843840160000048300000
032000031053843840170000030700000
032000031053513510180000070900000
032000031053513510190000054900000
032000031012392390120000044400000
032000031170390390010000327500000
032000031170390390020000194400000
032000031170390390030000174500000
032000031084794790170000106900000
032000031084794790180000052000000
032000031084794790190000034100000
032000031011891890020000065200000
032000031012992990220000123100000
032000031174694690110000539400000
032000031063993990240000053800000
032000031063993990250000035100000
032000031063993990260000032700000
032000031083493490090000027300000
032000031083493490100000015100000
032000031083493490110000012200000
032000031122892890010001355900000
032000031122892890020000706700000
032000031122892890030000458000000
032000031011491490020000061000000
032000031014194190360000139700000
032000031014194190370000068500000
032000031014194190380000062500000
032000031170390390100000197000000
032000031170390390110000130300000
032000031153093090180000162100000
032000031153093090190000109100000
032000031122892890580000089500000
032000031122892890590000054600000
032000031122892890600000034600000
032000031171291290240000067800000
032000031133193190220000186500000
032000031133193190230000143900000
032000031144894890010000327000000
032000031144894890020000228500000
032000031082492490210000041500000
032000031082492490220000048900000
032000031053523520030000009300000
032000031012392390060000020200000
032000031012392390070000021800000
032000031080990990010000074400000
032000031080990990020000035400000
032000031080990990030000031600000
032000031025095090150000070700000
032000031024494490030000012600000
032000031170390390120000149500000
032000031170390390130000066400000
032000031140190190200000153500000
032000031140190190210000125400000
032000031122892890100000365400000
032000031122892890110000218500000
032000031122892890120000183700000
032000031053513510030000052600000
032000031011891890180000065400000
032000031011891890190000050600000
032000031084794790310000088700000
032000031084794790320000051800000
032000031084794790330000057700000
032000031113693690250000105900000
032000031113693690260000066400000
032000031113693690270000061500000
032000031111591590060000158400000
032000031111591590070000066400000
032000031011491490030000051200000
032000031011491490040000030900000
032000031083793790070000057300000
032000031014194190140000133500000
032000031014194190150000071100000
032000031174694690180000213500000
032000031142092090010000185200000
032000031142092090020000144700000
032000031142092090030000155900000
032000031090890890380000352100000
032000031090890890390000137300000
032000031090890890400000118600000
032000031071391390020000035300000
032000031071391390030000023800000
032000031071391390040000021400000
032000031053843840100000109700000
032000031053843840110000071200000
032000031074594590270000042000000
032000031074594590280000026200000
032000031010490490140000089800000
032000031112792790210000040700000
032000031112792790220000027100000
032000031112792790230000023600000
032000031012992990260000118400000
032000031012992990270000082600000
032000031012992990280000068900000
032000031011191190260000217900000
032000031011191190270000143700000
032000031011191190280000136200000
032000031011491490280000090300000
032000031011491490290000063600000
032000031011491490300000060900000
032000031012192190110000018900000
032000031012992990010000069100000
032000031012392390170000064600000
032000031014194190230000053100000
032000031014194190240000027800000
032000031011891890120000054600000
032000031011891890130000062400000
032000031011891890140000035700000
032000031122892890610000110200000
032000031033393390300000354900000
032000031033393390310000239700000
032000031033393390320000187700000
032000031122892890490000848200000
032000031122892890500000379800000
032000031122892890510000309800000
032000031170390390190000081700000
032000031174694690200000056200000
032000031174694690210000033300000
032000031195295290100000009100000
032000031195295290110000006300000
032000031171291290180000043300000
032000031063993990020000016800000
032000031063993990030000011500000
032000031063993990040000007700000
032000031063993990050000003000000
032000031174694690030000174700000
032000031174694690040000129000000
032000031174694690050000107600000
032000031170390390070000117900000
032000031170390390080000071500000
032000031170390390090000070700000
032000031122892890260000243000000
032000031122892890270000146200000
032000031122892890280000110200000
032000031111591590040000429000000
032000031113693690240000229500000
032000031033393390100000265100000
032000031113293290180000063900000
032000031112792790110000098800000
032000031033393390070000250200000
032000031033393390080000177700000
032000031033393390090000127100000
032000031195295290030000672800000
032000031195295290040000633200000
032000031174694690010005859400000
032000031170390390400001589100000
032000031171291290230000852100000
032000031113293290110003745600000
032000031113293290120003509200000
032000031113293290130003394500000
032000031113693690210010836900000
032000031113693690220010135900000
032000031113693690230009602400000
032000031111591590170013243900000
032000031111591590180012025400000
032000031111591590190011394300000
032000031112792790150003805200000
032000031112792790160003581800000
032000031112792790170003457500000
032000031053523520040000652500000
032000031053533530040000934000001
032000031053863860050000293600000
032000031053513510040009531200001
032000031053513510050009087700000
032000031053853850060001593700001
032000031053843840030010964100001
032000031053843840040010544000000
032000031053873870030000214100001
032000031153093090170000069900000
032000031133193190130000863200000
032000031133193190140000747800000
032000031133193190150000684200000
032000031133193190010000069500000
032000031113293290280000024200000
032000031113293290290000014000000
032000031113293290300000013000000
032000031010490490060000028800000
032000031113293290020000083500000
032000031113293290030000071400000
032000031113293290040000064000000
032000031112792790270000051500000
032000031112792790280000021600000
032000031112792790290000023300000
032000031024494490080000321700000
032000031024494490090000260100000
032000031024494490100000229100000
032000031025095090010006119400000
032000031025095090020005062700000
032000031025095090030004579000000
032000031022292290170000856200000
032000031022292290180000637900000
032000031022292290190000575000000
032000031083493490140000088900000
032000031122892890450000206900000
032000031122892890460000073800000
032000031122892890470000120300000
032000031063993990160000165700000
032000031063993990170000110200000
032000031063993990180000089100000
032000031063993990190000027900000
032000031122892890070000074100000
032000031122892890080000046400000
032000031122892890090000053600000
032000031022292290030000023900000
032000031025095090260000030900000
032000031012392390110000038900000
032000031133193190210000087000000
032000031122892890190000075600000
032000031090890890220000529300000
032000031090890890230000283800000
032000031090890890240000251700000
032000031122892890370000000000000
032000031140190190010000072400000
032000031142092090170000044300000
032000031122892890160000323100000
032000031144894890070000122300000
032000031090890890010004478400000
032000031153093090110037026700001
032000031153093090120036419100001
032000031153093090130035878500001
032000031083493490170006031900001
032000031083493490180005939800001
032000031083493490190005919600001
032000031012392390080015349600001
032000031012392390090014749400000
032000031012392390100014639700000
032000031113293290240012093200001
032000031113293290250011838100001
032000031113293290260011799000001
032000031053863860040000151400000
032000031010490490210012925300001
032000031010490490220012674000001
032000031010490490230012485200001
032000031012192190200008705200000
032000031012192190210008798600001
032000031012192190220008227200000
032000031063993990100018260100001
032000031063993990110017989700001
032000031063993990120017917600001
032000031084794790110015987600001
032000031084794790120015581300001
032000031084794790130015431700001
032000031185195190010001363500001
032000031185195190020001293200001
032000031101091090020011801900001
032000031101091090030011509600001
032000031101091090040011356200001
032000031053843840060011724800001
032000031053843840070011272100001
032000031091791790110004047000000
032000031091791790120003929100000
032000031091791790130003823100000
032000031011491490170018078600001
032000031011491490180017747000000
032000031011491490190017601700000
032000031171291290040014659800001
032000031171291290050014440200001
032000031171291290060014286600001
032000031162692690130008794600001
032000031162692690140008683700001
032000031162692690150008613200001
032000031011891890230018851100001
032000031011891890240018637400000
032000031011891890250018568800000
032000031053853850050001308700000
032000031084094090170005096700001
032000031084094090180004969900001
032000031084094090190004941500001
032000031113693690060025930000001
032000031113693690070025284200001
032000031113693690080025275300001
032000031070290290180010457600001
032000031070290290190010566000001
032000031070290290200010489900001
032000031040710710110016020600001
032000031040710710120015225500001
032000031071691690200006622200001
032000031071691690210006568100001
032000031071691690220006529200001
032000031112792790080012563600001
032000031112792790090012369700001
032000031112792790100012291800001
032000031025095090080023311100001
032000031025095090090022871900001
032000031025095090100022752100001
032000031142092090130007504600001
032000031142092090140007400600000
032000031142092090150007364400000
032000031053533530050000792600000
032000031140190190150006198600001
032000031140190190160006037900001
032000031140190190170005942900001
032000031012992990310026490200001
032000031012992990320025826500001
032000031012992990330025306500001
032000031084294290160002939400001
032000031084294290170002929400001
032000031084294290180002904300001
032000031053513510060018375000001
032000031053513510070017879500001
032000031053523520010000609400000
032000031094394390140006905300000
032000031094394390150006547700000
032000031094394390160006505600000
032000031022292290110005291900001
032000031022292290120005231000001
032000031022292290130005211000001
032000031071391390050014234800001
032000031071391390060014147000001
032000031071391390070014040400001
032000031080990990040012212600001
032000031080990990050012000100001
032000031080990990060011916700001
032000031122892890410156206800001
032000031122892890420151282100001
032000031122892890430149890000001
032000031053873870020000142500000
032000031111591590220030778100001
032000031111591590230029475700001
032000031111591590240028951000001
032000031014194190070032232300001
032000031014194190080031493300000
032000031014194190090031096900000
032000031033393390160029143300001
032000031033393390170028585600001
032000031033393390180028448700001
032000031080590590100006646600001
032000031080590590110006582800001
032000031080590590120006527300001
032000031100690690150018094400001
032000031100690690160017655400001
032000031100690690170017547600001
032000031011191190040021610700001
032000031011191190050020760600001
032000031011191190060020653300001
032000031090890890100055805300000
032000031090890890110052833900000
032000031090890890120051349800000
032000031144894890170016866600001
032000031144894890180016494300000
032000031144894890190016355500000
032000031084994990220007180500001
032000031084994990230007014500001
032000031084994990240006979600001
032000031071991990220005302300001
032000031071991990230005207800001
032000031071991990240005176000001
032000031170390390040041556400001
032000031170390390050040628300001
032000031170390390060039929100001
032000031040730730040002228400001
032000031074594590070016810600001
032000031074594590080016552200001
032000031074594590090016392600001
032000031082492490110014285000001
032000031082492490120014013700001
032000031082492490130013874200001
032000031083793790110012422400001
032000031083793790120012131100001
032000031083793790130012080900001
032000031024494490040003879600001
032000031024494490050003797900001
032000031024494490060003769600001
032000031092592590010003791400000
032000031092592590020003666100000
032000031092592590030003587800000
032000031174694690320065699500001
032000031174694690330063830500001
032000031174694690340063363500001
032000031040720720030001689200001
032000031195295290070001215900001
032000031195295290080001206800001
032000031011191190160000075100000
032000031011191190170000055000000
032000031011191190180000061000000
032000031162692690060000741800000
032000031162692690070000635000000
032000031162692690080000589900000
032000031083493490030000013600000
032000031082492490140000080000000
032000031082492490150000055200000
032000031082492490160000041000000
032000031083793790040000152400000
032000031083793790050000100500000
032000031083793790060000085500000
032000031014194190030000058100000
032000031080990990070000079000000
032000031140190190090000011600000
032000031142092090090000015700000
032000031053873870040000000800000
032000031162692690210000012700000
032000031053863860030000001100000
032000031122892890670000299200000
032000031122892890680000197600000
032000031122892890690000186600000
032000031111591590020000060500000
032000031195295290010000010500000
032000031133193190080000031700000
032000031011191190150000042000000
032000031071991990160000020800000
032000031071991990170000012300000
032000031071991990180000010700000
032000031012192190030000019100000
032000031012192190040000015600000
032000031012192190050000012900000
032000031084794790250000144900000
032000031053523520070000002500000
032000031185195190070000010200000
032000031053843840050000095700000
032000031053513510120000035200000
032000031053513510130000038000000
032000031010490490030000040400000
032000031010490490040000024300000
032000031010490490050000022200000
032000031171291290110000046300000
032000031100690690140000049600000
032000031084094090240000013900000
032000031084094090250000011900000
032000031112792790140000023500000
032000031101091090050000034600000
032000031092592590070000017900000
032000031080990990180000027700000
032000031083493490020000016100000
032000031053513510200000015700000
032000031142092090040000049500000
032000031012192190100000036500000
032000031010490490240000049000000
032000031084994990160000012400000
032000031063993990270000020200000
032000031011191190110000066500000
032000031084294290120000006700000
032000031014194190320000069800000
032000031091791790190000031300000
032000031024494490140000010000000
032000031071691690020000009900000
032000031022292290150000032800000
032000031111591590200000091500000
032000031094394390280000034100000
032000031084094090050000011600000
032000031090890890360000258200000
032000031113293290270000014200000
032000031122892890700000195500000
032000031122892890710000117400000
032000031122892890720000120200000
032000031153093090100000139200000
032000031133193190030000023100000
032000031011891890070000051300000
032000031185195190100000007400000
032000031112792790120000016300000
032000031040710710200000021200000
032000031170390390230000057900000
032000031174694690270000097300000
032000031174694690280000057100000
032000031174694690290000061800000
032000031074594590140000029000000
032000031144894890030000024900000
032000031025095090140000043500000
032000031012992990290000031600000
032000031071391390100000025500000
032000031100690690010000027100000
032000031101091090180000021400000
032000031033393390120000024100000
032000031171291290150000023200000
032000031140190190050000011500000
032000031071991990010000010700000
032000031011491490010000022800000
032000031083793790140000027600000
032000031070290290130000021500000
032000031070290290140000014700000
032000031070290290150000016200000
032000031080590590040000042700000
032000031113693690280000039600000
032000031195295290020000008200000
032000031084794790280000105200000
032000031012392390010000022600000
032000031012392390020000017000000
032000031012392390030000015000000
032000031082492490290000011400000
032000031162692690220000012100000
032000031174694690220000066700000
032000031122892890340000876800000
032000031122892890350000601700000
032000031113693690090000299000000
032000031113693690100000197100000
032000031111591590010000161900000
032000031112792790130000043300000
032000031113293290090000040400000
032000031113293290100000033100000
032000031170390390210000270800000
032000031171291290160000187300000
032000031174694690300000581300000
032000031071991990270000072800000
032000031071991990280000052300000
032000031071991990290000047900000
032000031094394390010000076900000
032000031094394390020000054500000
032000031094394390030000049800000
032000031185195190030000848000000
032000031185195190040000777400000
032000031070290290100000076700000
032000031070290290110000052400000
032000031070290290120000044500000
032000031011891890150000194300000
032000031011891890160000173100000
032000031011891890170000138500000
032000031170390390140000383000000
032000031170390390150000253900000
032000031170390390160000225900000
032000031090890890320000437400000
032000031090890890330000265800000
032000031090890890340000269900000
032000031063993990130000198800000
032000031063993990140000156000000
032000031063993990150000150000000
032000031122892890380003285800000
032000031122892890390002419500000
032000031122892890400002344500000
032000031174694690070000357400000
032000031174694690080000198500000
032000031174694690090000180000000
032000031153093090280000917600000
032000031153093090290000688500000
032000031153093090300000610100000
032000031171291290120000084500000
032000031171291290130000057300000
032000031171291290140000051000000
032000031011191190120000381500000
032000031011191190130000313800000
032000031011191190140000310900000
032000031014194190160000158300000
032000031014194190170000116400000
032000031014194190180000103500000
032000031074594590230000162400000
032000031074594590240000118400000
032000031074594590250000112500000
032000031012992990020001235100000
032000031012992990030001058000000
032000031012992990040001048500000
032000031011491490100000084300000
032000031011491490110000066000000
032000031011491490120000064400000
032000031040730730010000153200000
032000031010490490070000065000000
032000031011891890260000090400000
032000031012192190150000064000000
032000031014194190040000389700000
032000031014194190050000235000000
032000031014194190060000264100000
032000031012992990140000283500000
032000031011491490080000065400000
032000031012392390210000059200000
032000031122892890210000262100000
032000031080590590130000069300000
032000031083793790160000133300000
032000031084794790210000403900000
032000031074594590100000050000000
032000031084994990170000025900000
032000031084094090220000076600000
032000031083493490010000029800000
032000031080990990160000141200000
032000031170390390270000043400000
032000031170390390280000026400000
032000031170390390290000036600000
032000031170390390300000031000000
032000031025095090160000173500000
032000031025095090170000107100000
032000031025095090180000095400000
032000031024494490070000016700000
032000031022292290160000031700000
032000031174694690230000227200000
032000031090890890180001033100000
032000031094394390230000187600000
032000031033393390020025155300000
032000031071991990090003140300000
032000031084994990180003326400000
032000031083493490160003531700000
032000031084094090160002529400000
032000031071691690130000333200000
032000031080990990190005236700000
032000031074594590010012299100000
032000031083793790230006104200000
032000031071391390180000953100000
032000031071391390190000901900000
032000031071391390200000871200000
032000031063993990060000850400000
032000031063993990070000660600000
032000031063993990080000595900000
032000031063993990090000156700000
032000031084294290140001518200000
032000031080590590030002575700000
032000031070290290080008277500000
032000031153093090220019703000000
032000031084794790290009201000000
032000031195295290050000034900000
032000031195295290060000029200000
032000031185195190110000017000000
032000031185195190120000012400000
032000031082492490040008640300000
032000031162692690120004922900000
032000031025095090220013187100000
032000031024494490150002414800000
032000031022292290140003878200000
032000031122892890480100556400000
032000031040720720020000009800000
032000031040730730020000013700000
032000031080590590010000033700000
032000031080590590020000030000000
032000031040710710030000032700000
032000031133193190070007947800000
032000031101091090120001125200000
032000031101091090130001016000000
032000031101091090140000988900000
032000031100690690110002137100000
032000031100690690120001977800000
032000031100690690130001960600000
032000031053523520020000084200000
032000031053843840010000760900000
032000031053843840020000627200000
032000031053853850020000054200000
032000031053533530030000040500000
032000031053513510210000827200000
032000031053513510220000693800000
032000031053863860020000029100000
032000031012192190160001500700000
032000031012192190170001334300000
032000031012192190180001319600000
032000031012992990050005252600000
032000031012992990060004707300000
032000031012992990070004526500000
032000031010490490250001155100000
032000031010490490260001086800000
032000031010490490270001010400000
032000031012392390220002725100000
032000031012392390230002474700000
032000031012392390240002409800000
032000031011491490220005190000000
032000031011491490230004876000000
032000031011491490240004720400000
032000031014194190330007870900000
032000031014194190340007125500000
032000031014194190350007021800000
032000031011191190080003654100000
032000031011191190090003259700000
032000031011191190100003180800000
032000031011891890090003534200000
032000031011891890100003193100000
032000031011891890110003029800000
032000031091791790170000035500000
032000031092592590240000015600000
032000031094394390090000019400000
032000031090890890140000119600000
032000031133193190120000044000000
032000031122892890630000093300000
032000031100690690080000309100000
032000031100690690090000224300000
032000031100690690100000206900000
032000031101091090150000242500000
032000031101091090160000188200000
032000031101091090170000174600000
032000031122892890620005535700000
032000031071391390090000180300000
032000031195295290120000013400000
032000031195295290130000012200000
032000031084094090040000187600000
032000031071691690080000088000000
032000031022292290080000132100000
032000031022292290090000085500000
032000031022292290100000070700000
032000031025095090040000509800000
032000031025095090050000325700000
032000031025095090060000339400000
032000031024494490110000053500000
032000031024494490120000031700000
032000031024494490130000027200000
032000031171291290100000427200000
032000031170390390320001656500000
032000031174694690100002848900000
032000031112792790180005167000001
032000031112792790190004842100000
032000031112792790200004736800000
032000031153093090230001156800000
032000031153093090240000920700000
032000031153093090250000632000000
032000031162692690180000038300000
032000031162692690190000025800000
032000031162692690200000022800000
032000031090890890410000082800000
032000031090890890420000042900000
032000031090890890430000034400000
032000031012992990080000160800000
032000031012992990090000100600000
032000031012992990100000101600000
032000031011191190190000107100000
032000031011491490210000059100000
032000031010490490010000044600000
032000031011891890280000053400000
032000031012192190190000030200000
032000031012392390050000039400000
032000031014194190250000085300000
032000031153093090040000087400000
032000031011491490090000028000000
032000031195295290090000003800000
032000031122892890730000129200000
032000031011891890010000026800000
032000031012392390140001416900000
032000031012392390150001227400000
032000031012392390160001243500000
032000031011891890200001907700000
032000031011891890210001672500000
032000031011891890220001561500000
032000031011491490250002129900000
032000031011491490260001903900000
032000031011491490270001802700000
032000031011191190230005077100000
032000031011191190240004582200000
032000031011191190250004313100000
032000031010490490110000787900000
032000031010490490120000678400000
032000031010490490130000603000000
032000031014194190110005133700000
032000031014194190120004525300000
032000031014194190130004517200000
032000031012192190120001246400000
032000031012192190130001064700000
032000031012192190140001048200000
032000031012992990110003447900000
032000031012992990120003008500000
032000031012992990130002885300000
032000031040730730030001605000000
032000031014194190310000022600000
032000031122892890300000208300000
032000031122892890310000180500000
032000031053513510010000104100000
032000031053513510020000080600000
032000031040710710160000051600000
032000031040710710170000031700000
032000031040720720040000058000000
032000031082492490080004532900000
032000031082492490090004134000000
032000031082492490100004019000000
032000031133193190180014447700001
032000031133193190190014234200001
032000031133193190200014170500001
032000031084994990190000316700000
032000031084994990200000254100000
032000031084994990210000222000000
032000031010490490180000149000000
032000031010490490190000114700000
032000031010490490200000131400000
032000031033393390130001553600000
032000031033393390140001319400000
032000031033393390150001309900000
032000031083793790170000207900000
032000031083793790180000151600000
032000031083793790190000142300000
032000031092592590110000010200000
032000031090890890130000405700000
032000031112792790070000014100000
032000031074594590170000004500000
032000031111591590030000020500000
032000031091791790070000053000000
032000031113693690200000097900000
032000031083793790100000007000000
032000031174694690140005405000000
032000031174694690150004390600000
032000031174694690160003888600000
032000031113293290010000005400000
032000031025095090250000051700000
032000031071991990260000003900000
032000031084794790200000019700000
032000031011191190070000139200000
032000031011491490200000151000000
032000031083493490150000004700000
032000031071691690010000006200000
032000031071391390010000006200000
032000031153093090090000018300000
032000031094394390040000017500000
032000031122892890200000087200000
032000031080990990170000011800000
032000031080590590050000008900000
032000031014194190190000083100000
032000031133193190020000028700000
032000031070290290170000012200000
032000031024494490190000005700000
032000031162692690020000005000000
032000031170390390240000425100000
032000031170390390250000264600000
032000031170390390260000272200000
032000031084094090060000005900000
032000031082492490280000009800000
032000031012992990180000071500000
032000031011891890030000011700000
032000031033393390010000033500000
032000031144894890120000028900000
032000031140190190040000019500000
032000031012192190060000013900000
032000031012392390130000006700000
032000031063993990010000009100000
032000031171291290070000527400000
032000031171291290080000388000000
032000031171291290090000363600000
032000031142092090240000027000000
032000031014194190200000043900000
032000031014194190210000026900000
032000031014194190220000029900000
032000031033393390240000896700000
032000031033393390250000570100000
032000031033393390260000479400000
032000031053513510100000560600000
032000031053513510110000431900000
032000031053853850030000059000000
032000031053843840120000502000000
032000031053843840130000384900000
032000031162692690030000242600000
032000031162692690040000172700000
032000031162692690050000153100000
032000031144894890110000031500000
032000031122892890740003581300000
032000031122892890750002227500000
032000031122892890760002086500000
032000031080590590060000006100000
032000031084794790300000023000000
032000031162692690230000007300000
032000031122892890640000094300000
032000031122892890650000047500000
032000031122892890660000036800000
032000031071691690050000006000000
032000031071691690060000004100000
032000031071691690070000004100000
032000031074594590160000004900000
032000031071991990250000073800000
032000031153093090150000019700000
032000031153093090160000012000000
032000031084094090130000004800000
032000031012992990230000024700000
032000031012992990240000013200000
032000031012992990250000011200000
032000031084294290150000021600000
032000031084994990120000029700000
032000031084994990130000018700000
032000031084994990140000016100000
032000031080990990220000071400000
032000031080990990230000042200000
032000031080990990240000045700000
032000031080590590200000045300000
032000031084794790220000164000000
032000031084794790230000111400000
032000031084794790240000089100000
032000031084094090230000038400000
032000031083493490040000099900000
032000031083493490050000069900000
032000031083493490060000062400000
032000031083793790200000362100000
032000031083793790210000285300000
032000031083793790220000265500000
032000031053523520060000830800000
032000031053533530020000512700000
032000031170390390350029279500001
032000031170390390360028493300000
032000031063993990280011072500001
032000031063993990290010699800000
032000031063993990300010588700000
032000031133193190160009090600001
032000031133193190170008823000000
032000031082492490230010272400001
032000031082492490240009885400000
032000031174694690120049310100001
032000031174694690130047852000000
032000031012992990150024660800001
032000031012992990160023859100000
032000031012992990170023380000000
032000031053513510140006401900000
032000031053513510150006049300000
032000031084094090200003059800001
032000031084094090210002933400000
032000031171291290220000018300000
032000031174694690170000053600000
032000031011891890080000038800000
032000031012992990190000061000000
032000031012992990200000038100000
032000031012992990210000033800000
032000031012392390040000024400000
032000031174694690310000130500000
032000031011491490130000025800000
032000031011191190010000346100000
032000031011191190020000232500000
032000031011191190030000273900000
032000031024494490010002930200001
032000031024494490020002775500000
032000031185195190080000512400000
032000031185195190090000465600000
032000031140190190020000029800000
032000031140190190030000020900000
032000031142092090080000020800000
032000031140190190190000013600000
032000031144894890130000028700000
032000031080590590190000027500000
032000031053533530010000006600000
032000031012192190010000029400000
032000031012192190020000016100000
032000031100690690190000030900000
032000031162692690090000015700000
032000031162692690100000012500000
032000031162692690110000010800000
032000031070290290090000062200000
032000031113293290220000043000000
032000031113293290230000023800000
032000031071991990100000086400000
032000031071991990110000050400000
032000031071991990120000040500000
032000031083493490200000020700000
032000031083493490210000012900000
032000031083493490220000013600000
032000031084094090140000017500000
032000031084094090150000010600000
032000031022292290040000031500000
032000031033393390110000077100000
032000031011191190300000056100000
032000031011191190310000039700000
032000031011191190320000029700000
032000031092592590220000029200000
032000031094394390080000049500000
032000031091791790180000039000000
032000031053523520050001352800001
032000031144894890080000318500000
032000031144894890090000263900000
032000031144894890100000260900000
032000031010490490020000032200000
032000031122892890170000158500000
032000031122892890180000090000000
032000031174694690260000070300000
032000031071991990150000033900000
032000031122892890130000420600000
032000031122892890140000264100000
032000031122892890150000222400000
032000031094394390250000035800000
032000031094394390260000024500000
032000031094394390270000025400000
032000031014194190290000052200000
032000031014194190300000031900000
032000031071391390150000044600000
032000031071391390160000028300000
032000031071391390170000029200000
032000031063993990310000099200000
032000031063993990320000074400000
032000031063993990330000073600000
032000031074594590020000078200000
032000031074594590030000036300000
032000031074594590040000052200000
032000031101091090010000035800000
032000031084094090070000089500000
032000031084094090080000065800000
032000031084094090090000067500000
032000031083493490080000031600000
032000031084794790010000091900000
032000031084794790020000060700000
032000031084794790030000052000000
032000031025095090110000078900000
032000031025095090120000063700000
032000031025095090130000058200000
032000031153093090200000076300000
032000031153093090210000073200000
032000031100690690180000049600000
032000031070290290210000035200000
032000031070290290220000021100000
032000031113693690110000070400000
032000031113693690120000042400000
032000031113693690130000073800000
032000031080990990130000050900000
032000031080990990140000033100000
032000031080990990150000036200000
032000031112792790010000052000000
032000031112792790020000032900000
032000031112792790030000041400000
032000031053513510160000069900000
032000031053513510170000048100000
032000031084294290050000077400000
032000031071691690100000040500000
032000031071691690110000029400000
032000031071691690120000029800000
032000031033393390030000219500000
032000031033393390040000153800000
032000031033393390050000127000000
032000031092592590080000024400000
032000031092592590090000018700000
032000031092592590100000023400000
032000031090890890070000223400000
032000031090890890080000122300000
032000031090890890090000211300000
032000031082492490180000036600000
032000031082492490190000026500000
032000031082492490200000028900000
032000031083793790020000052900000
032000031083793790030000033200000
032000031011191190290000035700000
032000031111591590210000116900000
032000031080590590140000039800000
032000031080590590150000027100000
032000031080590590160000022900000
032000031012992990300000074900000
032000031053843840140000037400000
032000031053843840150000029900000
032000031084994990030000134100000
032000031084994990040000121800000
032000031084994990050000114600000
032000031170390390330000146800000
032000031170390390340000097300000
032000031122892890440000576700000
032000031040710710130001499600000
032000031040710710140001127900000
032000031122892890290000287200000
032000031084994990060000133400000
032000031084994990070000097400000
032000031084994990080000078900000
032000031080990990090000020600000
032000031084294290040000010600000
032000031071991990050000071100000
032000031071991990060000045700000
032000031071991990070000046200000
032000031040710710180000046900000
032000031040710710190000021800000
032000031122892890360000420400000
032000031092592590190006856400001
032000031092592590200006689500000
032000031092592590210006629400000
032000031094394390200011335300001
032000031094394390210011095500001
032000031094394390220011059900001
032000031091791790080010314200001
032000031091791790090010138300000
032000031091791790100009856100000
032000031090890890260098368600001
032000031090890890270095159800001
032000031090890890280094391900001
032000031140190190130004337700001
032000031140190190140004116500000
032000031142092090210007402500000
032000031142092090220007196300000
032000031142092090230007136700000
032000031144894890240014478200000
032000031144894890250014036600000
032000031144894890260013913700000
032000031040710710080002528800000
032000031040710710090001966500000
032000031022292290010004708400001
032000031022292290020004541000000
032000031083793790080007400800001
032000031083793790090007241400000
032000031033393390220027659300001
032000031033393390230026896300000
032000031012192190070011161100001
032000031012192190080010846400001
032000031012192190090010671200001
032000031100690690050017438900001
032000031100690690060017090300000
032000031100690690070016969300000
032000031071991990130003967600001
032000031071991990140003850500000
032000031071391390110012067800001
032000031071391390120011937100000
032000031071391390130011841100000
032000031011891890040021027000001
032000031011891890050020453400001
032000031011891890060020105200001
032000031101091090090011066400001
032000031101091090100010847000000
032000031101091090110010744700000
032000031084994990010004145200001
032000031084994990020004025700000
032000031162692690160006096900001
032000031162692690170005896200000
032000031195295290140000484500000
032000031195295290150000454600000
032000031053843840080008917800000
032000031053843840090008450500000
032000031012392390180018673100001
032000031012392390190018182000001
032000031012392390200018154100001
032000031074594590050013784600001
032000031074594590060013436900000
032000031053873870010000125000000
032000031070290290060009504200001
032000031070290290070009367800000
032000031084294290020001868900001
032000031084294290030001783500000
032000031053863860010000592100001
032000031011491490140018381700001
032000031011491490150017946500001
032000031011491490160017801200001
032000031040710710070009095700001
032000031171291290020010555300001
032000031171291290030010260600000
032000031071691690140005303000001
032000031071691690150005259500000
032000031071691690160005130000000
032000031084794790260011561800001
032000031084794790270010994000000
032000031014194190260046225100001
032000031014194190270044570200001
032000031014194190280043963400001
032000031025095090230016374100001
032000031025095090240015360900000
032000031053853850040001144400000
032000031122892890320116972400001
032000031122892890330110744700000
032000031080590590210002961300001
032000031080590590220002922600000
032000031080990990200006747700001
032000031080990990210006392100000
032000031153093090260022881000001
032000031153093090270022042700000
032000031083493490120004297200001
032000031083493490130004125000000
032000031011191190200021054900001
032000031011191190210020184100000
032000031011191190220019841300000
032000031010490490150011293000001
032000031010490490160011003600000
032000031010490490170010869700000
032000031185195190050000081000000
032000031185195190060000070100000
032000031111591590110017166400001
032000031111591590120014112700000
032000031111591590130013855200000
032000031113693690140011834200001
032000031113693690150010766600000
032000031113693690160010569500000
032000031113293290190004975500001
032000031113293290200004658200000
032000031113293290210004596700000
032000031040720720010001456900000
032000031071691690170000046000000
032000031071691690180000033200000
032000031071691690190000031500000
032000031070290290030000040400000
032000031070290290040000027300000
032000031070290290050000023100000
032000031074594590110000059200000
032000031074594590120000039400000
032000031074594590130000034700000
032000031084794790050000419600000
032000031084794790060000315500000
032000031084794790070000288100000
032000031082492490010000022500000
032000031082492490020000016100000
032000031082492490030000011600000
032000031083493490230000171500000
032000031083493490240000136500000
032000031083493490250000112100000
032000031080590590070000074800000
032000031080590590080000052400000
032000031080590590090000042900000
032000031071391390210000068700000
032000031071391390220000053600000
032000031071391390230000043900000
032000031084994990090000036000000
032000031084994990100000019100000
032000031084994990110000017000000
032000031122892890040000373500000
032000031122892890050000222400000
032000031122892890060000178400000
032000031071991990190000053500000
032000031071991990200000030000000
032000031071991990210000026500000
032000031084094090100000111000000
032000031084094090110000082800000
032000031084094090120000067000000
032000031083793790150000051100000
032000031084294290090000051200000
032000031084294290100000033600000
032000031084294290110000025500000
032000031080990990100001345400000
032000031080990990110001158900000
032000031080990990120001050400000
032000031040710710040000038200000
032000031040710710050000039800000
032000031053513510080000122400000
032000031053513510090000074800000
032000031091791790230000067300000
032000031091791790240000040800000
032000031090890890050000786600000
032000031090890890060000443500000
032000031092592590130000052500000
032000031092592590140000035200000
032000031094394390240000083500000
032000031091791790140000163200000
032000031091791790150000125900000
032000031091791790160000120600000
032000031171291290170000067400000
032000031174694690250000147700000
