041987061010490000030002405000084
041987061011190000670000479900003
041987061029990000410003435500061
041987061069990000050000967700054
041987061080590000010002497700323
041987061084290001420000126600017
041987061084990100000000213700031
041987061090890001220000097500000
041987061099990001390000080300021
041987061099990001450000322900000
041987061119990000470001946700014
041987061129990001230000252600000
041987061133190000720000741200012
041987061139990000380000013400000
041987061144890000370000497900001
041987061144890100000000835400071
041987061999990000020397235916312
041987061999990000300001167400025
041987061012390000610000106900003
041987061014190000050000381000002
041987061019990000200000175000000
041987061024490000370000034500001
041987061025090000020006164000229
041987061029990000220012937000896
041987061029990000400000317200002
041987061040790000370000074500000
041987061049990000370000074500000
041987061053890000310000037900000
041987061053890001330011994300173
041987061063990000370000215100000
041987061089990000030025118602441
041987061089990000240000131900012
041987061099990000260113532101714
041987061111590000290001998400027
041987061112790000990000185700002
041987061113690000290002995200017
041987061153090000250000097400000
041987061162690000380000013800000
041987061170390000360000057200000
041987061174690000800000396700001
041987061999990000490004381800134
041987061011190000320000015900000
041987061011890000820001668400059
041987061014190000610000056100000
041987061024490100000000506800047
041987061039990000420000307700000
041987061049990000010010795100204
041987061070290000390000019400000
041987061079990000040006105300186
041987061083490000380000012300000
041987061084090000030001654700183
041987061090890000020012747500057
041987061090890000190000166300000
041987061090890000380000573800000
041987061092590000020001201300048
041987061109990000180001848300112
041987061113690000980001793400031
041987061133190000020000723000015
041987061133190000070001394200055
041987061139990000080000555700002
041987061149990000090020568000528
041987061159990000250000097400000
041987061162690000370000132600000
041987061162690100000000493200080
041987061171290000020007753800337
041987061171290000040000105300000
041987061171290000380000029100000
041987061999990000420000307700000
041987061999990000670000558000003
041987061999990001450000322900000
041987061999990001700000070100000
041987061011190000030003275700062
041987061019990000330000029700000
041987061022290000010004506400626
041987061033390000050000375100001
041987061053590000480000478600001
041987061059990001340001135600046
041987061063990000040001260900019
041987061069990000040001260900019
041987061071690000020005306600692
041987061084790000190000051100000
041987061089990000050004514400545
041987061099990001410000472600035
041987061111590000020013065700342
041987061112790000020009433300423
041987061133190000060000194900006
041987061144890000380000074500000
041987061171290000340000322900004
041987061999990000120007542200188
041987061010490000820000364900006
041987061033390000040007955500120
041987061049990100000001602400078
041987061053590001740000039700000
041987061053890000380000021900000
041987061053890000530000144100009
041987061053890001380000020700000
041987061074590000360000013000000
041987061074590100000001324100093
041987061079990000190000164200002
041987061084290100000000050700001
041987061084790000210000063400000
041987061090890000230000115900000
041987061090890001300001187700048
041987061094390000380000048400000
041987061099990001130000154000000
041987061100690000010017684900864
041987061139990000610000028600002
041987061139990000720000741200012
041987061144890000090010335100236
041987061144890000280011672900136
041987061170390000960000908800022
041987061171290100000000567400032
041987061999990000610007266100129
041987061012390000010015837400583
041987061022290000220001920300174
041987061025090100000000801100104
041987061029990000050000568400040
041987061040790100000001602400078
041987061053890000500000110400000
041987061053890100000000655200036
041987061071690000030001034200124
041987061071690000380000014700000
041987061079990000360000126800013
041987061080590000050000091700006
041987061082490000860000060000006
041987061090890001410000472600035
041987061119990000380000114400000
041987061129990000020070728200465
041987061139990000030001503400035
041987061139990000370000038600000
041987061149990000080010179700155
041987061171290000960000290000003
041987061174690000320000114700000
041987061174690001280000052900001
041987061179990100000005712800291
041987061189990001670000439800006
041987061999990001200001138500025
041987061999990001280000052900001
041987061999990001420000126600017
041987061999990001550000098300004
041987061011190000050000183700000
041987061029990000370000543400001
041987061033390000420000307700000
041987061039990000050000375100001
041987061040790000460003221800119
041987061053890000150000958400005
041987061059990000870000109000000
041987061071990000030000843200056
041987061074590000640000126100001
041987061079990000380000076200000
041987061080990100000000627400185
041987061082490000190000010700000
041987061089990000610004766600059
041987061111590000330000010700000
041987061112790000270004224600175
041987061122890001130000121900000
041987061133190001550000098300004
041987061140190000030000901600005
041987061140190000380000018300000
041987061142090000330000005700000
041987061179990000380000285700000
041987061999990000350000345700001
041987061011490000670000016700000
041987061012390000370000052600000
041987061012390000820000245000000
041987061071390100000001946900042
041987061079990000640001217200055
041987061083490000050000023700001
041987061083790000240000029700001
041987061084790000050000393800044
041987061099990001290000618600043
041987061099990001300001187700048
041987061099990001480000962900132
041987061109990000370000201500009
041987061113290000030001430900056
041987061113290000330000003300000
041987061113290001270000564700023
041987061179990001200001138500025
041987061179990001600000022800000
041987061199990000020000575100008
041987061999990001720000016900000
041987061011490000370000375700002
041987061011490000380000021200000
041987061012990000050000494100005
041987061014190000380000035800000
041987061025090000050000305600003
041987061040790000050000756300020
041987061053590000330000025200000
041987061053590000540001685200040
041987061083790000370000047100000
041987061084290000010001586900229
041987061084790001060000185000003
041987061089990000190000121600000
041987061092590000030000431500021
041987061099990000310000058400000
041987061099990001470031454400298
041987061113690000380000050000000
041987061119990000290005706200060
041987061139990000880000041700000
041987061140190100000000262500039
041987061149990001320000025200000
041987061153090000030006091500073
041987061159990000190000137700000
041987061159990000370000137300000
041987061171290000010010334500561
041987061179990000800002338600062
041987061189990001660000255700003
041987061195290000020000575100008
041987061999990001210000075700000
041987061999990001520000549200024
041987061011490000830009622800166
041987061011890100000002358300175
041987061022290000330000003700000
041987061029990000010025598501933
041987061049990000470000658200001
041987061049990001620000171700006
041987061059990000030009675600164
041987061059990100000003743400134
041987061070290000190000017200000
041987061071990000370000017900000
041987061079990100000004256800250
041987061080990000040000903500013
041987061082490000200000016700000
041987061084090000050001972400357
041987061113290000610000161700003
041987061119990100000005130400184
041987061129990000310000041600000
041987061139990000490004381800134
041987061139990001240000085000009
041987061170390000380000111300000
041987061185190000020000452400006
041987061199990001730000016500000
041987061999990000550000983400004
041987061999990000870000109000000
041987061999990000880000072700000
041987061999990001230000252600000
041987061010490000370000077500001
041987061011490100000000943500045
041987061012190000050000195100005
041987061019990100000012905200599
041987061022290000050000193500032
041987061029990100000001755600243
041987061053890000020002414000045
041987061082490000240000016700001
041987061083790000190000021000000
041987061083790000360000097000000
041987061083790000380000029000000
041987061084290000030000642800066
041987061091790000260006704500269
041987061119990000990001835400038
041987061122890000230000144800000
041987061122890000310000041600000
041987061122890001240000023200002
041987061129990000610000109900003
041987061139990000020000723000015
041987061139990000810006446500272
041987061149990000880000031000000
041987061153090000320000030900000
041987061159990000010021540300349
041987061162690000020004604900349
041987061162690000190000005700000
041987061171290000800000445400025
041987061179990000030022172600398
041987061999990000150004139000040
041987061999990001710000262200003
041987061011890000010015842400746
041987061012990000830006043600166
041987061024490000400000010700000
041987061049990000030003518600062
041987061053590000010008370700136
041987061053590000370000074800000
041987061053590000500000031400001
041987061059990000150004139000040
041987061059990000330000025200000
041987061059990000890000271300016
041987061071390000380000015100000
041987061109990000010028078401776
041987061159990000610000201200001
041987061174690000030010855500166
041987061179990000200000494600001
041987061179990001590000749400015
041987061195290001730000016500000
041987061999990000100100411504350
041987061999990000340014887800215
041987061012190000030001408700032
041987061019990000050001813600027
041987061022290000020001768000188
041987061071690000010004728400568
041987061084090000040000480000012
041987061084790000030005217100182
041987061089990001060000185000003
041987061091790001440000030500000
041987061092590001480000962900132
041987061099990000230000115900000
041987061144890000060016541700469
041987061149990000280020178500277
041987061149990000370000761100001
041987061999990000310000289100000
041987061999990000500000141800001
041987061999990000630000370400013
041987061999990000690000523500000
041987061999990000710000074500000
041987061999990001060000185000003
041987061999990001240000108200011
041987061999990001290000618600043
041987061999990001390000080300021
041987061999990001410000472600035
041987061012190000360000033200001
041987061022290000410000862100039
041987061025090000010017994300792
041987061049990000300001167400025
041987061053890000010010221700286
041987061069990000380000059000000
041987061080990000030002654200305
041987061084990000040000239600005
041987061091790000030000517900020
041987061111590000990000589100016
041987061113290001400000016400000
041987061122890000330000163700000
041987061122890100000002739000262
041987061142090000090008432900253
041987061153090000040003778200037
041987061159990000020014031200197
041987061174690000200000016500000
041987061999990001500000017900000
041987061024490000050000069300005
041987061025090000220010191000521
041987061025090000330000068300000
041987061025090000380000114000000
041987061033390001690000154300000
041987061039990000370000249600000
041987061040790000920000364000010
041987061059990000540001685200040
041987061063990000030002559100069
041987061080990000020003379000708
041987061083490000040000671000015
041987061084990000020005300100840
041987061084990000370000011100001
041987061090890000260093523500850
041987061090890000320000086900000
041987061091790000020000957800016
041987061094390000050000029200001
041987061109990000190000022800000
041987061129990001130000121900000
041987061133190000030001503400035
041987061140190001310000044600000
041987061142090000060005361300154
041987061144890000030001942100002
041987061159990000700002634300010
041987061170390000200000477900001
041987061999990000820022182500294
041987061999990001460000056600000
041987061011890000370001767700059
041987061012390000830004633200122
041987061029990000030006613300374
041987061049990000610000096300007
041987061053590000870000109000000
041987061063990000020010658300416
041987061074590000040001974600062
041987061084290000040000089300001
041987061084790000020008240200613
041987061089990000370000851600008
041987061090890001470029808900259
041987061100690000020007993500349
041987061100690100000001021800064
041987061111590100000002445500086
041987061113290000270004117100201
041987061129990000040019394300113
041987061142090000370000219500000
041987061149990001310000853800001
041987061153090000190000137700000
041987061159990000320000030900000
041987061170390000760000195400001
041987061199990000030000101200001
041987061999990000730000216200005
041987061999990000980006125600139
041987061999990001010003303200069
041987061012990100000002205500062
041987061014190000330000029700000
041987061014190000370001629700020
041987061014190100000001585700072
041987061022290100000000447700092
041987061039990000310000102000000
041987061053590000030006656600088
041987061059990000850000455700002
041987061071690000040000366800014
041987061071690000640000301600021
041987061082490000370000026600000
041987061092590001470000347800005
041987061099990001510001104000000
041987061109990000050000434800017
041987061119990001400001011300008
041987061129990000230000144800000
041987061133190000040000337900007
041987061140190000050000061700000
041987061149990000030003231100008
041987061162690000740000712500051
041987061169990000020004604900349
041987061170390100000001838000080
041987061174690000230000005400000
041987061024490000020002299200355
041987061070290000040001383400045
041987061071690000390000055600002
041987061084990000610000250600024
041987061099990000020017351100216
041987061113690000030003937100095
041987061142090000080004099500082
041987061149990000060023988300813
041987061170390000040001796500015
041987061174690000010045584001302
041987061195290001710000262200003
041987061999990000320000338000000
041987061010490100000001336000077
041987061011490000820001279300027
041987061011890000190000040300000
041987061012990000670000036600000
041987061022290000030001343700143
041987061029990000330000072000000
041987061039990000010022828300446
041987061039990000040007955500120
041987061040790000380000034400000
041987061071690000370000150000008
041987061089990000630000370400013
041987061089990100000006046200619
041987061101090000050000095800001
041987061101090100000001010700080
041987061109990100000002032500144
041987061111590000030004036900084
041987061113290000190000006700000
041987061122890000020070728200465
041987061140190000070003666300052
041987061170390000800001496500036
041987061179990000330000148000000
041987061999990000460003221800119
041987061012390000020009518000312
041987061019990001350000315200018
041987061029990000380000125000000
041987061033390000010022828300446
041987061059990000020006392500075
041987061059990000550000983400004
041987061059990001330011994300173
041987061063990000200000023500000
041987061071990000380000014800000
041987061080990000380000040100000
041987061082490000020007460100644
041987061083790000020006859700766
041987061090890000050000049600000
041987061090890001460000056600000
041987061090890100000007239800429
041987061094390000260008303800317
041987061100690000040003614900144
041987061101090000370000197700009
041987061109990000040004373900178
041987061113290000290000332800011
041987061129990000370004743800011
041987061133190000380000013400000
041987061139990001560000107100004
041987061142090001310000133600000
041987061162690000030001434200065
041987061999990001040000022100000
041987061999990001430000112800016
041987061999990001480000962900132
041987061012190100000001575200071
041987061019990000820022182500294
041987061069990000190000139900002
041987061080590000380000005100000
041987061080990000200000006500001
041987061082490000040001122600036
041987061084090000020001265800162
041987061084990000050000410800040
041987061090890000100070797401492
041987061099990001460000056600000
041987061129990001210000032300000
041987061170390001600000022800000
041987061179990000010080961902507
041987061179990000340014887800215
041987061999990000580002822700100
041987061999990000700002634300010
041987061999990000890000271300016
041987061999990001440000615000001
041987061999990100000071463205347
041987061010490000020004492600203
041987061011190000830005086800086
041987061011890000020009875800408
041987061012990000820001991500045
041987061022290000400000070900000
041987061039990001210000036600000
041987061040790000030003518600062
041987061059990001380000020700000
041987061063990000010009517100290
041987061071990000010002556800292
041987061071990000360000008300003
041987061084290000210000006000000
041987061089990000360000562400030
041987061100690000050000339000016
041987061101090000380000019100000
041987061113690000970000447700001
041987061129990000030037278300232
041987061139990000060000194900006
041987061144890001320000025200000
041987061169990000190000005700000
041987061012190000380000013900000
041987061012990000020008410900154
041987061012990000030004131000110
041987061019990000010136896204299
041987061069990100000001140300071
041987061080590000360000101900006
041987061084990000030002127800298
041987061094390000020002444500095
041987061094390001530000666600017
041987061094390100000002293400224
041987061111590000970007737100283
041987061111590001400000510700005
041987061113290001370008024900504
041987061119990000330000014000000
041987061119990001020000249400010
041987061122890000050000737000000
041987061144890000070007435000167
041987061144890000080005304100064
041987061170390000030008821700172
041987061174690000340014421100209
041987061999990000680000338100000
041987061999990001130000275900000
041987061999990001300001187700048
041987061999990001740000039700000
041987061012190000020003664600148
041987061012190000320000015500000
041987061012190000830001757100053
041987061039990001690000154300000
041987061053890000520000076100000
041987061069990000200000023500000
041987061069990000370000215100000
041987061070290000640000119400003
041987061071390000370000014800000
041987061083490000010003463700300
041987061083790000010007705200986
041987061089990000040005480100113
041987061089990000380000183000000
041987061099990001220000097500000
041987061100690000030004822400210
041987061112790000290000379800005
041987061113690000470000508800006
041987061113690001010002446400055
041987061133190000490004381800134
041987061142090000030000387400001
041987061153090000020014031200197
041987061179990000960003001800065
041987061999990000220012937000896
041987061999990000850000455700002
041987061999990001590000749400015
041987061999990001630000436300011
041987061053590000380000051800000
041987061059990000380000073700000
041987061069990000030002559100069
041987061071690000360000105500010
041987061071990000640000177600011
041987061071990100000000187000034
041987061082490000010010261400752
041987061082490000620000511800016
041987061083790000030004265000460
041987061084290000050000247600017
041987061084790000010009631100482
041987061091790000120000758400031
041987061099990000030009433900074
041987061101090000360000222500005
041987061111590001010000261200003
041987061122890000040019394300113
041987061122890001220000128200000
041987061142090000070008209900223
041987061142090000380000023400000
041987061144890000050000077600000
041987061149990000050000139300000
041987061149990001000000018100000
041987061159990000050000262800001
041987061169990000010005797900355
041987061170390000330000045400000
041987061170390001200000122400001
041987061179990000750013194200251
041987061195290000010000893200013
041987061999990000380002848900000
041987061999990000400000317200002
041987061999990001380000020700000
041987061011190000370000207500000
041987061019990000190000224800001
041987061019990000940000538300042
041987061033390100000001252300056
041987061039990000380000112900000
041987061040790001620000171700006
041987061059990000160000533600023
041987061063990000580002822700100
041987061069990000230000042700001
041987061071990000040000571900019
041987061080990000050000146000002
041987061082490000630000357700013
041987061083490000360000051200002
041987061084790001500000017900000
041987061084790100000000424900079
041987061090890001450000322900000
041987061090890001510001029800000
041987061100690000180000224600002
041987061101090000020005956600493
041987061113690000190000017500000
041987061122890000010100403300693
041987061122890000200001220600000
041987061129990000330000163700000
041987061142090100000000483600114
041987061159990000380000073100000
041987061169990000740000712500051
041987061999990001610000323400009
041987061012990000370000568200013
041987061019990000030022027100569
041987061025090000410002524900021
041987061033390000370000249600000
041987061033390000380000112900000
041987061053890000840001665800025
041987061059990000900000190000006
041987061059990001740000039700000
041987061080590100000000329200048
041987061084990000010004025000482
041987061089990001420000126600017
041987061092590000120000723800041
041987061099990000050000128700002
041987061099990000120007542200188
041987061122890000360000061500002
041987061129990001220000128200000
041987061133190001570000068600000
041987061153090000330000001300000
041987061174690000750008803300181
041987061179990000770000103000000
041987061185190000010000650400008
041987061195290001720000016900000
041987061999990000480000733100001
041987061999990000520000076100000
041987061999990000750013194200251
041987061999990001650000020200003
041987061011890000030002480200099
041987061014190000670000024800000
041987061014190001210000006800000
041987061025090000030004311300132
041987061040790000010010795100204
041987061059990000010018592400422
041987061063990000230000042700001
041987061070290100000000506600030
041987061074590000010010769200700
041987061099990001520000549200024
041987061111590000310000049200000
041987061119990001370008024900504
041987061122890000610000109900003
041987061133190000080000555700002
041987061140190000280002390300042
041987061174690001650000020200003
041987061189990000010000650400008
041987061999990001730000016500000
041987061011890000380000028200000
041987061033390000610000093300000
041987061049990000050000756300020
041987061059990000370000074800000
041987061080990000370000049100000
041987061082490000030003266500228
041987061082490000050000926000064
041987061082490000380000014500000
041987061112790000380000006300000
041987061113290000380000010900000
041987061122890000680000338100000
041987061133190000810006446500272
041987061140190000060002085300190
041987061144890000230000035800000
041987061170390000750003334200048
041987061171290000230000011800000
041987061185190001660000255700003
041987061011890000050000118500002
041987061012390000050000021900000
041987061025090000320000074100000
041987061039990000020013835000250
041987061040790000610000096300007
041987061074590000370000017600000
041987061079990000010037121702451
041987061080990000010005650200457
041987061080990000610004516000035
041987061083490000190000003900000
041987061089990000200000133300001
041987061090890001440000427100000
041987061091790000050000049900001
041987061094390001470000624800021
041987061113690001400000376100003
041987061122890000690000523500000
041987061129990000690000523500000
041987061142090000280006115300099
041987061149990100000001581500224
041987061153090000010021540300349
041987061162690000010005797900355
041987061189990000030000167700002
041987061999990000600000088700002
041987061011490000010015054900426
041987061011490000030003702600088
041987061014190000190000081400000
041987061019990001210000006800000
041987061053590000570000027900000
041987061053890001260000269100020
041987061059990000530000144100009
041987061063990000050000967700054
041987061063990000380000059000000
041987061092590100000001189600115
041987061099990001430000112800016
041987061111590000980003008900074
041987061113290000470000236700001
041987061133190001560000107100004
041987061140190000080000776100009
041987061149990000330000036300000
041987061170390000370000527700001
041987061170390001590000749400015
041987061174690000040000997000015
041987061174690000380000145300000
041987061179990000370003229000027
041987061999990000360001258200058
041987061999990001830000311300001
041987061019990000930000052200000
041987061033390000030009884400137
041987061053590000850000455700002
041987061079990000030010633000572
041987061083490100000000393900091
041987061092590000380000023700000
041987061112790000470000149900001
041987061113290000970002904100201
041987061113690100000002035200069
041987061122890001230000252600000
041987061129990000190000533600000
041987061129990001240000023200002
041987061139990000090003333000141
041987061162690000050000409900037
041987061170390000010025043400644
041987061185190001700000070100000
041987061189990000020000452400006
041987061999990000060024183200819
041987061999990000230000356400001
041987061999990001600000022800000
041987061012990000610001503900049
041987061040790000300001167400025
041987061040790001610000323400009
041987061049990000380000034400000
041987061053590100000003088200098
041987061071690100000000292200051
041987061084790000370000679100007
041987061092590000260005000300278
041987061092590001440000157400001
041987061094390001510000074200000
041987061099990000100100411504350
041987061109990000380000075400000
041987061113690000270011130500195
041987061122890000190000533600000
041987061153090000380000073100000
041987061169990000380000013800000
041987061171290000750001056700022
041987061174690000770000103000000
041987061999990000760000935200017
041987061999990001620000171700006
041987061011190000820007126600055
041987061029990000020010231200772
041987061053590000150003180600035
041987061053590000840003150000019
041987061080590000040000267800010
041987061084790000600000088700002
041987061099990000320000086900000
041987061100690000190000022800000
041987061109990000030007923900394
041987061129990000680000338100000
041987061140190000370000043700000
041987061142090000020001457900007
041987061153090000610000201200001
041987061169990000030001434200065
041987061174690100000003307400179
041987061999990001660000255700003
041987061012190000370000142400009
041987061014190000820008700500067
041987061029990000320000074100000
041987061039990000030009884400137
041987061053890000480000254500000
041987061071390000040001808600046
041987061079990000020031809202650
041987061079990000610000003400000
041987061090890001130000154000000
041987061092590001430000112800016
041987061112790100000000359800007
041987061119990001030000046400001
041987061122890000030037278300232
041987061139990001550000098300004
041987061144890000330000030600000
041987061149990000070019311200442
041987061999990000040139936402315
041987061999990001260000269100020
041987061010490000050000242700010
041987061011190000380000066700000
041987061012390000360000043800002
041987061014190000030002115700040
041987061019990000370004821300104
041987061025090000400000235600002
041987061039990000610000093300000
041987061053590000900000190000006
041987061053590001630000436300011
041987061063990000190000139900002
041987061074590000020010510500737
041987061082490100000003542500056
041987061084290000190000007500000
041987061089990000860000060000006
041987061119990000270035916500925
041987061133190000610000028600002
041987061149990000710000074500000
041987061159990000040003778200037
041987061159990000330000001300000
041987061179990000040002898800030
041987061179990000190000351200001
041987061195290000030000101200001
041987061999990000180001848300112
041987061999990000390000075000002
041987061999990000860000060000006
041987061011490000020007500200154
041987061024490000030000958300099
041987061024490000380000004000000
041987061049990000450010834600269
041987061053590001040000022100000
041987061053890001340001135600046
041987061071390000610000003400000
041987061084990000630000012700000
041987061090890000030007487400023
041987061094390000030000997100010
041987061101090000010010393500912
041987061109990000020013950100842
041987061111590000380000047200000
041987061112790001490000142000000
041987061119990000980006125600139
041987061139990000070001394200055
041987061142090001000000018100000
041987061171290000200000000200000
041987061179990000020046163601392
041987061179990001540000077100000
041987061999990000330000605400000
041987061999990000370018510400179
041987061019990000320000031400000
041987061053890000030003019000076
041987061071390000640000492500019
041987061089990000600000088700002
041987061111590000270016444300354
041987061112790001400000108100000
041987061119990000020037801601175
041987061129990100000002739000262
041987061133190000880000041700000
041987061149990001680000033500000
041987061153090000700002634300010
041987061169990000050000409900037
041987061171290000370000702200007
041987061171290000760000323900012
041987061999990000530000144100009
041987061999990000770000103000000
041987061999990000990001835400038
041987061999990001220000225700000
041987061999990001350000315200018
041987061999990001530000688500025
041987061011890000830003805600146
041987061019990000380000255300000
041987061019990000830044915701089
041987061059990000520000076100000
041987061059990000840004815800044
041987061059990001040000022100000
041987061070290000370000120600002
041987061083790000050000302400014
041987061084990000240000085500010
041987061089990000210000069400000
041987061091790100000002200200231
041987061100690000380000056300000
041987061113290100000000289900022
041987061119990000610000161700003
041987061133190000090003333000141
041987061139990100000006915901076
041987061169990000370000132600000
041987061169990100000000493200080
041987061170390000020016218100440
041987061170390000190000204100001
041987061174690000020022191700615
041987061179990001280000052900001
041987061185190001670000439800006
041987061999990000570000027900000
041987061999990000960003001800065
041987061999990001020000249400010
041987061011190000010018870300366
041987061012990000380000074500000
041987061022290000370000024700000
041987061024490000410000048500001
041987061033390000310000102000000
041987061040790000450010834600269
041987061053590000160000533600023
041987061071390000190000127600002
041987061071990000020003469900639
041987061083490000020004481800630
041987061129990000050000737000000
041987061129990000200001220600000
041987061139990000040000337900007
041987061142090000880000031000000
041987061153090100000001232700037
041987061159990100000001232700037
041987061162690000040000271400004
041987061170390000610000069200001
041987061174690000190000147100000
041987061999990000250000097400000
041987061999990001320000025200000
041987061999990001340001135600046
041987061012390000030002508200054
041987061019990000360000077000003
041987061024490000220000825700201
041987061049990001610000323400009
041987061059990000570000027900000
041987061059990001260000269100020
041987061080590000030003871300607
041987061084090000010002408700296
041987061084090100000000198500075
041987061084290000020002198600434
041987061089990000620000511800016
041987061090890000310000058400000
041987061091790000380000017400000
041987061101090000030003101500184
041987061139990001570000068600000
041987061179990000230000017200000
041987061179990000760000935200017
041987061189990001700000070100000
041987061199990000010000893200013
041987061199990001710000262200003
041987061010490000010009079200507
041987061010490000940000538300042
041987061011190100000001386200035
041987061012190000010009628500474
041987061012990000190000084800001
041987061014190000010032755700675
041987061014190000200000175000000
041987061019990000020061718901608
041987061019990000610001666900052
041987061033390000020013835000250
041987061049990000460003221800119
041987061053590000020003978500030
041987061069990000020010658300416
041987061071390000010010957000489
041987061079990000390000075000002
041987061083490000370000038600000
041987061084990000360000050700007
041987061092590000100007985400998
041987061109990000360000222500005
041987061119990000190000024200000
041987061119990000310000049200000
041987061140190000020001123500035
041987061140190000090001800000039
041987061149990000230000035800000
041987061174690000960001803000040
041987061174690001200001016100024
041987061185190000030000167700002
041987061999990000080010735400157
041987061999990000090023901000669
041987061999990000190001892000006
041987061999990000200002047000002
041987061999990000620000511800016
041987061999990000920000364000010
041987061999990001330011994300173
041987061999990001670000439800006
041987061010490000830001723300045
041987061012390000380000015000000
041987061012390000930000052200000
041987061019990000670000558000003
041987061040790000470000658200001
041987061049990000920000364000010
041987061053590000890000271300016
041987061059990000310000037900000
041987061070290000030002048400069
041987061071390000020006942700312
041987061071390000030003226300131
041987061074590000380000013700000
041987061080590000190000009700000
041987061089990000010047229904307
041987061091790001290000618600043
041987061091790001530000021900008
041987061092590001390000080300021
041987061099990000380000663300000
041987061099990001440000615000001
041987061129990000360000061500002
041987061140190000710000074500000
041987061149990000380000116200000
041987061169990000040000271400004
041987061999990000740000712500051
041987061999990000930000052200000
041987061999990000940000538300042
041987061011490001190000176600003
041987061012390100000001514800062
041987061014190001350000315200018
041987061024490000010003097800515
041987061039990100000001252300056
041987061059990001630000436300011
041987061070290000010008110300402
041987061074590000030003480900192
041987061083790000040000523100010
041987061090890000120005058500076
041987061091790000100011537001122
041987061091790000330000008300000
041987061099990001530000688500025
041987061100690000370000003800000
041987061101090000180001623700110
041987061111590001490000090900000
041987061112790000980000830100022
041987061113290001010000595600011
041987061119990000030010861800282
041987061119990000970014843600607
041987061119990001270000564700023
041987061122890000370004743800011
041987061129990000010100403300693
041987061129990000380000574100000
041987061144890001310000675600001
041987061171290000030002495400060
041987061171290000360000150800005
041987061174690001540000077100000
041987061179990000320000114700000
041987061179990000610000069200001
041987061999990000030190229305952
041987061999990000160000533600023
041987061999990000240000131900012
041987061999990001270000564700023
041987061999990001490000417600002
041987061011190000020006076500069
041987061011190000190000018300000
041987061012990000010019827800522
041987061014190000830012243300305
041987061033390001210000036600000
041987061053590000550000983400004
041987061069990000580002822700100
041987061091790001520000549200024
041987061111590001020000249400010
041987061113690000020015302600410
041987061113690000990000875700017
041987061122890001210000032300000
041987061153090000050000262800001
041987061159990000030006091500073
041987061170390000340000143800002
041987061174690000330000102600000
041987061174690000350000345700001
041987061174690000760000415900004
041987061179990000350000345700001
041987061179990000360000208000005
041987061179990001650000020200003
041987061999990000290005706200060
041987061059990000500000141800001
041987061069990000010009517100290
041987061070290000020005579500270
041987061071990000190000019400000
041987061079990000370000320900010
041987061080590000020003188500521
041987061082490000360000261600015
041987061083790100000000265400053
041987061094390000100010091700738
041987061101090000040000759000034
041987061113290000980000493200012
041987061113290000990000184900003
041987061113690001490000184700002
041987061119990001010003303200069
041987061122890000380000574100000
041987061133190001240000085000009
041987061133190001580000040500001
041987061999990000050031951901520
041987061999990000070020705400497
041987061999990000450010834600269
041987061012190000820000806300035
041987061022290000380000007000000
041987061063990000610000069000001
041987061063990100000001140300071
041987061080990000190000017700000
041987061083490000030001419200112
041987061083790000200000110100000
041987061084090000380000012200000
041987061084790000040001183200011
041987061091790001470000672900013
041987061094390000120001001500040
041987061099990000190000166300000
041987061099990000330000115200000
041987061099990100000012923000999
041987061111590001030000031700001
041987061133190000370000038600000
041987061133190100000006915901076
041987061139990001580000040500001
041987061142090001680000033500000
041987061144890000020003229500012
041987061199990001720000016900000
041987061999990000010722978223241
041987061999990000900000190000006
041987061014190000020012180300160
041987061025090000370000484200000
041987061059990000480000733100001
041987061069990000610000069000001
041987061070290000380000017900000
041987061084790000380000062500000
041987061084990000380000007300000
041987061089990000020042373805318
041987061089990001500000017900000
041987061090890000330000106900000
041987061111590000470001051300006
041987061112790000030001456900047
041987061112790000970003754700122
041987061113290001030000014700000
041987061119990001490000417600002
041987061149990000020005810900054
041987061153090000370000137300000
041987061174690000370001999100019
041987061999990000210000069400000
