101987061010490000010009079200015
101987061010490000020004492600006
101987061010490000030002405000003
101987061010490000830001723300001
101987061011190000010018870300020
101987061011190000020006076500003
101987061011190000030003275700001
101987061011190000820007126600005
101987061011190000830005086800002
101987061011490000010015054900017
101987061011490000020007500200004
101987061011490000830009622800006
101987061011890000010015842400014
101987061011890000020009875800008
101987061011890000030002480200001
101987061011890000370001767700001
101987061011890000820001668400001
101987061011890000830003805600002
101987061012190000010009628500018
101987061012190000020003664600004
101987061012190000030001408700001
101987061012190000830001757100002
101987061012390000010015837400017
101987061012390000020009518000007
101987061012390000830004633200003
101987061012990000010019827800018
101987061014190000010032755700020
101987061012990000020008410900006
101987061012990000030004131000003
101987061012990000830006043600004
101987061014190000020012180300004
101987061014190000820008700500003
101987061014190000830012243300004
101987061022290000010004506400013
101987061022290000020001768000004
101987061022290000030001343700002
101987061022290000220001920300004
101987061022290000410000862100002
101987061024490000010003097800011
101987061024490000020002299200009
101987061024490000030000958300002
101987061024490000220000825700002
101987061024494421610000267400001
101987061025090000010017994300014
101987061025090000020006164000002
101987061025090000030004311300003
101987061025090000220010191000007
101987061025090000410002524900001
101987061071390000020006942700007
101987061070290000010008110300014
101987061070290000020005579500009
101987061070290000030002048400001
101987061070290000040001383400001
101987061071390000010010957000013
101987061071390000030003226300003
101987061071391303410001251300001
101987061071391303910000361800001
101987061071690000010004728400013
101987061071690000020005306600012
101987061071990000010002556800007
101987061071990000020003469900015
101987061071990000030000843200002
101987061071990000040000571900001
101987061074590000010010769200011
101987061074590000020010510500013
101987061074590000030003480900001
101987061080590000010002497700006
101987061080590000020003188500009
101987061080590000030003871300010
101987061080990000010005650200010
101987061080990000020003379000007
101987061080990000030002654200002
101987061080990000610004516000006
101987061082490000010010261400013
101987061082490000020007460100008
101987061082490000030003266500002
101987061082490000040001122600001
101987061082492408910002610800003
101987061083490000010003463700007
101987061083490000020004481800014
101987061083490000030001419200003
101987061083490000040000671000001
101987061083790000010007705200011
101987061083790000020006859700009
101987061083790000030004265000005
101987061084090000010002408700010
101987061084090000020001265800003
101987061084090000030001654700004
101987061084090000040000480000001
101987061084090000050001972400007
101987061084290000010001586900009
101987061084290000020002198600013
101987061084290000030000642800003
101987061084790000010009631100010
101987061084790000020008240200010
101987061084790000030005217100005
101987061084990000010004025000010
101987061084990000020005300100012
101987061084990000030002127800003
101987061090890000020012747500001
101987061090890000100070797400020
101987061090890000260093523500024
101987061090890001470029808900006
101987061091790000100011537000017
101987061091790000260006704500008
101987061092590000020001201300001
101987061092590000100007985400017
101987061092590000260005000300006
101987061092590001480000962900001
101987061094390000020002444500002
101987061094390000100010091700013
101987061094390000260008303800012
101987061100690000010017684900018
101987061100690000020007993500005
101987061100690000030004822400003
101987061100690000040003614900001
101987061101090000010010393500015
101987061101090000020005956600008
101987061101090000030003101500002
101987061111590000020013065700011
101987061111590000030004036900001
101987061111590000270016444300013
101987061111590000970007737100005
101987061111590000980003008900001
101987061112790000020009433300015
101987061112790000030001456900001
101987061112790000270004224600005
101987061112790000970003754700004
101987061113290000030001430900001
101987061113290000270004117100006
101987061113290000970002904100004
101987061113290001370008024900014
101987061113690000020015302600015
101987061113690000030003937100002
101987061113690000270011130500007
101987061113690000290002995200001
101987061113690000990000875700001
101987061113690001010002446400001
101987061170390000010025043400018
101987061170390000020016218100009
101987061170390000030008821700004
101987061171290000010010334500016
101987061171290000020007753800008
101987061171290000030002495400001
101987061174690000010045584000020
101987061174690000020022191700005
101987061174690000030010855500002
101987061174690000340014421100003
101987061174690000750008803300001
