061987061053510000540001211200000
061987061053590000010009053800020
061987061053590000020005027900005
061987061053590000840002630300002
061987061053850000010001012800006
061987061053870000010000083600002
061987061053870000020000033400001
061987061053890001260000271300004
061987061059990000500000204900000
061987061053520000890000226800002
061987061053590000150002908200003
061987061053590000370000090000000
061987061053890000480000276700000
061987061053890000500000204900000
061987061053840000020001748200001
061987061053850000020001017200006
061987061053890000310000117100000
061987061053890000530000258700008
061987061059990000840003967000005
061987061053510000380000070200000
061987061053510000550001649300001
061987061053510001040000038800000
061987061053520000020000082300000
061987061053520000150000058300000
061987061053590000890000226800002
061987061053590001040000038800000
061987061053850001340000932900005
061987061053860000020000039500000
061987061059990000380000070200000
061987061053510000330000046600000
061987061053510000570000051200000
061987061053530000010000175800002
061987061053590000540001318800000
061987061053890000010010627900026
061987061059990000530000258700008
061987061059990000850000497000000
061987061059990000890000226800002
061987061059990000900000355500004
061987061053530000030000314000004
061987061053590000850000497000000
061987061053590001740000058200000
061987061053840000310000117100000
061987061053840000840000916100000
061987061053860001260000271300004
061987061053890000020002838300008
061987061059990000330000046600000
061987061059990000570000051200000
061987061059990001740000058200000
061987061053510000150002849900003
061987061053510000840002508100002
061987061053510001740000058200000
061987061053520000030000958700010
061987061053890000840001336700003
061987061059990000150003931900003
061987061059990001040000038800000
061987061053520000540000107600000
061987061053590000330000046600000
061987061053590000570000051200000
061987061053860000010000499800008
061987061059990001330011536400013
061987061053520000010000860500009
061987061053590000030007947000021
061987061053590000380000070200000
061987061053590000550001659000001
061987061053590000870000023100000
061987061053840000150001023700000
061987061053860001380000016200000
061987061053890001330011536400013
061987061059990000870000023100000
061987061053510000030006674300007
061987061053530000020000069900000
061987061053530000160000560600007
061987061053530000870000023100000
061987061053860000840000056600001
061987061059990000160000560600007
061987061053510000010008017500009
061987061053510000020004875700005
061987061053510000850000497000000
061987061053520000840000122200000
061987061053590000480000555900000
061987061053840000520000109200000
061987061053870000530000258700008
061987061053890000030003466700005
061987061059990000020007866200013
061987061059990000540001318800000
061987061053530000900000355500004
061987061053590000160000560600007
061987061053590000900000355500004
061987061053840000030002968200003
061987061059990000310000117100000
061987061059990000550001659000001
061987061053510000370000090000000
061987061053850000840000364000002
061987061053890000520000109200000
061987061053890001340000932900005
061987061059990000030011413700026
061987061059990001380000016200000
061987061053510000480000455500000
061987061053520000480000100400000
061987061053840000500000204900000
061987061053840001330011536400013
061987061053890001380000016200000
061987061059990000370000090000000
061987061059990001340000932900005
061987061053530000550000009700000
061987061053840000010009031700010
061987061053840000480000276700000
061987061053850000030000478200002
061987061053870000030000020300000
061987061053890000150001023700000
061987061059990000010019681700046
061987061059990000480000832600000
061987061059990000520000109200000
061987061059990001260000271300004
