031996031091791790190000035500000
031996031122892890540000092700000
031996031174694690280051939500001
031996031084794790170011214800000
031996031091791790070002115000000
031996031094394390090001551200000
031996031174694690020014694700000
031996031094394390270000153800000
031996031010490490130000026900000
031996031144894890010000019900000
031996031171291290030000020000000
031996031084794790220000022000000
031996031122892890360000078300000
031996031063993990110000049000000
031996031012392390070000016100000
031996031025095090220000056900000
031996031084294290130000009700000
031996031144894890310000040700000
031996031090890890280000116700000
031996031070290290170000010100000
031996031090890890090000125200000
031996031094394390300000008100000
031996031040720720050001567500001
031996031063993990160016775500001
031996031040730730010002136500001
031996031090890890030010687400000
031996031170390390200006836900000
031996031094394390260000033600000
031996031012392390030000030300000
031996031090890890230000208200000
031996031094394390130000122700000
031996031174694690320000047700000
031996031122892890510000128200000
031996031011491490070000191300000
031996031122892890610000155500000
031996031094394390020000015900000
031996031080590590180000006000000
031996031053843840110009035900000
031996031133193190120001706700000
031996031100690690090000379400000
031996031084794790110000154200000
031996031122892890040000200500000
031996031040710710050000040800000
031996031040710710060000034900000
031996031094394390180000041900000
031996031153093090080033212400001
031996031113693690180023610100001
031996031084094090130005150700001
031996031162692690090008391200001
031996031171291290050013343300001
031996031011891890110018471100000
031996031010490490020002679400000
031996031162692690050000726800000
031996031014194190180003771800000
031996031011191190150003311800000
031996031010490490090000442500000
031996031012192190100000626100000
031996031082492490230000358900000
031996031011191190010000196400000
031996031011891890030000087300000
031996031053513510110000095300000
031996031122892890410000123300000
031996031174694690350000082000000
031996031100690690240000036400000
031996031033393390190000404600000
031996031112792790040000264800000
031996031011491490060015425100000
031996031080590590130006433900001
031996031014194190110030677000000
031996031012192190140008224500000
031996031012192190150008165100000
031996031053513510190000200100000
031996031012992990030000120000000
031996031011891890120001299300000
031996031122892890250000206500000
031996031053513510210000052400000
031996031122892890390000273700000
031996031100690690220000046600000
031996031090890890330001275900000
031996031053843840040000020900000
031996031133193190080002383600000
031996031094394390240001453500000
031996031185195190020000063200000
031996031144894890230011679700000
031996031080590590120006472500001
031996031053523520030001061500000
031996031053533530010000679600001
031996031011191190060020892100001
031996031011191190070019933700000
031996031084794790200015554300001
031996031171291290040013520000001
031996031100690690010016221800001
031996031083793790130012240500001
031996031140190190060004157300001
031996031170390390220035548100001
031996031053843840010000012500000
031996031122892890220001308000000
031996031053513510200000153500000
031996031122892890110002475700000
031996031012192190010000033200000
031996031011191190180000104200000
031996031011491490180001168100000
031996031153093090040000054400000
031996031092592590120000001400000
031996031101091090140010676000000
031996031080990990180011753600001
031996031113693690170024163500001
031996031084294290070002995700001
031996031010490490110010974700000
031996031094394390040005921900000
031996031033393390270028262200001
031996031090890890300051430600000
031996031012392390150015103100001
031996031010490490040002445000000
031996031174694690360000030400000
031996031011491490170001392300000
031996031033393390240000058000000
031996031113693690040000077700000
031996031144894890290006606500000
031996031162692690110001514500000
031996031080590590150000776200000
031996031170390390100000651600000
031996031010490490060000007200000
031996031142092090040000028000000
031996031084994990200000042900000
031996031113693690190023550000001
031996031084094090140005078700001
031996031084294290050002987200001
031996031070290290140009994900001
031996031083793790120012239300001
031996031113293290030010768200001
031996031071691690050006782300001
031996031140190190040004293100001
031996031082492490120014633400001
031996031083493490130000087800000
031996031011191190140003945000000
031996031063993990030000042900000
031996031113293290180000006000000
031996031091791790060000018700000
031996031090890890350000528000000
031996031174694690080000060800000
031996031084294290120000003700000
031996031063993990070000016100000
031996031022292290210000012700000
031996031171291290070000725300000
031996031011891890230000040600000
031996031091791790050000012600000
031996031153093090070033480500001
031996031195295290060001289900001
031996031012992990170024437700000
031996031010490490100011301800001
031996031084794790180015803400001
031996031074594590030015480200001
031996031071391390110013529500001
031996031084794790240000296800000
031996031011891890080000026900000
031996031010490490180000029600000
031996031011491490110000257600000
031996031014194190060000145500000
031996031092592590040000009300000
031996031080990990120000013400000
031996031033393390170000579100000
031996031011491490090020746100001
031996031084794790100000044700000
031996031053523520020001316100001
031996031080590590090000023100000
031996031011191190080019655400000
031996031084794790190015507000001
031996031100690690030015752700000
031996031083793790110012480000001
031996031071991990050004943900001
031996031174694690380000013700000
031996031090890890080000081600000
031996031170390390310000218700000
031996031090890890050000269500000
031996031142092090120006960100000
031996031142092090130006918700000
031996031140190190110001175800000
031996031090890890250022932200000
031996031063993990040003875600000
031996031033393390050010249000000
031996031142092090140002592000000
031996031142092090100007286100000
031996031112792790210000423800000
031996031071991990160000036600000
031996031171291290170000055600000
031996031011491490200000052400000
031996031012192190110000014700000
031996031170390390010000051700000
031996031170390390020000036400000
031996031112792790050000015600000
031996031080990990130000021700000
031996031012192190220000028300000
031996031033393390210000031700000
031996031122892890020000077300000
031996031113693690100008590700000
031996031053513510010009036500000
031996031024494490060000159500000
031996031084794790130000082400000
031996031142092090200000030900000
031996031074594590050000018800000
031996031122892890230000000000000
031996031074594590100000015300000
031996031144894890260003512200000
031996031133193190260001148300000
031996031040720720040000026400000
031996031092592590010001442900000
031996031171291290010000376300000
031996031083493490140000017700000
031996031011191190050000196200000
031996031174694690230000110500000
031996031063993990090000023300000
031996031071691690140000016900000
031996031071991990170000009800000
031996031113693690110007872000000
031996031101091090180000712100000
031996031022292290170000451500000
031996031012392390140000043300000
031996031080990990110000020400000
031996031014194190090000068300000
031996031162692690010000008400000
031996031153093090210000017000000
031996031063993990210000021500000
031996031171291290150001771400000
031996031170390390180007454700000
031996031033393390020000077500000
031996031100690690100000028700000
031996031083493490270000004600000
031996031174694690130000057100000
031996031170390390130000038100000
031996031112792790070002619000000
031996031113293290150002718700000
031996031100690690080000406100000
031996031140190190070000025200000
031996031011491490120000018000000
031996031133193190170000017900000
031996031100690690140000006400000
031996031025095090060000015700000
031996031012392390020000005600000
031996031014194190250000062000000
031996031092592590230000015500000
031996031144894890210012037500000
031996031100690690250000010100000
031996031142092090030005486500000
031996031040710710150000165200000
031996031090890890020013542400000
031996031022292290140000039900000
031996031122892890570000115900000
031996031111591590120000073500000
031996031012392390010000012600000
031996031063993990100000017200000
031996031011891890010000019500000
031996031122892890010000121400000
031996031113293290140002882500000
031996031111591590090009536900000
031996031025095090100004280300000
031996031084794790120000090400000
031996031144894890240000067000000
031996031033393390220000036300000
031996031111591590010000065700000
031996031083493490250000002600000
031996031091791790270000012100000
031996031133193190270001105500000
031996031140190190250003150300000
031996031090890890040009980800000
031996031113293290210000290600000
031996031090890890270001495300000
031996031101091090110000037800000
031996031153093090200000068200000
031996031024494490140000020900000
031996031083493490150000010200000
031996031084794790330000023000000
031996031014194190040000055800000
031996031083793790220000036200000
031996031080590590100000036100000
031996031083493490280000003600000
031996031174694690050000047400000
031996031074594590010000047800000
031996031133193190100001930900000
031996031092592590210008343600001
031996031122892890550000048600000
031996031071391390190000015300000
031996031140190190020000936000000
031996031140190190230003306100000
031996031140190190240003195800000
031996031092592590030001121100000
031996031094394390080001610900000
031996031144894890200000038800000
031996031162692690170000020000000
031996031014194190050000063400000
031996031074594590090000056200000
031996031014194190190000078500000
031996031014194190200000047100000
031996031090890890120000161300000
031996031091791790130000028000000
031996031083493490260000007200000
031996031122892890590000225800000
031996031153093090020000057800000
031996031083493490240000007200000
031996031111591590110008655400000
031996031053533530040000679300000
031996031024494490040000217800000
031996031083793790230000019400000
031996031133193190190000301100000
031996031112792790200000448100000
031996031111591590210002652200000
031996031170390390140000137800000
031996031012192190030000012400000
031996031122892890370000040400000
031996031053843840200000000000000
031996031084994990100000008400000
031996031033393390200000044100000
031996031070290290160000012500000
031996031112792790090002356900000
031996031025095090120003478600000
031996031022292290150000620800000
031996031091791790120012881800001
031996031070290290050000012900000
031996031133193190020000034100000
031996031170390390110000497200000
031996031083793790170000000000000
031996031033393390010000011000000
031996031174694690180007382500000
031996031084794790310000004400000
031996031014194190240000059600000
031996031113293290060000099000000
031996031033393390180000389800000
031996031153093090050000045200000
031996031144894890220011784100000
031996031011891890090018958600001
031996031170390390230035423300001
031996031174694690370000016900000
031996031162692690070000635600000
031996031033393390140001572800000
031996031011891890020000112100000
031996031011491490150000055400000
031996031053513510120000074800000
031996031033393390250000051400000
031996031113693690140000062200000
031996031112792790150000075500000
031996031053843840050000013500000
031996031144894890270003459900000
031996031140190190010000974300000
031996031133193190250001261600000
031996031133193190210000263600000
031996031142092090080007657200001
031996031113693690080001734900000
031996031170390390150000113000000
031996031122892890480000391600000
031996031082492490040000038400000
031996031090890890130000134800000
031996031011891890150000020600000
031996031011491490220000005900000
031996031174694690330000028200000
031996031113693690020000068000000
031996031174694690060000031000000
031996031174694690120000080000000
031996031174694690140000048000000
031996031171291290100000025400000
031996031083793790100000036100000
031996031053513510040000065700000
031996031083793790240000012200000
031996031144894890180019515500001
031996031091791790090001632000000
031996031174694690150000327300000
031996031113293290190000377400000
031996031012192190040000010700000
031996031070290290210000027100000
031996031170390390340000024000000
031996031084794790210000057100000
031996031113693690160000053200000
031996031113693690010000105700000
031996031010490490200000020100000
031996031053513510030000073800000
031996031053873870040000209300001
031996031133193190110001764000000
031996031091791790100013388900001
031996031080590590040000008400000
031996031083493490010000006100000
031996031084794790140000029700000
031996031071391390060013566200001
031996031171291290090000624700000
031996031071991990220000003200000
031996031111591590080000029600000
031996031094394390280000018600000
031996031122892890200000000000000
031996031153093090060034136200001
031996031040710710020014295600001
031996031094394390050005862200000
031996031070290290150009936100001
031996031071391390130013291700000
031996031090890890310047928600000
031996031122892890120001670600000
031996031012992990210002222200000
031996031010490490080000499600000
031996031012392390110000840500000
031996031112792790140000114200000
031996031092592590220000011400000
031996031122892890330000705600000
031996031122892890350000491400000
031996031140190190030000915100000
031996031144894890160019924300001
031996031142092090090007348700000
031996031113293290200000385500000
031996031111591590230002164900000
031996031171291290140001925300000
031996031174694690010015912800000
031996031174694690310001957600000
031996031012992990020000097200000
031996031080990990040000040000000
031996031084094090080000022800000
031996031122892890520000085100000
031996031071391390140000048400000
031996031084794790090000026100000
031996031084294290110000007800000
031996031122892890030000058600000
031996031112792790080002449400000
031996031101091090190000540500000
031996031092592590200008330800001
031996031090890890290000171400000
031996031144894890250003608800000
031996031142092090010005761600000
031996031142092090020005621300000
031996031092592590020001167100000
031996031171291290160001736400000
031996031091791790170000157100000
031996031040710710130000928900000
031996031170390390160000104900000
031996031112792790100000033000000
031996031014194190030000091000000
031996031122892890560000189600000
031996031100690690120000018500000
031996031174694690070000031500000
031996031133193190090000022000000
031996031111591590060000052900000
031996031090890890180000426600000
031996031022292290160000493000000
031996031094394390210010161400000
031996031011891890270000017800000
031996031153093090150024886300000
031996031025095090040000022500000
031996031171291290220000138000000
031996031094394390070001879400000
031996031113693690090001622300000
031996031170390390190006906700000
031996031174694690030014314200000
031996031091791790180000023700000
031996031084794790230000019300000
031996031122892890530000086500000
031996031122892890600000174500000
031996031101091090100000025400000
031996031113693690120007874700000
031996031113293290160002652400000
031996031111591590100008826000000
031996031091791790110013018600001
031996031082492490110014895500001
031996031112792790220012316300001
031996031170390390210036508900001
031996031010490490190000031200000
031996031014194190080000079400000
031996031063993990010000064000000
031996031083493490030000009800000
031996031011191190130000038500000
031996031094394390010000021200000
031996031053863860030000258600000
031996031101091090200000521500000
031996031100690690070000461700000
031996031090890890370078238600000
031996031090890890380077230700000
031996031092592590190008643700001
031996031094394390060000304200000
031996031162692690140000022600000
031996031071991990130000012600000
031996031070290290180009974500001
031996031101091090160012288700001
031996031012392390090019671500001
031996031012392390100019657800001
031996031101091090010000143800000
031996031080990990100000342200000
031996031025095090090024756100001
031996031022292290200005781400001
031996031122892890430000118200000
031996031144894890190000045500000
031996031091791790210010293400000
031996031113293290100007471000000
031996031084094090020002980500000
031996031080590590190000002000000
031996031011191190170000045100000
031996031171291290080000635900000
031996031113693690270000366300000
031996031140190190080000018800000
031996031012992990150025142100001
031996031012992990160024410600000
031996031014194190120030384300000
031996031070290290130010118600001
031996031185195190080001648700001
031996031111591590050000570600000
031996031012992990090000229100000
031996031011891890160000153700000
031996031142092090230000311200000
031996031012392390180000038700000
031996031162692690060000654800000
031996031082492490100015060600001
031996031112792790240012107900001
031996031011891890100018579100000
031996031185195190090001590900001
031996031122892890300001220700000
031996031011891890060000046300000
031996031011491490160000033500000
031996031084794790020000023800000
031996031113693690130000085500000
031996031112792790010000017800000
031996031133193190060002465400000
031996031092592590130000819400000
031996031040720720020000055800000
031996031040710710070002385700000
031996031185195190010000069600000
031996031084094090170000839100000
031996031053533530060000056100000
031996031011191190100007550000000
031996031084994990150007106900001
031996031025095090070025525200001
031996031011491490100020679100001
031996031071391390180000041300000
031996031090890890110000065000000
031996031094394390290000010800000
031996031142092090220000010800000
031996031101091090130010737600000
031996031080990990170011931100001
031996031080590590110006558200001
031996031053843840080011245200001
031996031100690690020015836000000
031996031071691690060006748100001
031996031033393390260028776800001
031996031012392390160014651800000
031996031011891890070000031100000
031996031012992990040000070300000
031996031082492490240000257300000
031996031011891890040000083000000
031996031122892890400000154900000
031996031053513510150000042700000
031996031111591590150000055600000
031996031111591590130000074300000
031996031144894890300006551400000
031996031091791790150000973500000
031996031092592590150000627000000
031996031040710710080002052300000
031996031122892890450050768000000
031996031024494490150000493800000
031996031024494490170000419200000
031996031084294290160000366300000
031996031153093090090004005700000
031996031053863860040000055900000
031996031071391390050013566400001
031996031082492490220011217100000
031996031162692690020006361200001
031996031071691690110005661500000
031996031170390390090030824300000
031996031083793790190007885600000
031996031080990990050006967800001
031996031010490490140013227900001
031996031071391390200000022500000
031996031053843840070000173700000
031996031011891890130001106000000
031996031011891890140001049300000
031996031122892890240000271000000
031996031082492490250000247900000
031996031053533530050000007900000
031996031113693690150000053500000
031996031053853850060000002900000
031996031111591590140000037300000
031996031082492490160000017700000
031996031133193190070002430500000
031996031144894890280006700000000
031996031022292290020000827600000
031996031084794790060004020000000
031996031080990990010002445000000
031996031082492490020001997400000
031996031083493490110000753700000
031996031083493490120000710100000
031996031144894890140005803500000
031996031133193190150003042600000
031996031014194190140012559600000
031996031040710710090011480800001
031996031053873870030000125700000
031996031024494490130003572300000
031996031053533530030000617800000
031996031011191190030024561300001
031996031012392390170014542900000
031996031174694690190058706500001
031996031022292290180005898600001
031996031084794790320000024600000
031996031014194190020000115800000
031996031174694690270000096000000
031996031122892890070000237300000
031996031090890890160104660900001
031996031113693690200015816200000
031996031025095090150016027200000
031996031025095090160015798600000
031996031033393390060000183300000
031996031084094090060000140500000
031996031012392390050000038700000
031996031144894890110015265500000
031996031040710710030002512700000
031996031074594590150013605300000
031996031033393390080000148900000
031996031142092090180000013700000
031996031070290290090000086500000
031996031053843840030000071200000
031996031074594590060000128900000
031996031092592590100000024300000
031996031091791790010000035400000
031996031080990990160000048100000
031996031084794790160011358000000
031996031053853850020001473200001
031996031012992990200025933400001
031996031074594590170000049500000
031996031113693690250000056500000
031996031091791790230003507400000
031996031083493490190005858700001
031996031080990990200000013900000
031996031122892890420000163900000
031996031080590590080000006200000
031996031083793790090000073100000
031996031100690690130000017200000
031996031094394390100012094600001
031996031094394390120011612500001
031996031142092090070008144000001
031996031140190190150003801700000
031996031162692690160000036900000
031996031084094090050000141600000
031996031071691690010000056700000
031996031071691690020000056900000
031996031040710710040002340600000
031996031195295290020001027100000
031996031142092090190000012800000
031996031083493490070000061400000
031996031053863860020000001800000
031996031112792790180000034900000
031996031012392390040000053800000
031996031012392390060000038400000
031996031080590590020000194100000
031996031053873870020000001900000
031996031122892890140001374300000
031996031084294290010000027400000
031996031092592590170003614100000
031996031084994990040000094400000
031996031082492490310000039300000
031996031090890890150105937100001
031996031033393390110027860700000
031996031082492490260000037300000
031996031094394390170000018700000
031996031084294290020000044100000
031996031011491490130000034400000
031996031084794790030000099800000
031996031100690690150000038800000
031996031083793790160000054000000
031996031082492490080001526400000
031996031170390390260000041400000
031996031170390390290000640100000
031996031080590590200000040300000
031996031083793790050000164200000
031996031012992990070009015100000
031996031011491490020008201700000
031996031053523520010000869000000
031996031171291290240011304300000
031996031171291290250011241200000
031996031122892890170105693900001
031996031122892890190099177300000
031996031080590590050003386400001
031996031080590590070003324200000
031996031100690690190000156700000
031996031100690690210000133500000
031996031101091090030000106900000
031996031070290290120000016400000
031996031022292290050000024000000
031996031071391390160000092200000
031996031174694690200057087000001
031996031024494490010004344700001
031996031071691690040000050900000
031996031012992990140000061400000
031996031082492490180000026400000
031996031082492490300000043400000
031996031122892890210000266700000
031996031122892890080000130900000
031996031122892890090000121300000
031996031074594590190000057700000
031996031092592590070006645800000
031996031113693690210015250600000
031996031040720720010001267300000
031996031033393390100028062300001
031996031170390390040000113900000
031996031022292290090000040000000
031996031101091090050000042100000
031996031012992990100000071300000
031996031014194190210000069500000
031996031053843840020000083500000
031996031063993990120000153300000
031996031133193190240011050700001
031996031122892890180100204400000
031996031063993990200011716500000
031996031083793790200007789800000
031996031010490490150012820100001
031996031080590590170000026800000
031996031071691690150000040000000
031996031025095090260000044000000
031996031094394390220000034400000
031996031033393390090000044000000
031996031071991990110000038800000
031996031122892890310000402000000
031996031142092090050008624800001
031996031111591590030020382300000
031996031170390390030000146700000
031996031084994990060000180400000
031996031084994990080000114100000
031996031080590590030000174000000
031996031122892890150001071800000
031996031084794790050000077800000
031996031100690690160000042600000
031996031142092090260005095700000
031996031014194190100031453200001
031996031053863860050000101400000
031996031162692690100008339100001
031996031071991990040005053700001
031996031033393390280028162700001
031996031010490490030002462600000
031996031010490490170000046000000
031996031011191190190000059900000
031996031014194190010000196500000
031996031084794790010000041800000
031996031063993990020000042400000
031996031033393390230000082500000
031996031171291290210000046500000
031996031053513510160000030900000
031996031111591590070000110600000
031996031142092090110007049100000
031996031090890890260021983700000
031996031122892890470046353200000
031996031063993990050003697000000
031996031053513510130000130700000
031996031090890890240026453800000
031996031144894890090001008400000
031996031162692690120001436400000
031996031080990990030002141600000
031996031083793790020001735000000
031996031082492490010002183600000
031996031084094090180000748500000
031996031084994990190000650300000
031996031140190190200001769900000
031996031140190190210001688800000
031996031053843840140001667200000
031996031014194190130013382300000
031996031153093090160000202900000
031996031053853850050000007400000
031996031011191190090000118200000
031996031092592590110000021600000
031996031091791790030000022600000
031996031080590590210000025800000
031996031084794790280000127800000
031996031090890890140113618300001
031996031142092090060008265600001
031996031112792790120006957800000
031996031033393390070000154900000
031996031111591590240000138700000
031996031094394390150000036800000
031996031071991990010000046000000
031996031084794790040000086800000
031996031011891890210000045700000
031996031024494490070000029500000
031996031100690690170000034300000
031996031083793790140000072600000
031996031133193190220011212600001
031996031170390390240000125100000
031996031171291290180000557800000
031996031083493490230000049300000
031996031083793790060000116700000
031996031082492490140000018700000
031996031024494490100000006800000
031996031011491490190001122100000
031996031012392390120000699300000
031996031012392390130000675000000
031996031122892890260000472400000
031996031053843840170000028300000
031996031174694690340000134100000
031996031053513510140000114200000
031996031140190190120001161100000
031996031092592590140000697800000
031996031153093090100003413300000
031996031153093090110003520000000
031996031053523520040000182700000
031996031011191190120006703200000
031996031140190190180000021600000
031996031111591590250000086800000
031996031071691690030000048300000
031996031010490490010000028600000
031996031053533530020000004100000
031996031122892890160001253300000
031996031011891890200000061000000
031996031122892890500000037300000
031996031071991990150000015100000
031996031091791790220010313900000
031996031113293290090007759400001
031996031040720720030000239500000
031996031074594590140013782700001
031996031153093090130025687000001
031996031133193190180000031100000
031996031012192190050000020200000
031996031101091090060000055800000
031996031082492490090001487400000
031996031174694690090002238800000
031996031084794790300000075800000
031996031053843840120000139100000
031996031091791790160000947800000
031996031083493490100000828300000
031996031142092090150002389200000
031996031070290290030002111700000
031996031071691690090000732200000
031996031071391390010002533600000
031996031071691690100000719700000
031996031100690690040003945500000
031996031053853850030000153900000
031996031053843840150001546100000
031996031012192190170002399800000
031996031014194190150012127600000
031996031025095090030000035600000
031996031133193190200000275500000
031996031144894890170019645000001
031996031174694690040000208000000
031996031170390390170000185200000
031996031112792790190000508700000
031996031111591590220002257000000
031996031122892890580000105400000
031996031113293290010000033700000
031996031090890890170000635900000
031996031053513510020008837800000
031996031174694690220000000000000
031996031024494490050000185700000
031996031025095090110003728500000
031996031094394390200010256500000
031996031171291290020000028400000
031996031011191190200000039100000
031996031162692690040006192600000
031996031063993990190011770500000
031996031170390390080031120500000
031996031080990990070006533600000
031996031071991990200003426100000
031996031022292290110005212500001
031996031014194190280047702900001
031996031012392390080020116200001
031996031025095090240000044000000
031996031091791790250003285900000
031996031024494490030004318200001
031996031082492490200011475300001
031996031053843840190011411800001
031996031012192190190013457100001
031996031012992990180027358600001
031996031071691690170000021200000
031996031084294290030000024700000
031996031083493490200005826000001
031996031084294290140000003700000
031996031033393390130000071600000
031996031185195190030000005400000
031996031111591590020021652400001
031996031111591590040020126100000
031996031113293290110007370400000
031996031100690690270019718400001
031996031084294290080001912700000
031996031084294290100001798800000
031996031084094090030002916700000
031996031112792790030000007900000
031996031122892890380000090000000
031996031082492490170000010500000
031996031140190190100001198500000
031996031080590590140000803400000
031996031082492490030001917400000
031996031140190190220001628300000
031996031011191190110006979000000
031996031091791790080001775700000
031996031113693690070002101000000
031996031170390390060001045100000
031996031040710710140000724700000
031996031133193190160000028000000
031996031011891890050000041500000
031996031025095090180000068300000
031996031122892890490000166500000
031996031011491490210000011800000
031996031100690690110000019900000
031996031112792790060000037800000
031996031113293290020000016900000
031996031153093090190000025600000
031996031113293290080000019800000
031996031082492490050000020800000
031996031084994990010000007600000
031996031040710710100010698200000
031996031071691690120005674400001
031996031053843840180011897600001
031996031080990990060006615700000
031996031022292290130005083900000
031996031011191190020025661500001
031996031011891890260022295900001
031996031185195190070000192400000
031996031100690690200000148000000
031996031025095090010000218400000
031996031071691690160000034800000
031996031091791790240003339600000
031996031022292290190005846400001
031996031101091090220000008000000
031996031071991990100000058500000
031996031122892890320000238900000
031996031133193190010000060600000
031996031053863860010000547100001
031996031024494490110003649300001
031996031024494490120003570300000
031996031063993990180012031400001
031996031071991990210003382400000
031996031011891890240023055000001
031996031012192190200013161400001
031996031012192190210013019200001
031996031025095090020000173200000
031996031084794790250000149600000
031996031084794790270000096500000
031996031171291290130000066700000
031996031113693690240000095600000
031996031174694690160008597700000
031996031094394390140000015300000
031996031090890890100000077500000
031996031084094090150005027700001
031996031040730730020001689200000
031996031113293290040010519400001
031996031011191190040024268500001
031996031010490490160012791100001
031996031022292290040000038600000
031996031174694690240000197300000
031996031174694690260000123300000
031996031084994990160007051800001
031996031174694690210056671600001
031996031071391390080000143300000
031996031100690690290000003700000
031996031084994990090000009900000
031996031090890890210000311100000
031996031091791790200010713700001
031996031144894890120015124700000
031996031112792790130006874100000
031996031074594590160013511100000
031996031100690690260020091700001
031996031101091090210000004000000
031996031140190190130000009600000
031996031144894890020000397700000
031996031113293290070000068800000
031996031113293290050010451900001
031996031111591590160030794700001
031996031074594590020015762300001
031996031074594590040015480200001
031996031012192190130008518100001
031996031090890890320047388300000
031996031122892890130001750600000
031996031084094090160000136100000
031996031082492490190000192100000
031996031025095090230000286700000
031996031012992990050000068900000
031996031080990990220000076900000
031996031053513510220000041000000
031996031012192190020000022900000
031996031053843840160000033500000
031996031170390390330000142200000
031996031083493490020000012700000
031996031100690690230000033900000
031996031112792790020000011200000
031996031071691690180000009800000
031996031010490490050000018400000
031996031174694690170007686900000
031996031071391390070000007100000
031996031011491490080021237800001
031996031084994990220000022400000
031996031195295290050001344300001
031996031080990990190011647300001
031996031063993990150017089100001
031996031094394390030006064400000
031996031053843840090010873300000
031996031142092090240005636800000
031996031142092090250005139400000
031996031162692690080008516700001
031996031171291290060013210600001
031996031111591590180029524400001
031996031071391390120013358900000
031996031112792790230012215900001
031996031053843840060000183600000
031996031111591590190000101400000
031996031090890890340000662300000
031996031094394390250001395200000
031996031144894890070001131500000
031996031195295290070000096400000
031996031022292290010000921500000
031996031024494490160000439200000
031996031084294290170000334400000
031996031080590590160000737700000
031996031080990990020002240500000
031996031083793790030001777500000
031996031084094090190000707700000
031996031144894890150005645500000
031996031142092090160002253400000
031996031074594590110002681500000
031996031074594590130002551700000
031996031071991990070001119600000
031996031053873870010000007100000
031996031011891890170005682900000
031996031084994990180000686000000
031996031144894890130006130900000
031996031011891890180005432300000
031996031011891890190005225200000
031996031133193190030009096100001
031996031083493490050004361800000
031996031083493490060004315700000
031996031014194190270047426800001
031996031022292290080000083900000
031996031083793790210000027800000
031996031083493490160000043900000
031996031071391390150000106400000
031996031122892890280155925100001
031996031092592590160003785500000
031996031024494490020004289500001
031996031074594590200000110400000
031996031022292290100000006700000
031996031092592590050000012300000
031996031140190190090000033300000
031996031142092090210000043200000
031996031012992990230001646800000
031996031010490490070000567000000
031996031012192190080000778800000
031996031170390390320000141600000
031996031113293290170000016100000
031996031070290290060000038700000
031996031070290290070000033300000
031996031070290290080000028300000
031996031091791790140001186000000
031996031040720720060000347000000
031996031033393390030010680100000
031996031025095090210005145700000
031996031133193190140003152000000
031996031074594590120002594600000
031996031101091090070001894000000
031996031133193190050008747000000
031996031083493490040004630900001
031996031084994990260004935200001
031996031084994990280004697600000
031996031070290290200009735900000
031996031071991990080001056700000
031996031012392390210004320900000
031996031011491490010008548800000
031996031011491490030008104000000
031996031082492490210011347800000
031996031174694690290050577700000
031996031170390390070031966600001
031996031083793790180008031400001
031996031101091090170012216900001
031996031014194190260049016000001
031996031012992990190026324100001
031996031101091090020000112900000
031996031082492490060000011700000
031996031084094090110000049000000
031996031025095090250000079900000
031996031144894890040000031700000
031996031083493490180005993000001
031996031122892890440000259700000
031996031071991990120000033200000
031996031094394390110011713200001
031996031113693690050000046700000
031996031113693690060000035100000
031996031185195190100000004200000
031996031122892890340000532600000
031996031122892890460048597500000
031996031025095090190005654100000
031996031083793790010001837600000
031996031070290290040002083500000
031996031012392390200004365900000
031996031012992990060009784900000
031996031162692690030006236800000
031996031185195190060000218300000
031996031080990990080000494100000
031996031080990990090000386400000
031996031012992990010000078300000
031996031171291290120000072700000
031996031174694690250000138600000
031996031144894890030000038400000
031996031144894890050000032700000
031996031053873870050000112200000
031996031014194190070000091500000
031996031153093090010000175400000
031996031012992990220001731000000
031996031014194190160004813700000
031996031014194190170004012200000
031996031011191190160003190100000
031996031012192190090000657100000
031996031033393390150001302600000
031996031033393390160001237300000
031996031111591590200000045000000
031996031090890890060000162000000
031996031090890890070000144500000
031996031053843840130000092400000
031996031144894890080001023300000
031996031162692690130001416600000
031996031084294290150000398700000
031996031084794790080003612800000
031996031071391390030002405900000
031996031101091090090001690900000
031996031053513510100001803800000
031996031094394390230001642400000
031996031063993990060003682800000
031996031195295290080000087800000
031996031033393390040010338800000
031996031022292290030000791000000
031996031025095090200005365600000
031996031133193190130003371100000
031996031071991990090001049000000
031996031100690690060003713400000
031996031012992990080009026100000
031996031133193190040008872700000
031996031174694690300049707300000
031996031053513510050009801500001
031996031053513510060009445200000
031996031080590590060003365600000
031996031011891890250022439700001
031996031022292290070000139400000
031996031084994990110000013600000
031996031084994990120000007500000
031996031084994990050000083800000
031996031053843840210000000000000
031996031063993990080000026300000
031996031100690690180000007900000
031996031025095090130000031200000
031996031113693690230000053600000
031996031084094090120000010500000
031996031090890890190000402700000
031996031053853850040001252200000
031996031053843840100009527000000
031996031090890890360082683400001
031996031094394390190010695700001
031996031122892890050000109500000
031996031122892890060000088600000
031996031022292290060000019100000
031996031014194190220000052300000
031996031185195190040001067500000
031996031185195190050000989700000
031996031171291290230011416300001
031996031070290290190009794600000
031996031071691690130005542800000
031996031091791790280000019600000
031996031071991990180000009700000
031996031092592590060007028500001
031996031144894890100015736500001
031996031084094090010003069700001
031996031084094090100000005200000
031996031170390390120000465400000
031996031113293290130000011000000
031996031082492490320000006400000
031996031014194190230000113600000
031996031084994990210000025900000
031996031195295290030000033200000
031996031195295290040000026300000
031996031144894890060000000900000
031996031090890890010000057400000
031996031011491490050015621700000
031996031053853850010001200000000
031996031084294290060002996300001
031996031010490490120010878800000
031996031063993990170016604900001
031996031011491490140000006100000
031996031084994990020000004000000
031996031071691690190000003900000
031996031012192190120000004900000
031996031091791790040000020100000
031996031153093090030000079200000
031996031011491490040015860500001
031996031101091090120011049000001
031996031040710710010014885100001
031996031071691690070006669300001
031996031071991990060004901600001
031996031111591590170029716800001
031996031140190190050004192800001
031996031024494490080000025500000
031996031024494490090000018000000
031996031090890890390000448100000
031996031090890890400000295900000
031996031083793790150000057500000
031996031133193190230011010000001
031996031170390390270000019600000
031996031174694690110001684300000
031996031080590590220000021900000
031996031084994990230000026500000
031996031080990990150000048900000
031996031092592590090000019700000
031996031174694690100001950100000
031996031113693690030000027800000
031996031084094090040000009800000
031996031084994990030000130000000
031996031083793790070000115000000
031996031083493490170000007600000
031996031025095090050000019100000
031996031080990990210000029800000
031996031090890890220000147500000
031996031074594590180000076000000
031996031140190190140003923400001
031996031140190190160003782500000
031996031113693690220016264200001
031996031025095090140016476600001
031996031100690690280019610300001
031996031142092090170000026100000
031996031083493490080000046900000
031996031140190190170000025800000
031996031053513510170000016400000
031996031153093090170000169600000
031996031070290290110000058000000
031996031074594590070000106400000
031996031071991990020000035100000
031996031170390390250000067500000
031996031084794790290000086100000
031996031084994990240000016700000
031996031080990990140000075000000
031996031053513510090001986300000
031996031012192190180002370200000
031996031170390390050000118800000
031996031140190190190000020900000
031996031162692690150000052800000
031996031094394390160000020000000
031996031070290290100000064900000
031996031012992990120000043400000
031996031112792790160000068400000
031996031112792790170000041900000
031996031084994990070000126500000
031996031011891890220000039800000
031996031113293290120000051700000
031996031082492490150000012700000
031996031071991990140000019700000
031996031084794790260000110200000
031996031084294290040000016900000
031996031113693690260000050600000
031996031122892890270159526000001
031996031122892890290154901000001
031996031053513510080016427400001
031996031071391390100000101000000
031996031090890890200000187200000
031996031083793790080000082200000
031996031082492490290000070800000
031996031025095090170000063900000
031996031091791790260000046800000
031996031084294290090001974000001
031996031195295290010001020200000
031996031053513510180000014100000
031996031082492490270000025200000
031996031084094090070000107800000
031996031012992990110000047700000
031996031063993990140000111800000
031996031071391390020002445100000
031996031071691690080000774400000
031996031153093090120001748400000
031996031101091090080001746300000
031996031100690690050003754600000
031996031071391390040013776400001
031996031084994990270004769200000
031996031084794790150011616100001
031996031101091090150012534200001
031996031071991990190003493200001
031996031022292290120005173800000
031996031084994990130000006900000
031996031171291290110000100600000
031996031071391390170000089900000
031996031084994990140007238100001
031996031053513510070017037700001
031996031092592590180003588300000
031996031025095090080025045500001
031996031071391390090000109700000
031996031070290290010000080200000
031996031074594590080000103200000
031996031122892890100000088300000
031996031082492490070001807600000
031996031170390390300000568000000
031996031082492490130000049300000
031996031012192190070000014800000
031996031101091090040000046800000
031996031063993990130000127000000
031996031170390390280000753500000
031996031171291290200000440000000
031996031083493490210000076600000
031996031092592590080006562300000
031996031112792790110007287900001
031996031033393390120027490600000
031996031153093090140024881400000
031996031083493490090000049100000
031996031082492490280000026100000
031996031012192190060000014100000
031996031080590590010000219800000
031996031071991990030000030300000
031996031091791790020000028200000
031996031090890890410000250500000
031996031040710710110001040900000
031996031040710710120000853500000
031996031084094090090000044000000
031996031083493490220000062200000
031996031171291290190000501100000
031996031083793790040000202500000
031996031084794790070003735100000
031996031084994990170000722000000
031996031070290290020002213900000
031996031012192190160002614500000
031996031012392390190004582900000
031996031153093090180000161600000
031996031084994990250000019700000
031996031012992990130000022300000
