022004031011190000770003861100000
022004031011190000900000030900000
022004031011890000240000048000000
022004031011890000650000024400000
022004031011890001500000039000000
022004031012190000240000016200000
022004031012190000520000009300000
022004031012190000980001454200000
022004031012990001380000279300000
022004031014190000240000070000000
022004031022290000490000002500000
022004031025090001180000025400000
022004031029990001460032242800007
022004031033390001110000079800000
022004031039990001300030797700004
022004031040790001560001055800000
022004031049990001300021573700004
022004031049990001580000041100000
022004031053590000650000033700000
022004031059990000170023522100003
022004031071390000240000035100000
022004031071390000250000048500000
022004031071390000900000008500000
022004031071990000490000004600000
022004031071990001110000007300000
022004031071990001300005707800002
022004031074590001460016780700002
022004031080990000490000007400000
022004031083490000700000341500000
022004031084090000900000003300000
022004031084090001090000008900000
022004031084290000490000001700000
022004031084790000530000021300000
022004031084790000900000007700000
022004031089990000970000185100000
022004031089990001070000009100000
022004031090890000410042898600004
022004031090890000790000032400000
022004031094390000520000012200000
022004031094390000680000022700000
022004031099990000410063890200008
022004031099990000470000183600000
022004031099990000510000037700000
022004031099990001160000202800000
022004031099990001180000155000000
022004031100690000900000009900000
022004031100690001110000061700000
022004031101090000520000005200000
022004031101090001170000015000000
022004031111590000240000101200000
022004031113290001180000021500000
022004031113690000340000036600000
022004031113690000660000037800000
022004031010490001180000020500000
022004031011490000980001964800000
022004031011490001170000041300000
022004031011890000340000020300000
022004031011890000520000017000000
022004031012390000650000015000000
022004031014190000900000029200000
022004031014190001300030646400004
022004031022290000240000011700000
022004031022290000650000011800000
022004031024490001030000700000000
022004031025090000490000013600000
022004031029990001180000035900000
022004031029990001300028489300005
022004031033390000250000134800000
022004031033390000530000025300000
022004031040790000090000123700000
022004031049990000250000158800000
022004031049990001560001055800000
022004031053890000240000065700000
022004031059990000070000271500000
022004031059990000900000026100000
022004031071990000530000009100000
022004031071990001360000033000000
022004031074590000650000016300000
022004031074590001010000013400000
022004031079990001180000082900000
022004031079990001220000027300000
022004031079990001360000033000000
022004031080590001170000008700000
022004031083790000530000009500000
022004031084290000600000293400000
022004031084990000530000006200000
022004031089990000900000040800000
022004031089990001180000131600000
022004031089990001460070505300014
022004031090890000250000268600000
022004031091790000520000023700000
022004031091790001150000020100000
022004031091790001290000062000000
022004031092590000680000038200000
022004031094390001180000016000000
022004031099990000620023479000002
022004031099990000910000041000000
022004031099990001300062610700006
022004031100690001460021917200003
022004031111590000530000024300000
022004031111590001010000043000000
022004031119990000660000166900000
022004031119990000900000053900000
022004031122890001180000177000000
022004031122890001510000102900000
022004031129990001510000102900000
022004031011490000240000039000000
022004031011490000530000017900000
022004031011890000980001403000000
022004031011890001010000020100000
022004031011890001300019348400003
022004031012190000490000006800000
022004031012390000250000038000000
022004031012390000520000010500000
022004031014190001470063929300008
022004031019990000980018186800000
022004031019990001170000259600000
022004031019990001570000031800000
022004031022290000900000004900000
022004031022290001170000007400000
022004031025090000270008116000001
022004031025090001030002275800000
022004031029990001010000002300000
022004031029990001170000071900000
022004031039990000200000058200000
022004031039990001040000429200000
022004031040790001460018562300004
022004031049990000900000013400000
022004031059990000490000045600000
022004031059990001080000159200000
022004031059990001640001861200000
022004031063990000530000020900000
022004031069990000250000132600000
022004031070290001170000035300000
022004031071690000650000009100000
022004031071690001110000008400000
022004031074590000240000055700000
022004031079990000900000028700000
022004031079990001300054776400011
022004031080990001510000321800000
022004031083490000250000028700000
022004031084790000240000101500000
022004031084790000430000011900000
022004031084990001460005375700001
022004031089990000430000011900000
022004031089990000490000042900000
022004031089990000600000293400000
022004031089990001510000681600000
022004031101090000830000124700000
022004031111590000100000165900000
022004031112790000150002531300000
022004031112790001300012398600002
022004031112790001490009270800002
022004031113290000260000058600000
022004031113290000520000007000000
022004031113290000570000019500000
022004031113690001300027945400003
022004031122890000110000092300000
022004031122890000430000052800000
022004031011490001010000022700000
022004031012190001500000024800000
022004031014190001180000085800000
022004031019990000340000195600000
022004031024490001110000011000000
022004031024490001300003592000001
022004031025090000250000078900000
022004031025090001460022477600003
022004031029990000490000016100000
022004031033390000200000058200000
022004031039990001460030524000004
022004031053890001080000054800000
022004031059990000520000035400000
022004031059990001300034267200006
022004031070290000720000914500000
022004031071990000240000015900000
022004031071990000650000011300000
022004031074590000250000053000000
022004031074590001180000032200000
022004031080590001510000053200000
022004031083490001170000016400000
022004031083490001180000015200000
022004031083790000650000014000000
022004031083790001180000022700000
022004031084090000340000004900000
022004031084290000240000008900000
022004031084290001070000002800000
022004031084290001170000003900000
022004031084790000700001302900000
022004031084790000970000185100000
022004031084790001180000049100000
022004031089990000860000158100000
022004031089990001090000085700000
022004031091790001100000029900000
022004031099990000480000233200000
022004031101090001300011862700002
022004031111590000150008645900001
022004031111590001490028732400004
022004031112790000520000007000000
022004031122890001460154467600016
022004031129990000250000999000000
022004031129990000840001598400000
022004031129990001460154467600016
022004031129990001540000041000000
022004031133190000340000035100000
022004031133190000430000022100000
022004031139990000240000076300000
022004031140190000340000011000000
022004031140190000380000006400000
022004031142090000900000016100000
022004031142090001300005690400001
022004031144890000080001279100000
022004031149990000360042098000007
022004031011190000340000047700000
022004031011190000650000067000000
022004031011190001330000050000000
022004031011490000250000073600000
022004031011490000650000035600000
022004031011890000430000016700000
022004031011890001380000249000000
022004031012390000430000010900000
022004031012390000900000007200000
022004031012990000010000060300000
022004031019990001010000102300000
022004031019990001300151498700023
022004031022290000250000014900000
022004031024490000270000446300000
022004031024490000340000003000000
022004031024490000520000002900000
022004031029990000340000058100000
022004031039990000030000197000000
022004031040790000650000082500000
022004031040790001300021573700004
022004031049990000650000082500000
022004031053590000170008942000001
022004031053590000530000028800000
022004031053890000170014580100002
022004031053890000530000020000000
022004031059990000130000095700000
022004031063990000240000089600000
022004031069990000520000016700000
022004031069990000530000020900000
022004031069990001460014990600002
022004031070290001110000021200000
022004031071690000240000019100000
022004031071690000250000017100000
022004031071690000530000006200000
022004031071690000720000325800000
022004031071990000900000002800000
022004031071990001460005291500001
022004031074590001110000020800000
022004031080590000900000002900000
022004031082490000250000052700000
022004031083490001090000012400000
022004031083490001460005182400001
022004031084290000340000002300000
022004031084290001090000002800000
022004031084290001300002918700002
022004031084790001010000015200000
022004031089990000520000073800000
022004031090890000620019811600002
022004031090890001100000153400000
022004031090890001180000114100000
022004031090890001280000269100000
022004031091790001300004095900000
022004031092590000230000008500000
022004031010490001010000013500000
022004031011190001180000071300000
022004031011490000520000016100000
022004031012990000520000027000000
022004031012990000980003236800000
022004031012990001330000039200000
022004031014190000340000038900000
022004031022290001300005049300001
022004031024490001010000002300000
022004031024490001180000004000000
022004031029990001030003654000000
022004031033390000650000037700000
022004031033390001460030524000004
022004031039990000340000025400000
022004031039990001620000501300000
022004031053590000130000095700000
022004031053590001300020899500004
022004031069990001070000012600000
022004031069990001300019038300003
022004031070290001460010871500002
022004031071690001180000011200000
022004031071690001300006651500002
022004031071990000340000011600000
022004031071990000580000003500000
022004031079990000580000003500000
022004031079990001010000050900000
022004031079990001460053740500009
022004031079990001510000102100000
022004031080590000340000003100000
022004031080590001010000005600000
022004031080990000530000011800000
022004031080990000900000005500000
022004031082490001460015678600003
022004031083490000240000027900000
022004031083490000530000007000000
022004031084090000490000003400000
022004031084290000580000001700000
022004031084290000700000123000000
022004031084290001460002228700001
022004031084790000650000015700000
022004031084990001650000075400000
022004031089990000650000104200000
022004031090890000520000099900000
022004031090890001010000059100000
022004031090890001400126802800014
022004031092590000330006873500001
022004031092590000340000007300000
022004031092590000620000691000000
022004031092590001310003411600000
022004031094390000620001469400000
022004031099990001400158674800021
022004031100690000520000007700000
022004031101090000530000010900000
022004031011490001300016666500003
022004031011890000900000011300000
022004031012390000340000013400000
022004031012390001380000106800000
022004031014190001410000058300000
022004031019990000530000219000000
022004031019990000770028737400000
022004031022290000520000003400000
022004031025090000520000019500000
022004031025090001110000024800000
022004031029990000650000042800000
022004031029990000900000016300000
022004031029990001110000046000000
022004031033390001180000041500000
022004031039990000520000018100000
022004031053590001080000104400000
022004031059990000340000051700000
022004031059990001460033308400006
022004031063990000700001214600000
022004031069990000490000014000000
022004031070290000520000016000000
022004031070290001010000011600000
022004031071390000520000013200000
022004031071390001010000014000000
022004031071690000340000006100000
022004031071990001180000010700000
022004031074590001220000027300000
022004031079990001530000060100000
022004031080990000340000014800000
022004031080990000860000158100000
022004031080990001460009172700002
022004031082490000650000018700000
022004031082490001510000010800000
022004031083490000340000005500000
022004031084990001090000005500000
022004031091790000340000013900000
022004031091790000470000183600000
022004031092590000900000003600000
022004031092590001260000004600000
022004031099990000520000141000000
022004031100690000490000012000000
022004031100690000750001658900000
022004031109990000900000013900000
022004031109990001460035682600005
022004031111590000450001412500000
022004031111590000520000023400000
022004031111590001300032938900004
022004031112790000570000022000000
022004031113290000900000005300000
022004031119990000520000062600000
022004031122890000650000153000000
022004031122890001300157663600017
022004031129990000710022510900002
022004031010490000240000025700000
022004031010490000250000027300000
022004031010490000520000013800000
022004031010490000770000952200000
022004031010490001170000017200000
022004031011190000520000037700000
022004031012190000770001509700000
022004031012390000530000013400000
022004031012990000490000022000000
022004031019990000010000293000000
022004031019990000240000333600000
022004031019990000430000050300000
022004031019990001110000037200000
022004031019990001180000405500000
022004031022290001030000678200000
022004031024490000530000005400000
022004031024490000650000005300000
022004031025090000530000020800000
022004031025090000760000059800000
022004031029990000250000103700000
022004031040790000520000027200000
022004031049990000530000032500000
022004031053590000070000120400000
022004031053590001640000987600000
022004031053890001280000058200000
022004031059990000240000144500000
022004031063990000490000014000000
022004031070290000490000009500000
022004031070290000900000004900000
022004031079990000520000056100000
022004031079990000530000048700000
022004031079990001170000137900000
022004031080590000530000006600000
022004031080590000650000009700000
022004031080990000520000011300000
022004031080990000650000021400000
022004031080990001300012241500002
022004031083790000340000010100000
022004031083790001170000028100000
022004031084090000250000043300000
022004031084090000700000347000000
022004031084290001180000003500000
022004031084290001510000007100000
022004031084790001460015540100002
022004031084990000340000005500000
022004031089990000280000242100000
022004031089990001170000169000000
022004031090890001160000158600000
022004031091790000620001507000000
022004031092590000530000008600000
022004031092590001100000010200000
022004031094390000480000016900000
022004031100690000250000049600000
022004031011490001110000000000000
022004031011890001180000041800000
022004031012190000010000015000000
022004031012190000250000035100000
022004031012390000770002448300000
022004031012390001300014328800002
022004031012990000530000034000000
022004031012990001010000046000000
022004031019990001410000058300000
022004031019990001500000211500000
022004031022290000530000004800000
022004031033390000490000017900000
022004031033390001040000429200000
022004031040790001580000041100000
022004031053890000490000020800000
022004031059990000650000064200000
022004031063990000340000020400000
022004031063990001460014990600002
022004031069990000340000020400000
022004031071390000720000858100000
022004031071990001170000017200000
022004031079990001110000076900000
022004031080590001090000005900000
022004031082490000520000017300000
022004031082490001340000023200000
022004031082490001590001340600000
022004031083490001010000011800000
022004031084290000530000003200000
022004031084790000340000012300000
022004031084990000700000337500000
022004031084990001170000012200000
022004031089990000250000368100000
022004031089990000580000001700000
022004031090890001260000056600000
022004031091790001260000008700000
022004031094390001400013666000003
022004031099990001130000006100000
022004031100690000650000026400000
022004031100690001180000018000000
022004031109990000340000028300000
022004031109990000520000012900000
022004031109990001170000035100000
022004031113690000900000021100000
022004031119990000570000225700000
022004031122890000870001960000000
022004031122890001280000089200000
022004031129990000490000090900000
022004031129990000800000018100000
022004031133190000780001989900000
022004031140190000350000783800000
022004031142090000380000020800000
022004031142090000530000011500000
022004031149990000350008090500001
022004031010490000530000017100000
022004031010490000900000010800000
022004031010490001300013543400002
022004031010490001500000012200000
022004031011190000010000073900000
022004031011190000530000049400000
022004031011490001380000155800000
022004031011890000250000068200000
022004031011890000530000019000000
022004031011890001170000041500000
022004031012190001300008417300002
022004031012190001460015457900003
022004031012390000010000020100000
022004031012990000240000058600000
022004031012990001300026906300004
022004031012990001460036775800006
022004031019990000020000090100000
022004031024490000900000001800000
022004031025090000650000025700000
022004031039990000490000017900000
022004031039990000650000037700000
022004031039990000730005925300000
022004031039990000900000021600000
022004031049990000090000123700000
022004031049990001460018562300004
022004031053590001180000055400000
022004031053890000860000473200000
022004031053890001180000034100000
022004031059990001250000409200000
022004031063990000520000016700000
022004031063990001110000043100000
022004031069990000310000143100000
022004031069990000700001214600000
022004031071690000900000003700000
022004031071990000250000050400000
022004031071990000720000531000000
022004031074590001280000015200000
022004031080990001170000022700000
022004031082490000240000029200000
022004031082490000530000015800000
022004031083490000900000002000000
022004031083790001090000011100000
022004031083790001610000187100000
022004031084090000520000004800000
022004031084090001170000019100000
022004031084990000240000019400000
022004031084990000520000005200000
022004031084990001540000014000000
022004031089990000530000088100000
022004031089990000700004769300000
022004031090890000510000037700000
022004031091790000680000082700000
022004031091790001400011308900002
022004031010490000340000012800000
022004031011490000900000013400000
022004031012390000980001549300000
022004031012390001180000050700000
022004031012990000770004718200000
022004031012990001110000000000000
022004031014190000250000223700000
022004031022290001110000010200000
022004031024490000250000009900000
022004031025090000900000009600000
022004031029990000240000077500000
022004031029990000520000025800000
022004031029990000530000031000000
022004031029990001230000009900000
022004031033390000730005925300000
022004031040790000250000158800000
022004031040790000340000022700000
022004031049990000340000022700000
022004031049990001520000040700000
022004031053590000900000015500000
022004031053890001640000873600000
022004031063990000250000132600000
022004031063990001300019038300003
022004031069990001180000069400000
022004031071390000340000012800000
022004031071390001300014250800002
022004031071690001510000018100000
022004031071990000520000007000000
022004031074590000530000019300000
022004031074590000900000008800000
022004031080590000700000359800000
022004031080590001180000011300000
022004031083490000490000003400000
022004031083790000490000005300000
022004031083790000900000008300000
022004031089990001650000075400000
022004031091790000480000021600000
022004031094390000460000261800000
022004031094390000790000003300000
022004031094390001100000039600000
022004031100690000440000150800000
022004031101090000240000030400000
022004031101090000250000027300000
022004031109990001180000029400000
022004031111590000660000108200000
022004031113290000240000023300000
022004031113290000660000008700000
022004031113690000150007076300001
022004031119990000150020868800002
022004031119990001010000065300000
022004031119990001180000274000000
022004031129990001070000023800000
022004031129990001110000174600000
022004031010490000010000012600000
022004031012190000340000011600000
022004031012190000530000009100000
022004031012190000900000005200000
022004031012390000240000022500000
022004031012390001470022861100004
022004031012990000340000031900000
022004031012990000900000019600000
022004031012990001570000031800000
022004031019990000250000665300000
022004031022290000270000862900000
022004031022290000740000365000000
022004031025090001230000009900000
022004031033390000520000018100000
022004031033390001620000501300000
022004031039990001180000041500000
022004031049990001550000075100000
022004031053590001460016792600003
022004031063990001180000069400000
022004031069990000240000089600000
022004031070290000340000022300000
022004031071390001180000028800000
022004031071390001460014727100003
022004031071690001170000012900000
022004031079990000240000162900000
022004031079990000340000068700000
022004031080590000240000032700000
022004031080590000520000007100000
022004031080590001220000007700000
022004031080590001460003864000001
022004031080990000700000770300000
022004031080990001010000017600000
022004031080990001660000015500000
022004031082490001170000021200000
022004031083490001300006044900002
022004031083490001510000080400000
022004031083790000520000009200000
022004031083790000700000471300000
022004031084090000530000006700000
022004031084090001300005250000002
022004031084290000520000002000000
022004031084790000280000242100000
022004031084790001170000036700000
022004031084990001510000009200000
022004031089990001590001416000000
022004031090890000910000041000000
022004031091790001190000015300000
022004031092590000790000003300000
022004031094390001280000037700000
022004031099990000240000263600000
022004031099990000430000011700000
022004031100690000240000042300000
022004031101090000650000012000000
022004031010490001380000077300000
022004031011190000250000108900000
022004031011490000010000045600000
022004031011890000770003122700000
022004031012190000650000014500000
022004031012390001110000000000000
022004031012990000250000090500000
022004031012990000650000067000000
022004031014190000650000111100000
022004031014190000770007334400000
022004031014190001110000000000000
022004031019990000490000028800000
022004031019990001380002412700000
022004031022290000340000022500000
022004031022290001180000006500000
022004031024490000240000008100000
022004031024490000740000251400000
022004031029990000740002183600000
022004031033390000030000197000000
022004031033390000340000025400000
022004031039990000250000134800000
022004031039990001110000079800000
022004031049990000590000266200000
022004031053890000070000151100000
022004031053890000650000030500000
022004031053890000820000037800000
022004031053890001250000409200000
022004031063990000900000050000000
022004031063990001070000012600000
022004031069990000900000050000000
022004031070290000250000058000000
022004031071390000650000010800000
022004031071390001110000019200000
022004031071690001460006069700001
022004031071990001010000011900000
022004031074590000340000015900000
022004031079990000250000227000000
022004031079990000650000061400000
022004031079990001280000015200000
022004031080590000250000013400000
022004031080990000240000042200000
022004031080990001070000006300000
022004031082490001300015068800002
022004031083790001510000016300000
022004031084790000520000012800000
022004031084990000490000006200000
022004031084990001590000075400000
022004031089990001340000132200000
022004031090890000240000211300000
022004031090890000460002673900000
022004031090890000480000181200000
022004031092590000460000117100000
022004031092590000480000013500000
022004031010490001460014586800003
022004031011190000240000053600000
022004031011190001110000000000000
022004031011190001300021641600003
022004031011890001470026887000004
022004031012990001170000051000000
022004031014190000010000065500000
022004031014190000520000039400000
022004031014190000980004500500000
022004031019990000520000170800000
022004031019990001330000089200000
022004031024490001460003615200002
022004031025090000740001567200000
022004031039990000530000025300000
022004031040790000530000032500000
022004031040790001520000040700000
022004031040790001550000075100000
022004031049990000520000027200000
022004031049990001450004028900000
022004031053590000340000030700000
022004031053590000490000024800000
022004031053890000520000013400000
022004031059990000860001103300000
022004031059990001180000089500000
022004031059990001280000058200000
022004031069990001110000043100000
022004031070290001300011033800002
022004031070290001510000015500000
022004031071390000490000006200000
022004031071390000530000014100000
022004031071390001530000060100000
022004031071690000520000003400000
022004031074590000520000016500000
022004031074590001300017132500003
022004031074590001510000028400000
022004031079990000490000036300000
022004031083490000650000010900000
022004031083790000250000048500000
022004031083790001300012893200002
022004031083790001340000051200000
022004031084090001180000011900000
022004031084090001510000046400000
022004031084290000650000003400000
022004031084790000250000056200000
022004031084790000490000010900000
022004031084990000900000003800000
022004031089990001300084662300019
022004031089990001540000014000000
022004031089990001610000187100000
022004031090890000340000102900000
022004031090890001320048550400005
022004031092590001150000008600000
022004031094390000240000020000000
022004031129990000870001960000000
022004031129990001280000089200000
022004031133190001170000077800000
022004031133190001600012765300002
022004031144890001280000168200000
022004031149990000080003856000000
022004031153090000880000707400000
022004031159990000190000030800000
022004031159990000490000036100000
022004031169990000240000027200000
022004031170390001350000028900000
022004031174690000340000080100000
022004031179990000140004075900000
022004031179990000900000048500000
022004031179990001460112770000014
022004031189990000340000006200000
022004031189990001480000080700000
022004031195290000700000022900000
022004031999990000490000458900000
022004031999990001180002175800000
022004031999990001350000105100000
022004031999990001461102616300164
022004031999990001530000060100000
022004031133190001460011390600002
022004031149990000240000147200000
022004031153090000900000018300000
022004031169990001460008139000002
022004031170390000970000546300000
022004031171290000240000075200000
022004031174690001110000111100000
022004031179990000970001506700000
022004031179990001010000066300000
022004031179990001350000105100000
022004031999990000470000183600000
022004031999990000590000266200000
022004031999990000610000085400000
022004031999990000820000037800000
022004031999990001210000230000000
022004031999990001250000409200000
022004031999990001270000037900000
022004031122890000710022510900002
022004031133190001070000062000000
022004031139990001600012765300002
022004031149990000370010234200000
022004031149990000520000026600000
022004031153090000340000025800000
022004031153090001010000042600000
022004031153090001110000041900000
022004031159990000650000052100000
022004031159990000700003078700000
022004031159990001460025224600003
022004031171290000530000021100000
022004031171290000850000215300000
022004031171290001120000025500000
022004031174690001010000032200000
022004031195290000860000013500000
022004031999990000070000271500000
022004031999990000270009425200001
022004031999990000350008090500001
022004031999990000840003749900000
022004031999990001110001297900000
022004031999990001550000075100000
022004031153090000240000115300000
022004031153090000490000036100000
022004031162690000650000025300000
022004031170390000530000047700000
022004031170390001180000067400000
022004031171290001460013923600002
022004031174690000530000056300000
022004031174690001170000199100000
022004031179990001430000109600000
022004031195290001460001127300000
022004031999990000010000293000000
022004031999990000110000092300000
022004031999990000700128408100005
022004031999990001140000023200000
022004031094390000430000011700000
022004031099990000250000364100000
022004031099990001100000233100000
022004031100690001300017669900003
022004031101090000900000004000000
022004031111590000570000077500000
022004031112790000450000257000000
022004031113690000520000025200000
022004031119990001300086546000012
022004031122890000520000194300000
022004031122890001020000208200000
022004031122890001170000288800000
022004031122890001540000041000000
022004031133190000520000019500000
022004031139990000340000035100000
022004031139990000430000022100000
022004031139990000520000019500000
022004031139990001460011390600002
022004031140190000240000036000000
022004031140190001420005613700002
022004031142090001420009810000002
022004031144890000900000026400000
022004031149990000900000052800000
022004031153090000250000095700000
022004031153090000650000052100000
022004031159990000520000022800000
022004031159990001140000023200000
022004031169990000340000012300000
022004031169990000650000025300000
022004031170390001300043481200006
022004031171290000430000069400000
022004031171290000900000006000000
022004031171290001180000028200000
022004031174690000510000024200000
022004031174690000520000053900000
022004031179990000420001329400000
022004031185190000700000021800000
022004031189990000700000021800000
022004031195290000240000008900000
022004031199990000520000004600000
022004031199990000860000013500000
022004031199990001300001485600001
022004031999990000020000090100000
022004031999990000080003856000000
022004031999990000250004020800000
022004031999990000280000242100000
022004031999990001040000429200000
022004031999990001500000211500000
022004031109990000250000076900000
022004031109990000440000391600000
022004031111590000900000020700000
022004031111590001180000113000000
022004031112790000100000032300000
022004031113690001180000112100000
022004031119990000240000250700000
022004031119990000450003190800000
022004031122890000050000221500000
022004031129990000430000052800000
022004031129990000530000267600000
022004031140190001180000102100000
022004031140190001300004899200001
022004031142090000360011540200002
022004031144890001180000184600000
022004031144890001210000230000000
022004031144890001300012988900002
022004031149990000380000051500000
022004031153090000190000030800000
022004031153090000530000035300000
022004031159990000880000707400000
022004031159990001010000042600000
022004031159990001170000065700000
022004031162690000340000012300000
022004031162690000520000015400000
022004031162690001300009244100002
022004031162690001460008139000002
022004031174690000250000362800000
022004031174690000420000829300000
022004031189990000650000003700000
022004031195290001010000003500000
022004031999990000030000197000000
022004031999990000140004075900000
022004031999990000830000313300000
022004031999990000980018186800000
022004031999990001220000156100000
022004031999990001520000040700000
022004031129990000960000130200000
022004031129990001010000102400000
022004031140190000530000007100000
022004031140190000900000010300000
022004031142090000370002866800000
022004031142090000650000050500000
022004031149990001300023578500004
022004031153090000520000022800000
022004031153090001170000065700000
022004031159990001110000041900000
022004031169990001170000043400000
022004031169990001300009244100002
022004031170390000400003477400000
022004031170390000520000029900000
022004031170390000850000823500000
022004031171290000490000017200000
022004031171290001350000015200000
022004031174690001180000090500000
022004031179990000430000272100000
022004031179990001110000233200000
022004031199990000340000003000000
022004031999990000340001518000000
022004031999990000440000391600000
022004031999990000900000676800000
022004031999990000910000041000000
022004031999990001020000208200000
022004031999990001260000075700000
022004031999990001340000132200000
022004031999990001540000079800000
022004031100690000340000017300000
022004031100690000530000013800000
022004031101090000490000008300000
022004031101090001460013765400002
022004031109990000650000038400000
022004031109990000750002415800000
022004031112790000530000008100000
022004031112790001010000013200000
022004031113290001490007463600001
022004031113690000450001315800000
022004031122890000800000018100000
022004031122890000840001598400000
022004031122890001010000102400000
022004031129990000340000403600000
022004031129990000650000153000000
022004031133190000650000063400000
022004031140190000360004709000001
022004031142090000080002235200000
022004031144890001420018551400003
022004031153090000700003078700000
022004031159990000340000025800000
022004031169990000250000092600000
022004031169990000520000015400000
022004031170390000240000169400000
022004031171290000140000632500000
022004031179990000850002151500000
022004031185190000650000003700000
022004031199990000650000005700000
022004031999990000050000221500000
022004031999990001010000567700000
022004031999990001590001416000000
022004031999990001620000501300000
022004031149990001280000168200000
022004031159990000900000018300000
022004031162690000900000010100000
022004031169990000700000511500000
022004031170390001010000034100000
022004031171290000420000221000000
022004031174690000690000211100000
022004031174690000850001112700000
022004031174690000970000960400000
022004031174690001300066552600008
022004031174690001350000061000000
022004031174690001460061383300007
022004031179990000400012361100001
022004031179990000690000211100000
022004031185190000340000006200000
022004031999990000090000123700000
022004031999990000360042098000007
022004031999990000650001699300000
022004031999990000870001960000000
022004031999990000880000707400000
022004031999990000940006104500001
022004031999990001360000033000000
022004031999990001380002412700000
022004031999990001410000058300000
022004031999990001580000041100000
022004031092590000250000019000000
022004031092590000410005010400001
022004031094390000330008295400001
022004031094390000410007633000001
022004031094390001260000005800000
022004031099990000330083547100010
022004031099990000340000139200000
022004031100690000830000188600000
022004031101090000340000011000000
022004031101090000440000240800000
022004031101090001180000011400000
022004031109990000490000020300000
022004031112790001180000027400000
022004031113290000340000007500000
022004031119990000260000223500000
022004031122890000240000752800000
022004031122890000250000999000000
022004031122890001220000121100000
022004031133190000900000017300000
022004031142090000490000010000000
022004031142090001180000115500000
022004031144890000380000024300000
022004031153090001300041390200006
022004031162690000240000027200000
022004031162690000250000092600000
022004031169990000900000010100000
022004031169990001070000006300000
022004031174690000900000026100000
022004031179990000240000498500000
022004031179990001540000024800000
022004031185190001300002114200001
022004031195290000650000005700000
022004031999990000220000557300000
022004031999990000410065219600008
022004031999990001030003654000000
022004031999990001650000075400000
022004031133190000220000557300000
022004031133190000240000076300000
022004031133190001180000095800000
022004031139990000940006104500001
022004031139990001170000077800000
022004031139990001180000095800000
022004031140190000650000028100000
022004031144890000340000034800000
022004031153090001140000023200000
022004031170390000490000046200000
022004031171290000250000088100000
022004031174690000140002705000000
022004031174690001430000109600000
022004031179990001300124280000017
022004031185190000520000011600000
022004031189990001010000002500000
022004031999990000170023522100003
022004031999990000510000061900000
022004031999990000580000005200000
022004031999990000860001274900000
022004031999990001300976314400148
022004031999990001330000089200000
022004031101090000750000756900000
022004031109990000830000313300000
022004031111590000340000043800000
022004031113290000450000205500000
022004031113290001300013263100003
022004031113690000570000106700000
022004031119990001490068268400010
022004031122890001110000174600000
022004031129990000240000752800000
022004031129990001300157663600017
022004031133190000940006104500001
022004031140190000370001418100000
022004031142090000520000007000000
022004031159990000250000095700000
022004031159990001270000037900000
022004031162690001170000043400000
022004031170390000420000279100000
022004031170390000430000038300000
022004031170390000900000016400000
022004031171290001280000026600000
022004031179990000520000095900000
022004031179990001280000100700000
022004031185190001010000002500000
022004031185190001460001276900000
022004031185190001480000080700000
022004031189990001300002114200001
022004031195290000340000003000000
022004031195290000430000002200000
022004031999990000460003052800000
022004031999990001560001055800000
022004031092590000520000005200000
022004031092590001400006897100002
022004031094390001130000006100000
022004031099990000790000048700000
022004031100690001170000020100000
022004031109990000240000072700000
022004031109990000530000024700000
022004031111590000260000082700000
022004031113690000530000030800000
022004031113690001490022801600003
022004031119990000100000312400000
022004031122890000340000403600000
022004031122890000960000130200000
022004031129990000110000092300000
022004031139990000220000557300000
022004031140190000080000341700000
022004031144890000370005949300000
022004031149990000650000119300000
022004031159990000240000115300000
022004031159990000530000035300000
022004031159990001300041390200006
022004031162690000700000511500000
022004031162690001070000006300000
022004031170390000140000738400000
022004031170390000340000078200000
022004031170390001460037463100005
022004031171290000340000020500000
022004031171290000400001032200000
022004031171290000520000012100000
022004031179990000250000602200000
022004031179990000510000024200000
022004031179990000530000125100000
022004031179990001180000186100000
022004031189990000520000011600000
022004031189990001460001276900000
022004031199990001010000003500000
022004031999990000150020868800002
022004031999990000190000030800000
022004031999990000240003410100000
022004031999990000330083547100010
022004031999990000480000233200000
022004031999990000690000211100000
022004031999990001070000181300000
022004031999990001280000800300000
022004031999990001450004028900000
022004031999990001480000080700000
022004031094390000530000011600000
022004031094390000890000005600000
022004031094390001010000008300000
022004031099990000680000332500000
022004031099990001010000067400000
022004031101090001110000025500000
022004031109990001110000087200000
022004031112790000660000012200000
022004031112790000900000006800000
022004031113290000100000023100000
022004031113290000150002615300000
022004031113690000100000091100000
022004031122890000900000068400000
022004031129990000050000221500000
022004031129990000520000194300000
022004031129990001170000288800000
022004031129990001220000121100000
022004031139990000780001989900000
022004031139990000900000017300000
022004031140190000520000004900000
022004031142090000350004297100001
022004031149990000490000010000000
022004031149990000530000032000000
022004031149990001180000402200000
022004031149990001420033975100007
022004031170390001170000079800000
022004031170390001540000024800000
022004031171290001300014246200003
022004031174690000240000253900000
022004031174690000430000164400000
022004031174690001280000074100000
022004031179990000340000178800000
022004031195290000520000004600000
022004031199990000430000002200000
022004031999990000100000312400000
022004031999990000130000095700000
022004031999990000520001031100000
022004031999990000960000130200000
022004031999990001170001669900000
022004031999990001510000886600000
022004031999990001610000187100000
022004031010490000020000090100000
022004031010490000650000011600000
022004031010490000980000719000000
022004031011190001380000997500000
022004031011490000340000019000000
022004031011490000770004790800000
022004031011490001460024632400004
022004031012390001170000022100000
022004031012990000430000022700000
022004031014190001380000441500000
022004031019990000650000346200000
022004031019990000900000127600000
022004031022290001460006150000002
022004031024490001170000004700000
022004031025090000340000032600000
022004031029990000270009425200001
022004031033390000610000085400000
022004031033390001300030797700004
022004031040790000900000013400000
022004031053590000060000046800000
022004031053590000520000022000000
022004031053590000860000630100000
022004031053890000340000021000000
022004031053890000900000010600000
022004031053890001460016515800003
022004031059990000530000048800000
022004031059990000820000037800000
022004031070290000240000037100000
022004031070290000650000013900000
022004031071390001510000024700000
022004031071990001510000015400000
022004031074590000490000011400000
022004031074590001170000072500000
022004031080590000490000004600000
022004031080990001180000017900000
022004031082490000340000011000000
022004031082490000700000716000000
022004031083490000520000004100000
022004031083790000240000044700000
022004031084090001010000009500000
022004031084290000250000010000000
022004031084290000900000000800000
022004031084790001300016300900003
022004031084790001510000136400000
022004031084790001670000023600000
022004031084990001300007182100002
022004031084990001340000057800000
022004031089990000240000330600000
022004031089990000340000069500000
022004031089990001010000062200000
022004031089990001220000007700000
022004031090890000680000188900000
022004031090890000890000052200000
022004031010490001110000000000000
022004031011190000980003359200000
022004031011190001460032615200006
022004031011190001500000135500000
022004031011490001180000039000000
022004031011890001110000037200000
022004031012190001110000000000000
022004031012190001180000019000000
022004031012190001380000105500000
022004031012990001180000077400000
022004031014190000530000059100000
022004031014190001170000086500000
022004031019990001460237745500038
022004031025090000240000057700000
022004031025090001300019848000003
022004031033390000900000021600000
022004031039990000610000085400000
022004031040790000590000266200000
022004031040790001450004028900000
022004031053590000240000078800000
022004031053890001300013367700002
022004031059990000060000046800000
022004031063990000310000143100000
022004031071690000490000004600000
022004031074590000720001270700000
022004031079990000720003900100000
022004031080590001300006762200002
022004031080990000250000096300000
022004031082490000900000006500000
022004031083790001460009465500002
022004031084090000240000024100000
022004031084090000650000010400000
022004031084090001460003997600001
022004031084290001010000002500000
022004031084990000250000019000000
022004031090890000330058685400006
022004031090890000530000135900000
022004031091790000330009692800002
022004031091790000410008348200002
022004031091790000790000009700000
022004031091790000890000007700000
022004031094390000250000035000000
022004031099990000900000069100000
022004031112790000240000027100000
022004031112790000260000021100000
022004031112790000340000015000000
022004031113290000530000008300000
022004031113290001010000009100000
022004031119990000530000071500000
022004031122890000530000267600000
022004031122890001070000023800000
022004031129990000900000068400000
022004031139990001070000062000000
022004031091790000240000023800000
022004031091790000250000041500000
022004031092590001180000009600000
022004031094390000340000015100000
022004031094390001150000015500000
022004031094390001310006552800001
022004031099990000460003052800000
022004031099990000530000156100000
022004031099990001260000075700000
022004031099990001280000368800000
022004031109990001300029532600005
022004031113690000240000099100000
022004031113690000260000061100000
022004031119990000340000102900000
022004031122890000490000090900000
022004031129990001020000208200000
022004031129990001180000177000000
022004031139990000650000063400000
022004031142090000240000032300000
022004031144890000240000078900000
022004031144890000350003009600000
022004031144890000360025848800004
022004031144890000520000014700000
022004031170390001110000096600000
022004031171290001170000039000000
022004031174690000400007851500001
022004031174690000490000036600000
022004031179990000490000100000000
022004031195290001300001485600001
022004031999990000060000046800000
022004031999990000260000223500000
022004031999990000310000143100000
022004031999990000430000423100000
022004031999990000530001226600000
022004031999990000570000225700000
022004031999990000600000293400000
022004031999990000800000066800000
022004031142090000340000024900000
022004031144890000530000013400000
022004031144890000650000040700000
022004031149990000340000070700000
022004031149990001210000230000000
022004031153090001270000037900000
022004031153090001460025224600003
022004031170390000250000151300000
022004031179990001170000317900000
022004031199990000240000008900000
022004031199990000700000022900000
022004031199990001460001127300000
022004031999990000970001691800000
022004031999990001430000109600000
022004031999990001570000031800000
