031982101142092090060009775100001
031982101142092090090009687300000
031982101142092090130009654300000
031982101144894890190019054600000
031982101144894890280019473500001
031982101144894890290019133000000
031982101111591590020018126900001
031982101111591590060017700700001
031982101111591590300016708400001
031982101112792790060005000500001
031982101112792790180004707400000
031982101112792790220004688800000
031982101113293290040004723800000
031982101113293290100004602100000
031982101113293290200004929000000
031982101113693690080011546000001
031982101113693690170011263700000
031982101113693690280011123000000
031982101040710710150001085000000
031982101040710710180000944500000
031982101040720720050000197700000
031982101040710710160011643500001
031982101040710710190011648900001
031982101053853850030000731900000
031982101053863860050000248600000
031982101053873870020000000000000
031982101053873870050000085500000
031982101040720720080001208000001
031982101040730730020000991600000
031982101053513510190008828300001
031982101053513510220009237500001
031982101083793790020009341600001
031982101083793790110009070000001
031982101083793790200008642400001
031982101063993990020013518800001
031982101063993990140013357700001
031982101063993990170013333000001
031982101084094090010003396000001
031982101084094090040003359800001
031982101084094090200003327000001
031982101084294290040001872500001
031982101084294290100001762900001
031982101084294290140001602900000
031982101024494490060003873800001
031982101024494490070003801700001
031982101024494490100003802100001
031982101074594590050013625100001
031982101074594590110013427000001
031982101074594590200013248500001
031982101174694690060062594700001
031982101174694690260057331800001
031982101174694690270056139700001
031982101084794790010014699800001
031982101084794790080014064700001
031982101084794790210013849900001
031982101084994990130004859900001
031982101084994990140004687800001
031982101084994990190004456700000
031982101025095090030025738000001
031982101025095090040025132500001
031982101025095090210023462900001
031982101185195190130001092300001
031982101185195190140001075600001
031982101195295290010001003300001
031982101195295290130000981100001
031982101070290290070010107000001
031982101070290290110010060100001
031982101070290290230009589300001
031982101170390390060035043300001
031982101170390390080034248800001
031982101170390390190034235300001
031982101080590590010003224000001
031982101080590590020003281900001
031982101080590590130003061900000
031982101100690690180020263800001
031982101100690690270020237000001
031982101100690690330020124900001
031982101080990990100008244400001
031982101080990990220007476100000
031982101080990990240007299900000
031982101101091090010011999400001
031982101101091090030011613800001
031982101101091090140011716800001
031982101171291290020012891700001
031982101171291290070012717100001
031982101171291290110012385500001
031982101071391390030014946700001
031982101071391390070014847500001
031982101071391390210014086400001
031982101071691690050005807600001
031982101071691690130005821600001
031982101071691690160005851300001
031982101071991990140003401400001
031982101071991990220003420800001
031982101071991990240003314000001
031982101022292290040006280300001
031982101022292290060006259400001
031982101022292290130006070100001
031982101082492490050012677900001
031982101082492490060012438600001
031982101082492490150011873900001
031982101162692690090006512400001
031982101162692690100006622600001
031982101162692690110006570200001
031982101122892890110135885300001
031982101122892890350130218600001
031982101122892890440129351000001
031982101153093090010026289400001
031982101153093090040026150500001
031982101153093090220025776100001
031982101133193190010010975100001
031982101133193190040011091000001
031982101133193190150010662500001
031982101033393390100033079200001
031982101033393390120032517000001
031982101033393390190032316500001
031982101083493490030004797500001
031982101083493490090004756800001
031982101083493490170004575500001
031982101113693690130000454000000
031982101113693690140000379600000
031982101113693690300000372100000
031982101053523520070000858200001
031982101053533530030000104500000
031982101053843840020012011100001
031982101053843840080011236000001
031982101053513510110000147200000
031982101053513510180000090400000
031982101140190190060000059800000
031982101140190190110000046600000
031982101140190190140000026300000
031982101070290290140000092000000
031982101070290290150000065400000
031982101070290290250000039600000
031982101170390390200000136500000
031982101170390390220000118200000
031982101170390390270000122800000
031982101090890890280003262400000
031982101090890890290001695200000
031982101090890890420002053300000
031982101011191190120000214600000
031982101011191190180000257100000
031982101011191190190000241400000
031982101071391390060000103700000
031982101071391390110000079600000
031982101071391390220000054700000
031982101011491490150000208500000
031982101011491490160000151600000
031982101011491490290000000000000
031982101111591590010001111600000
031982101111591590040000924100000
031982101122892890510013537900000
031982101153093090060002150900000
031982101153093090160002194000000
031982101153093090170002115100000
031982101033393390180005593500000
031982101033393390200006194400000
031982101033393390280005468000000
031982101083493490070000303800000
031982101083493490150000255400000
031982101083493490180000236000000
031982101083793790160000326000000
031982101083793790170000370100000
031982101083793790230000263100000
031982101063993990090000944300000
031982101063993990240000843700000
031982101063993990260000823600000
031982101084294290010000099500000
031982101084294290120000098800000
031982101084294290170000087300000
031982101084294290200000064600000
031982101074594590090001365800000
031982101074594590120001311300000
031982101074594590150001291800000
031982101084794790050001084400000
031982101084794790150000854100000
031982101084794790230000916100000
031982101084994990080000176700000
031982101084994990090000149800000
031982101185195190080000021100000
031982101185195190090000020000000
031982101040730730040000079400000
031982101142092090160000509300000
031982101142092090170000487300000
031982101142092090180000489300000
031982101012992990320000091100000
031982101140190190010000186200000
031982101140190190200000159400000
031982101140190190210000149200000
031982101133193190050000266300000
031982101133193190080000231200000
031982101133193190160000212600000
031982101144894890050001501200000
031982101144894890130001448700000
031982101144894890300001484100000
031982101111591590100001045200000
031982101111591590160000929100000
031982101111591590180000894700000
031982101112792790010000173100000
031982101112792790200000155900000
031982101112792790250000141300000
031982101113293290030000180100000
031982101113293290240000192700000
031982101113293290260000154100000
031982101113693690040000977800000
031982101113693690270000873600000
031982101113693690360000834900000
031982101170390390110002375000000
031982101170390390230002623900000
031982101170390390310002587600000
031982101171291290040000955100000
031982101171291290050000858800000
031982101171291290200000793800000
031982101174694690100008224400000
031982101174694690110007397800000
031982101174694690210006275000000
031982101053513510070000000000000
031982101053513510150000000000000
031982101082492490010000322400000
031982101082492490030000247800000
031982101082492490240000170700000
031982101053513510020000129300000
031982101053513510200000071400000
031982101053523520060000022400000
031982101053843840060000286800000
031982101053843840170000208100000
031982101185195190030000243000000
031982101185195190040000221400000
031982101140190190160000045300000
031982101142092090230000028900000
031982101014194190280000027400000
031982101084094090030000277600000
031982101084094090070000289100000
031982101084094090090000317000000
031982101084794790240000182200000
031982101082492490140000414100000
031982101082492490160000400700000
031982101082492490230000317500000
031982101084994990060000214100000
031982101084994990100000187000000
031982101084994990120000185700000
031982101074594590160000030400000
031982101074594590260000025200000
031982101174694690090004165600000
031982101174694690200001700600000
031982101174694690250001023000000
031982101084794790030000017500000
031982101084794790260000017600000
031982101144894890070000000000000
031982101084994990020000055400000
031982101084994990050000037700000
031982101084994990070000034400000
031982101053513510030000016800000
031982101053513510050000015700000
031982101053513510170000006000000
031982101053513510250000003700000
031982101140190190130000000000000
031982101070290290050000000000000
031982101070290290060000000000000
031982101170390390020000000000000
031982101170390390130000000000000
031982101170390390210000000000000
031982101010490490080000071400000
031982101100690690080000000000000
031982101100690690290000000000000
031982101090890890030000000000000
031982101090890890250000000000000
031982101090890890440000000000000
031982101080990990030000294800000
031982101011191190240000062000000
031982101011491490120000383400000
031982101011891890300000000000000
031982101071991990030000000000000
031982101071991990070000000000000
031982101012192190160000028700000
031982101122892890390001315400000
031982101122892890470000852400000
031982101122892890480000593300000
031982101012992990040000613900000
031982101012992990110000523200000
031982101012992990240000483000000
031982101153093090020000076100000
031982101153093090070000052300000
031982101033393390150000000000000
031982101063993990110000000000000
031982101014194190170000000000000
031982101074594590080000052100000
031982101022292290100000599300000
031982101010490490110000361400000
031982101010490490180000302000000
031982101010490490190000265800000
031982101011191190140001948300000
031982101011191190170001802400000
031982101011191190260001653100000
031982101011491490040001797900000
031982101011491490070001408200000
031982101011491490230001129200000
031982101011891890060000709000000
031982101011891890190000540000000
031982101011891890330000504700000
031982101012192190040000580900000
031982101012192190050000556800000
031982101012192190140000504200000
031982101012392390030000614900000
031982101012392390100000500200000
031982101012392390120000475300000
031982101012992990050001770300000
031982101012992990250001591400000
031982101012992990270001404300000
031982101014194190020003194000000
031982101014194190040002947100000
031982101014194190270002688200000
031982101010490490020011579300001
031982101010490490100011360000001
031982101010490490140011216200001
031982101011191190020028341500001
031982101011191190040027721300001
031982101011191190090027533300001
031982101011491490010022815900001
031982101011491490170022093000001
031982101011491490280021712800001
031982101011891890100022419500001
031982101011891890130022138500001
031982101011891890150022187100001
031982101012192190080013275700001
031982101012192190100013071600001
031982101012192190210012530600001
031982101171291290190000027900000
031982101011891890120000114500000
031982101011891890170000014000000
031982101011891890260000014000000
031982101122892890070000219200000
031982101122892890190000266100000
031982101122892890270000159100000
031982101122892890340000301300000
031982101122892890450000384000000
031982101153093090110000114900000
031982101014194190110000053100000
031982101174694690140000278700000
031982101170390390150000000000000
031982101100690690020000000000000
031982101100690690190000000000000
031982101100690690220000000000000
031982101100690690300000000000000
031982101090890890020000000000000
031982101090890890160000000000000
031982101090890890230000000000000
031982101080990990180000032400000
031982101171291290150000000000000
031982101171291290160000000000000
031982101091791790020000000000000
031982101091791790260000000000000
031982101091791790340000000000000
031982101011891890230000000000000
031982101011891890240000000000000
031982101011891890310000000000000
031982101071991990100000102500000
031982101071991990170000070600000
031982101071991990250000157800000
031982101012392390080000000000000
031982101012392390200000000000000
031982101092592590060000000000000
031982101092592590100000000000000
031982101092592590290000000000000
031982101122892890050000000000000
031982101122892890140000000000000
031982101122892890430000000000000
031982101012992990120000045600000
031982101012992990160000023500000
031982101012992990190000067300000
031982101113293290140000024100000
031982101113293290290000025000000
031982101033393390030000000000000
031982101033393390250000000000000
031982101033393390290000000000000
031982101113693690160000105000000
031982101113693690180000096900000
031982101113693690210000073100000
031982101083793790100000000000000
031982101083793790220000000000000
031982101063993990050000000000000
031982101063993990080000000000000
031982101063993990190000000000000
031982101014194190030000000000000
031982101014194190220000000000000
031982101014194190240000000000000
031982101094394390280000000000000
031982101094394390290000000000000
031982101094394390330000000000000
031982101074594590020000000000000
031982101074594590040000000000000
031982101074594590210000000000000
031982101174694690080000271000000
031982101040710710010000000000000
031982101040710710030000000000000
031982101174694690220000119300000
031982101174694690280000193000000
031982101084794790140000000000000
031982101084794790170000000000000
031982101084794790190000000000000
031982101144894890090000000000000
031982101144894890120000000000000
031982101144894890220000000000000
031982101025095090170000031800000
031982101025095090190000026500000
031982101040720720010000000000000
031982101040730730030000000000000
031982101122892890490000762600000
031982101040710710130000069100000
031982101040710710200000088200000
031982101053853850050000008300000
031982101153093090180000316400000
031982101153093090210000309800000
031982101111591590140000647500000
031982101091791790080000197600000
031982101091791790100000234900000
031982101091791790110000214300000
031982101142092090200000069700000
031982101142092090210000096300000
031982101142092090290000047800000
031982101082492490130000128600000
031982101082492490210000111000000
031982101082492490260000075900000
031982101092592590020000214400000
031982101092592590140000134200000
031982101092592590180000121900000
031982101112792790090000164600000
031982101112792790100000134300000
031982101112792790130000113400000
031982101122892890040003334500000
031982101122892890220002665500000
031982101122892890360002601000000
031982101133193190250000048700000
031982101133193190260000038600000
031982101133193190310000044000000
031982101113293290110000078700000
031982101113293290130000053500000
031982101113293290150000069800000
031982101033393390050000454100000
031982101033393390210000327500000
031982101033393390260000280000000
031982101063993990130000157500000
031982101063993990210000093200000
031982101063993990310000076000000
031982101014194190070000318200000
031982101014194190130000264700000
031982101014194190320000157600000
031982101094394390220000122900000
031982101094394390260000128600000
031982101094394390350000158100000
031982101084794790110000098500000
031982101084794790130000059500000
031982101084794790200000088900000
031982101144894890100000234400000
031982101144894890140000198800000
031982101144894890150000149900000
031982101025095090090000409300000
031982101025095090150000245100000
031982101025095090180000211500000
031982101185195190070000008100000
031982101185195190120000009900000
031982101195295290020000000000000
031982101195295290140000000000000
031982101053843840050000244800000
031982101053843840120000148900000
031982101053843840160000093100000
031982101053843840180000046700000
031982101090890890200014290800000
031982101090890890210016173800000
031982101090890890390011910400000
031982101091791790060000918700000
031982101091791790150000915000000
031982101091791790160000852700000
031982101092592590040000776800000
031982101092592590170000623400000
031982101092592590200000610300000
031982101094394390120001483500000
031982101094394390180001378200000
031982101094394390370001375900000
031982101040710710040000056700000
031982101040710710070000039500000
031982101071991990230000021300000
031982101122892890020001666600000
031982101122892890260000743200000
031982101122892890290000677200000
031982101122892890320000590800000
031982101012992990140000216800000
031982101033393390220000192500000
031982101113693690060000141200000
031982101113693690200000079900000
031982101113693690250000069900000
031982101083793790180000146900000
031982101063993990070000076500000
031982101063993990200000065100000
031982101094394390020000065600000
031982101094394390040000067700000
031982101094394390160000044900000
031982101174694690180000209100000
031982101084994990180000060900000
031982101195295290060000008900000
031982101195295290090000000000000
031982101070290290100000108500000
031982101070290290180000107500000
031982101070290290260000047500000
031982101170390390070000229600000
031982101170390390100000142000000
031982101170390390250000097400000
031982101010490490120000048800000
031982101010490490220000072600000
031982101010490490230000034700000
031982101080590590050000099800000
031982101100690690150000120900000
031982101090890890010001496200000
031982101090890890330000439100000
031982101090890890450000370100000
031982101080990990050000126500000
031982101080990990080000126800000
031982101080990990190000065700000
031982101011191190060000148200000
031982101011191190110000095300000
031982101011191190270000096400000
031982101011491490030000230600000
031982101011491490100000143300000
031982101011491490190000119700000
031982101071691690030000060500000
031982101071691690090000058200000
031982101071691690190000049600000
031982101011891890290000061400000
031982101011891890320000056000000
031982101011891890340000062300000
031982101071991990020000025100000
031982101071991990110000020400000
031982101040710710110002980900000
031982101040710710220003047700000
031982101053853850010001278700001
031982101053863860010000292700001
031982101053873870070000125100001
031982101040720720020000365500000
031982101040730730010000231600000
031982101053513510010004195600000
031982101053513510130003682000000
031982101053523520010000635900000
031982101070290290030001781200000
031982101070290290130001760000000
031982101070290290190001559500000
031982101170390390240004272600000
031982101170390390260004235100000
031982101170390390320004276000000
031982101010490490060002306700000
031982101010490490070002196400000
031982101010490490160002228400000
031982101080590590060001116400000
031982101080590590090001053900000
031982101080590590220000930300000
031982101100690690280003050200000
031982101100690690340003002500000
031982101080990990060002318000000
031982101080990990070002114100000
031982101080990990120001848600000
031982101101091090040003551700000
031982101101091090110003281000000
031982101101091090240002591700000
031982101011191190070002177200000
031982101011191190230002113000000
031982101011191190280000225400000
031982101171291290010003637800000
031982101171291290090003221700000
031982101171291290180003288400000
031982101071391390040003098700000
031982101071391390120003129600000
031982101071391390190002700100000
031982101011491490050002805800000
031982101011491490080002918500000
031982101011491490270002706000000
031982101111591590050006159100000
031982101111591590080006373900000
031982101111591590330006135800000
031982101071691690110002014200000
031982101071691690180002008200000
031982101071691690200001988200000
031982101011891890050002873900000
031982101011891890070002709000000
031982101011891890090002811300000
031982101071991990040001235500000
031982101071991990050001209700000
031982101071991990190001243500000
031982101012192190090002332000000
031982101012192190150001592900000
031982101012192190170001635700000
031982101022292290030002265900000
031982101022292290110001997200000
031982101022292290150001934100000
031982101012392390180003211800000
031982101012392390210003253800000
031982101012392390230003132700000
031982101082492490070004775700000
031982101082492490110004560000000
031982101053533530020000060900000
031982101082492490200004473900000
031982101162692690050001255400000
031982101162692690080001582500000
031982101162692690130001092400000
031982101112792790050003267900000
031982101112792790080003250900000
031982101112792790170003310100000
031982101122892890010013512400000
031982101122892890090009601000000
031982101122892890460009730300000
031982101012992990150001807800000
031982101012992990170001915400000
031982101012992990210001899100000
031982101153093090050003355200000
031982101153093090140003362400000
031982101153093090230003448800000
031982101133193190190002858600000
031982101133193190210002684500000
031982101133193190320002665800000
031982101113293290230005304600001
031982101113293290250005173900000
031982101113293290280005124500000
031982101033393390040003350700000
031982101033393390110003076500000
031982101033393390140002855200000
031982101083493490040001231100000
031982101083493490120001109400000
031982101083493490140001088300000
031982101113693690120007422200000
031982101113693690310007082400000
031982101113693690370007065100000
031982101083793790060003296300000
031982101083793790080002990900000
031982101083793790140002738200000
031982101063993990010001932400000
031982101063993990160001591400000
031982101063993990230001718900000
031982101084094090170001048400000
031982101084094090180000901600000
031982101084094090190000921000000
031982101014194190010003136400000
031982101014194190140002922600000
031982101014194190190002893100000
031982101084294290160001593800000
031982101084294290180001076300000
031982101084294290190001383600000
031982101024494490030001591100000
031982101024494490080001470700000
031982101024494490110001521100000
031982101074594590010002987900000
031982101074594590070003065900000
031982101074594590250002804000000
031982101174694690010006990100000
031982101174694690120005800400000
031982101174694690160004803700000
031982101084794790040002072500000
031982101084794790060002047500000
031982101084794790180002106400000
031982101084994990030002429500000
031982101084994990150002492600000
031982101084994990160002378200000
031982101025095090160003319500000
031982101185195190110000165300000
031982101185195190150000163000000
031982101195295290070000294800000
031982101195295290110000293400000
031982101053843840140004446700000
031982101053843840190004271900000
031982101063993990180000077400000
031982101063993990280000064800000
031982101063993990320000091000000
031982101053513510100002581800000
031982101053523520020000068600000
031982101053843840070001728500000
031982101053843840090001745100000
031982101133193190030007665100001
031982101133193190220007495900000
031982101133193190280007508800000
031982101170390390010000543100000
031982101040720720060000425900000
031982101040730730050000000000000
031982101053533530010000632500001
031982101053533530050000457500000
031982101100690690030000071800000
031982101100690690110000055100000
031982101100690690130000047300000
031982101111591590290000100100000
031982101122892890330000694300000
031982101113693690240000062400000
031982101083793790190000040200000
031982101063993990270000026100000
031982101084094090160000063800000
031982101080590590030002222700000
031982101084094090130000378800000
031982101084094090020000049600000
031982101084294290050001700900001
031982101084294290030000735600000
031982101090890890220059520500000
031982101090890890320059461900000
031982101090890890380061004900001
031982101091791790210010349500001
031982101091791790280010405600001
031982101091791790300010475200001
031982101092592590070006186200000
031982101092592590130006618800001
031982101092592590270006487400001
031982101094394390030006994900001
031982101094394390130006416600000
031982101094394390210006431000000
031982101090890890070001449400000
031982101090890890090001338800000
031982101090890890110001347700000
031982101090890890120000985300000
031982101090890890180001481100000
031982101090890890370000371800000
031982101122892890120000906800000
031982101122892890300000547500000
031982101122892890310000670800000
031982101090890890190000743600000
031982101090890890350000340900000
031982101090890890360000187400000
031982101090890890500000222000000
031982101100690690120000014600000
031982101100690690170000048500000
031982101100690690200000014400000
031982101111591590150000791000000
031982101111591590170000593700000
031982101111591590270000497100000
031982101111591590310000524100000
031982101111591590120000097100000
031982101111591590200000071800000
031982101111591590260000088900000
031982101111591590390000042200000
031982101112792790020000032300000
031982101112792790030000039800000
031982101112792790240000012800000
031982101113293290060000033300000
031982101113293290070000024600000
031982101113293290190000051500000
031982101113693690050000111200000
031982101113693690090000094700000
031982101113693690100000079000000
031982101122892890060003790800000
031982101122892890280003087600000
031982101122892890500002366800000
031982101122892890080000393600000
031982101122892890180000440900000
031982101122892890410000340100000
031982101122892890420000241500000
031982101011191190220002011400000
031982101011491490060003970700000
031982101011491490240003933200000
031982101011491490260003780000000
031982101011891890160002923300000
031982101011891890220002764500000
031982101011891890350002711900000
031982101012192190010000873700000
031982101012192190030000854300000
031982101012192190190000744500000
031982101012392390170002706200000
031982101012392390250002652100000
031982101012392390280002595800000
031982101012992990030002986600000
031982101012992990090002897500000
031982101012992990300002818100000
031982101014194190050005950700000
031982101014194190150006112600000
031982101014194190290005720900000
031982101092592590090000241400000
031982101092592590220000206300000
031982101094394390070000294800000
031982101094394390100000290200000
031982101094394390140000284300000
031982101090890890040006209200000
031982101090890890060006163500000
031982101090890890410004311700000
031982101091791790070000194500000
031982101091791790220000170100000
031982101091791790320000157700000
031982101092592590010000272100000
031982101040710710050000604800000
031982101040710710080000561200000
031982101040720720070000049800000
031982101070290290090000929700000
031982101070290290120000941500000
031982101070290290220000854900000
031982101080590590040000235700000
031982101080590590180000188100000
031982101080590590210000183700000
031982101100690690010001663000000
031982101100690690060001561500000
031982101100690690320001548600000
031982101080990990020000535300000
031982101080990990140000424000000
031982101080990990210000409300000
031982101101091090020000490600000
031982101101091090150000416300000
031982101101091090210000389400000
031982101071391390130000833400000
031982101071391390150000795800000
031982101071391390200000811900000
031982101071691690020000450900000
031982101071691690040000448300000
031982101071691690070000437000000
031982101071991990010000366300000
031982101071991990090000352300000
031982101071991990210000361800000
031982101082492490100000709700000
031982101082492490180000606600000
031982101082492490270000558700000
031982101162692690030000310800000
031982101162692690060000276600000
031982101162692690070000322700000
031982101122892890150015837800000
031982101122892890200014376200000
031982101012392390060019950000001
031982101012392390110019961600001
031982101012392390290019451800001
031982101012992990060029233500001
031982101012992990130028907100001
031982101012992990290028240200001
031982101014194190060048113300001
031982101014194190200045815000001
031982101014194190260045949500001
031982101090890890050117467500001
031982101090890890150117613900001
031982101090890890300107071400001
031982101091791790090009026700001
031982101091791790230008365100000
031982101091791790330008456200000
031982101092592590030006708200001
031982101092592590080006467500001
031982101092592590300006446100000
031982101094394390050011882100001
031982101094394390200011713700001
031982101094394390360011493800001
031982101140190190030004982000001
031982101140190190040004898200001
031982101140190190270004737300001
031982101014194190310000240100000
031982101014194190340000220800000
031982101084294290070000069000000
031982101084294290090000092300000
031982101094394390010000174600000
031982101094394390170000155100000
031982101094394390340000148900000
031982101024494490010000112700000
031982101024494490040000109900000
031982101024494490160000104500000
031982101074594590100000692400000
031982101074594590140000660100000
031982101074594590170000650400000
031982101174694690290001617500000
031982101084794790020000289600000
031982101084794790250000223500000
031982101084794790280000216600000
031982101144894890160000165000000
031982101084994990010000174700000
031982101084994990220000115500000
031982101025095090070000366500000
031982101025095090140000315000000
031982101025095090200000296900000
031982101185195190020000017500000
031982101185195190100000014400000
031982101195295290100000018100000
031982101195295290120000015700000
031982101053873870040000007100000
031982101070290290080000165600000
031982101070290290210000134500000
031982101070290290240000132000000
031982101170390390090000426600000
031982101170390390160000398900000
031982101170390390170000355700000
031982101010490490010000293500000
031982101010490490040000160000000
031982101010490490050000148500000
031982101080590590100000073200000
031982101080590590110000059100000
031982101080590590160000089600000
031982101100690690100000134000000
031982101100690690140000109100000
031982101100690690210000128200000
031982101090890890240001174500000
031982101090890890470000978300000
031982101090890890480000982500000
031982101080990990200000144100000
031982101101091090060000162300000
031982101101091090070000092900000
031982101101091090120000095100000
031982101011191190080000204900000
031982101011191190100000142600000
031982101011191190290000124400000
031982101171291290100000318900000
031982101171291290170000304600000
031982101071391390020000457200000
031982101071391390090000389300000
031982101071391390180000380800000
031982101011491490020000335900000
031982101011491490140000208500000
031982101011491490200000179900000
031982101111591590190000138000000
031982101111591590230000165700000
031982101111591590240000182200000
031982101071691690060000326200000
031982101071691690120000377800000
031982101071691690170000304500000
031982101091791790130000179500000
031982101091791790270000139800000
031982101091791790310000144000000
031982101011891890140000342700000
031982101011891890200000223900000
031982101011891890270000236400000
031982101071991990060000099100000
031982101071991990130000094300000
031982101071991990150000094300000
031982101012192190220000138000000
031982101022292290080000067200000
031982101012392390050000250700000
031982101012392390070000204600000
031982101012392390160000188700000
031982101082492490020000193200000
031982101082492490080000191100000
031982101162692690120000095400000
031982101162692690150000079500000
031982101162692690190000078100000
031982101122892890130003036100000
031982101122892890240002733700000
031982101122892890250003030200000
031982101012992990010000303400000
031982101012992990080000251700000
031982101153093090080000315100000
031982101053513510080000116400000
031982101053513510210000205200000
031982101053843840010000161600000
031982101140190190080001416100000
031982101140190190170001357500000
031982101140190190240001367000000
031982101142092090050007434300000
031982101142092090080007374200000
031982101142092090150007346100000
031982101133193190020003423900000
031982101133193190070003314900000
031982101133193190200003321400000
031982101144894890080008644300000
031982101144894890210008482900000
031982101144894890240008504700000
031982101111591590110000369000000
031982101111591590130000457900000
031982101111591590380000230200000
031982101170390390280000084300000
031982101063993990100000028700000
031982101063993990330000021600000
031982101174694690130000827700000
031982101040710710020000000000000
031982101040710710060000000000000
031982101010490490150000028500000
031982101080590590200000000000000
031982101100690690160000017400000
031982101080990990110000060800000
031982101011191190160000000000000
031982101071391390170000026900000
031982101011491490130000000000000
031982101011891890020000014100000
031982101071991990180000000000000
031982101012192190200000022500000
031982101082492490120000022800000
031982101083493490160000004900000
031982101083793790010000112300000
031982101063993990300000010500000
031982101084094090120000000000000
031982101014194190120000034100000
031982101084294290150000030300000
031982101074594590130000002300000
031982101084794790220000010600000
031982101084994990040000035000000
031982101053513510230000075400000
031982101053843840130000027600000
031982101012992990220000071300000
031982101140190190150000000000000
031982101142092090110000015000000
031982101133193190120000000000000
031982101144894890040000050500000
031982101101091090090000033300000
031982101101091090170000020600000
031982101011891890010000035900000
031982101011891890180000015700000
031982101011891890360000013700000
031982101071991990080000012000000
031982101012392390010000044200000
031982101012392390090000019500000
031982101012392390190000015500000
031982101122892890100000732800000
031982101122892890210000275000000
031982101122892890370000331900000
031982101012992990020000148100000
031982101012992990230000117600000
031982101012992990330000026900000
031982101153093090030000143600000
031982101014194190180000032100000
031982101014194190210000054000000
031982101014194190230000028500000
031982101174694690030001027800000
031982101174694690190000123700000
031982101090890890080006960200000
031982101091791790050000486000000
031982101092592590120000390400000
031982101094394390270000383200000
031982101012392390220000057800000
031982101012392390260000000000000
031982101022292290010000524500000
031982101024494490050000176000000
031982101025095090050001923200000
031982101025095090080001684100000
031982101025095090220001627800000
031982101010490490130000709800000
031982101010490490210000572900000
031982101010490490250000534200000
031982101011191190050002272300000
031982101011191190210002047800000
031982101113293290270000449800000
031982101113693690020001414500000
031982101113693690030001347000000
031982101113693690110001295800000
031982101053513510090002273700000
031982101053513510140002315300000
031982101092592590250001128500000
031982101092592590280001337100000
031982101094394390060001577700000
031982101094394390110001371600000
031982101094394390320001197900000
031982101090890890270004810200000
031982101090890890430004264600000
031982101090890890490004440200000
031982101091791790010000782400000
031982101091791790180000573500000
031982101091791790290000567100000
031982101092592590240001183300000
031982101092592590230000618500000
031982101162692690180000567500000
031982101162692690200000551500000
031982101162692690210000551500000
031982101112792790070000382100000
031982101112792790230000328500000
031982101112792790260000366300000
031982101122892890160012044900000
031982101122892890230011130300000
031982101122892890400012763100000
031982101012992990070000866000000
031982101012992990100000783500000
031982101012992990260000972300000
031982101153093090090000950400000
031982101153093090130000948000000
031982101153093090150001027800000
031982101133193190140001276400000
031982101133193190230001134900000
031982101133193190240001121100000
031982101113293290020000327100000
031982101113293290050000294400000
031982101113293290090000269500000
031982101033393390020002862600000
031982101033393390060002751400000
031982101033393390230002571200000
031982101083493490050000472600000
031982101083493490060000423500000
031982101083493490130000408800000
031982101113693690190001116400000
031982101113693690230001091900000
031982101113693690340001061200000
031982101083793790030001401500000
031982101083793790120000896200000
031982101083793790130000862500000
031982101063993990120001484000000
031982101063993990150001418100000
031982101063993990220001333500000
031982101084094090060000660700000
031982101084094090110000660000000
031982101084094090140000634400000
031982101014194190100000606300000
031982101014194190250000556800000
031982101014194190330000475700000
031982101084294290020000212700000
031982101084294290130000218100000
031982101084294290210000114200000
031982101094394390090000804700000
031982101094394390230000908200000
031982101094394390300000699000000
031982101024494490020000441700000
031982101024494490090000480600000
031982101024494490130000441400000
031982101074594590030000613200000
031982101074594590060000542100000
031982101074594590240000527100000
031982101174694690070003798600000
031982101174694690150003103600000
031982101174694690240002458500000
031982101084794790090001236300000
031982101084794790120001104600000
031982101084794790160001071800000
031982101144894890010001011700000
031982101144894890020001037600000
031982101144894890270000900700000
031982101084994990110000645200000
031982101084994990230000530200000
031982101025095090010002557900000
031982101025095090020002696900000
031982101025095090120001942500000
031982101185195190050000183800000
031982101185195190060000184300000
031982101195295290030000154500000
031982101195295290080000152500000
031982101140190190070000549300000
031982101140190190220000496700000
031982101140190190260000494400000
031982101070290290040000447700000
031982101070290290170000289900000
031982101070290290270000268400000
031982101170390390040001980200000
031982101170390390140001699200000
031982101170390390180001729300000
031982101010490490090000390900000
031982101010490490240000385400000
031982101010490490260000255600000
031982101080590590070002266700000
031982101080590590080002566200000
031982101080590590120002083400000
031982101100690690070000620900000
031982101100690690240000517400000
031982101100690690250000640800000
031982101090890890260005111000000
031982101090890890310004961400000
031982101090890890460004238700000
031982101080990990090001319800000
031982101080990990160000930100000
031982101080990990170000915300000
031982101101091090130000466800000
031982101101091090160000350100000
031982101101091090230000354900000
031982101011191190030000954800000
031982101011191190150000737700000
031982101011191190250000688500000
031982101171291290030000852200000
031982101171291290130000903000000
031982101071391390080000589900000
031982101071391390100000550300000
031982101071391390140000567800000
031982101011491490090000688100000
031982101011491490180000679000000
031982101011491490220000574200000
031982101111591590320001372200000
031982101111591590350001194200000
031982101111591590360001195000000
031982101071691690140000266300000
031982101071691690150000256000000
031982101071691690210000245200000
031982101091791790120000627200000
031982101091791790140000540000000
031982101091791790250000524200000
031982101011891890040000783000000
031982101011891890250000648800000
031982101011891890280000666200000
031982101071991990120000310200000
031982101071991990260000288600000
031982101071991990270000301000000
031982101142092090040000660600000
031982101142092090120000646000000
031982101142092090250000621400000
031982101012192190060000339000000
031982101012192190110000324300000
031982101012192190120000327000000
031982101022292290050000716500000
031982101022292290070000653800000
031982101022292290090000614400000
031982101012392390130000395300000
031982101012392390150000310600000
031982101012392390240000334900000
031982101082492490170000773100000
031982101082492490220000734100000
031982101082492490250000699500000
031982101092592590050000786800000
031982101092592590190000644800000
031982101040710710090001593800000
031982101040710710120001549300000
031982101053853850020000109300000
031982101053863860030000009400000
031982101053873870010000005700000
031982101040720720040000000000000
031982101040730730070000108900000
031982101053513510040001322500000
031982101053513510240001097200000
031982101053523520030000372400000
031982101053843840040001039600000
031982101053843840110000953100000
031982101090890890130000996900000
031982101090890890140001180700000
031982101090890890340000497400000
031982101091791790040000088700000
031982101091791790170000023100000
031982101091791790200000028500000
031982101092592590150000036700000
031982101092592590160000031400000
031982101094394390190000085600000
031982101094394390250000057000000
031982101094394390310000067800000
031982101140190190100000013300000
031982101140190190120000009100000
031982101140190190250000011100000
031982101070290290160000029400000
031982101080590590190000013800000
031982101080990990040000063000000
031982101080990990130000055600000
031982101101091090180000018700000
031982101011891890030000092500000
031982101142092090020000071800000
031982101142092090140000051700000
031982101142092090270000076300000
031982101012192190020000099100000
031982101012392390270000052000000
031982101162692690010000041300000
031982101162692690140000028400000
031982101162692690160000035600000
031982101012992990280000100800000
031982101153093090200000107800000
031982101133193190090000031600000
031982101133193190130000034400000
031982101133193190290000021300000
031982101033393390170000214500000
031982101033393390270000109100000
031982101033393390300000126000000
031982101074594590220000045400000
031982101025095090130000140400000
031982101140190190020003137100000
031982101140190190050003175800001
031982101140190190090003109300000
031982101142092090100012484200001
031982101142092090220012336200001
031982101142092090280012354500001
031982101133193190100001696700000
031982101133193190170001526800000
031982101133193190300001501600000
031982101144894890060022046400001
031982101144894890250022037800001
031982101144894890260021766600001
031982101140190190190000991600000
031982101140190190230000951800000
031982101140190190280000960300000
031982101142092090010003790300000
031982101142092090030003731900000
031982101142092090070003699800000
031982101133193190060000985500000
031982101133193190180000787400000
031982101133193190270000820000000
031982101144894890170004216400000
031982101144894890180004205900000
031982101144894890230004176400000
031982101111591590090001100000000
031982101111591590210000935300000
031982101111591590370000672600000
031982101112792790120000116500000
031982101112792790140000121200000
031982101112792790270000084200000
031982101113293290010000099800000
031982101113293290080000102100000
031982101113293290160000051500000
031982101113693690070001526900000
031982101113693690150001287400000
031982101113693690220001232500000
031982101040710710100000000000000
031982101040710710140000000000000
031982101174694690040002860800000
031982101174694690170001317000000
031982101100690690090001542700000
031982101100690690230001720300000
031982101101091090050003247800000
031982101101091090080001700200000
031982101101091090190001315600000
031982101100690690050001657700000
031982101171291290140000980900000
031982101033393390240000064300000
031982101170390390030000160500000
031982101170390390300000076700000
031982101053853850060000235100000
031982101053863860040000122800000
031982101053873870030000041600000
031982101053513510060002061000000
031982101053523520050000116600000
031982101053843840030000400500000
031982101083793790040001030400000
031982101083793790050001003400000
031982101083793790210000880900000
031982101040710710170010719200001
031982101040710710210010617200000
031982101053853850040001140800000
031982101053863860060000162500000
031982101053873870060000080200000
031982101040720720030000819400000
031982101040730730060001484900001
031982101053513510120008742900000
031982101053513510160008909800001
031982101053523520040000186400000
031982101070290290010005514500001
031982101070290290020005431800000
031982101070290290200004878800000
031982101010490490030004628500001
031982101010490490170004452000000
031982101010490490200004241300000
031982101080590590140003157200001
031982101080590590150003106100001
031982101080590590170002889300000
031982101100690690040008428200001
031982101100690690260008163600000
031982101053533530040000000000000
031982101083793790150005693300000
031982101063993990030011472100001
031982101063993990290011036200000
031982101063993990340011004600000
031982101084094090080003204700000
031982101084094090100003303400001
031982101084094090150003163600000
031982101014194190090016944900001
031982101014194190160016702400000
031982101014194190300016405200000
031982101084294290060001601200000
031982101084294290080002053600001
031982101084294290110001446000000
031982101094394390080004900000000
031982101094394390150004854500000
031982101094394390240004706000000
031982101074594590180009511900001
031982101074594590190009500900000
031982101074594590230009286100000
031982101084794790070008449000001
031982101084794790100008360000000
031982101084794790270008077700000
031982101084994990170004485600001
031982101084994990200004746500001
031982101084994990210004413200000
031982101185195190010000744000000
031982101185195190160000718500000
031982101195295290040000542800000
031982101195295290050000542500000
031982101053843840100006107000001
031982101053843840150006097900000
031982101100690690310007914400000
031982101090890890100033342600000
031982101090890890170029761100000
031982101090890890400031922100000
031982101080990990010008686300001
031982101080990990150008346000001
031982101080990990230008287500001
031982101101091090100004821000000
031982101101091090200004847500001
031982101101091090220004540500000
031982101011191190010008778600001
031982101011191190130008397700000
031982101011191190200008310100000
031982101071391390010007716400001
031982101071391390050007658800000
031982101071391390160007459100000
031982101011491490110008598500001
031982101011491490210008462000000
031982101011491490250008359800000
031982101111591590030017106500001
031982101111591590070016689300000
031982101111591590220016033400000
031982101071691690010004110900001
031982101071691690080004022400000
031982101071691690100003977500000
031982101091791790030003360000000
031982101091791790190003032800000
031982101091791790240002962700000
031982101011891890080009279000000
031982101011891890110009342200001
031982101011891890210008950500000
031982101071991990160003166500000
031982101071991990200003167000001
031982101071991990280003148700000
031982101012192190070004260300001
031982101012192190130004151000000
031982101012192190180003782100000
031982101012392390020007633000001
031982101012392390040007421700000
031982101012392390140007390000000
031982101082492490040008867500001
031982101082492490090008746100000
031982101082492490190008598200000
031982101092592590110002955600000
031982101092592590210002853600000
031982101092592590260002821800000
031982101162692690020006486700001
031982101162692690040006286400000
031982101162692690170006331900000
031982101112792790040008623800001
031982101112792790160007622600001
031982101112792790210008391600001
031982101122892890030083738000001
031982101122892890170081197500000
031982101122892890380077892500000
031982101012992990180011343500001
031982101012992990200011253000000
031982101012992990310010949800000
031982101153093090100018256100001
031982101153093090120017865500000
031982101153093090190017972600000
031982101113293290170006207500001
031982101113293290180006103800001
031982101113293290220006104200001
031982101033393390010018444200001
031982101033393390070017541500000
031982101033393390160017388500000
031982101083493490020004401500000
031982101083493490080004403700001
031982101083493490100004223500000
031982101113693690010015031100001
031982101113693690290014376900001
031982101113693690320014309100001
031982101083793790070006014500000
031982101083793790090006180400001
031982101022292290020003312900001
031982101022292290120003192700000
031982101022292290140003154300000
031982101024494490120003153300001
031982101024494490140003083300000
031982101024494490150003116700000
031982101025095090060016258100001
031982101025095090100015711700000
031982101025095090110015165300000
031982101140190190180002669800000
031982101140190190290002672200000
031982101140190190300002632400000
031982101142092090190003067600000
031982101142092090240003065700000
031982101142092090260003105900000
031982101144894890030007790800000
031982101144894890110007508500000
031982101144894890200007512000000
031982101170390390050018518600001
031982101170390390120018282600000
031982101170390390290016726500000
031982101171291290060007269100001
031982101171291290080006884800000
031982101171291290120007008300000
031982101174694690020034167300001
031982101174694690050033338900000
031982101174694690230030588000000
031982101053863860020000001600000
031982101111591590250001702800000
031982101111591590280001581000000
031982101111591590340001572600000
031982101112792790110000636400000
031982101112792790150000572800000
031982101112792790190000586500000
031982101113293290120000425500000
031982101113293290210000408200000
031982101133193190110000087600000
031982101033393390080000269000000
031982101033393390090000255800000
031982101033393390130000220600000
031982101083493490010000125400000
031982101083493490110000080600000
031982101113693690260000086400000
031982101113693690330000125400000
031982101113693690350000077500000
031982101063993990040000205300000
031982101063993990060000189600000
031982101063993990250000065400000
031982101084094090050000095100000
031982101014194190080000331100000
