062011051350019900067600000068000
062011051350019900072900000003000
062011051350019900114300000009000
062011051350019900119000000005000
062011051350019900125600000205000
062011051350019900133300000008000
062011051350019900142400000000000
062011051350019900246000000021000
062011051350019900266500000041000
062011051350019900277700000275000
062011051350019900289800000010000
062011051350019900307700001893000
062011051350019900318600001238000
062011051350019900353400000007000
062011051350019900362600000004000
062011051350019900378400000010000
062011051350019900388200000002000
062011051350029900067600000059000
062011051350029900072900000059000
062011051350029900114300000016000
062011051350029900119000000050000
062011051350029900125600001402000
062011051350029900133300000014000
062011051350029900142400000006000
062011051350029900246000000169000
062011051350029900266500000300000
062011051350029900277700005981000
062011051350029900289800000033000
062011051350029900307700003587000
062011051350029900318600001653000
062011051350029900353400000027000
062011051350029900362600000036000
062011051350029900378400000087000
062011051350029900388200000017000
062011051350039900083900000200000
062011051350039900125600000988000
062011051350039900246000000029000
062011051350039900266500000053000
062011051350039900277900000171000
062011051350039900307700000497000
062011051350039900312000000617000
062011051350039900318600000383000
062011051350039900378400000014000
062011051350049900066400001125000
062011051350049900125600004844000
062011051350049900179800000339000
062011051350049900246000000243000
062011051350049900273600000078000
062011051350049900291200001818000
062011051350049900305500000836000
062011051350049900307700003857000
062011051350049900318600002797000
062011051350049900378400000146000
062011051350059900067600000000000
062011051350059900072900000009000
062011051350059900114300000000000
062011051350059900119000000001000
062011051350059900125600000015000
062011051350059900133300000003000
062011051350059900142400000002000
062011051350059900246000000003000
062011051350059900266500000009000
062011051350059900277700000241000
062011051350059900289800000001000
062011051350059900307700000432000
062011051350059900318600000297000
062011051350059900353400000001000
062011051350059900362600000001000
062011051350059900378400000000000
062011051350059900388200000002000
062011051350069900067600000087000
062011051350069900072900000048000
062011051350069900114300000037000
062011051350069900119000000042000
062011051350069900125600003164000
062011051350069900133300000065000
062011051350069900142400000014000
062011051350069900246000000255000
062011051350069900266500000453000
062011051350069900277700002054000
062011051350069900289800000035000
062011051350069900307700006307000
062011051350069900318600005026000
062011051350069900353400000719000
062011051350069900362600000037000
062011051350069900378400000128000
062011051350069900388200000042000
062011051350079900083900000010000
062011051350079900125600000291000
062011051350079900246000000000000
062011051350079900266500000003000
062011051350079900277900000001000
062011051350079900307700000032000
062011051350079900312000000112000
062011051350079900318600000047000
062011051350079900378400000000000
062011051350089900067600000017000
062011051350089900072900000010000
062011051350089900114300000004000
062011051350089900119000000092000
062011051350089900125600000865000
062011051350089900133300000012000
062011051350089900142400000002000
062011051350089900246000000044000
062011051350089900266500000053000
062011051350089900277700000876000
062011051350089900289800000009000
062011051350089900307700001690000
062011051350089900318600000728000
062011051350089900353400000003000
062011051350089900362600000007000
062011051350089900378400000016000
062011051350089900388200000007000
062011051350099900067600000047000
062011051350099900072900000024000
062011051350099900114300000011000
062011051350099900119000000015000
062011051350099900125600003145000
062011051350099900133300000062000
062011051350099900142400000012000
062011051350099900246000000087000
062011051350099900266500000210000
062011051350099900277700003623000
062011051350099900289800000032000
062011051350099900307700003732000
062011051350099900318600003191000
062011051350099900353400000019000
062011051350099900362600000018000
062011051350099900378400000052000
062011051350099900388200000019000
062011051350109900066400000177000
062011051350109900125600001093000
062011051350109900179800000006000
062011051350109900246000000037000
062011051350109900273600000023000
062011051350109900291200000371000
062011051350109900305500000100000
062011051350109900307700000334000
062011051350109900318600000340000
062011051350109900378400000007000
062011051350119900067600000073000
062011051350119900072900000042000
062011051350119900114300000033000
062011051350119900119000000338000
062011051350119900125600001462000
062011051350119900133300000027000
062011051350119900142400000013000
062011051350119900246000000283000
062011051350119900266500000395000
062011051350119900277700001492000
062011051350119900289800000039000
062011051350119900307700006073000
062011051350119900318600004134000
062011051350119900353400000124000
062011051350119900362600000026000
062011051350119900378400000095000
062011051350119900388200000017000
062011051350129900067600000009000
062011051350129900072900000007000
062011051350129900114300000001000
062011051350129900119000000996000
062011051350129900125600000446000
062011051350129900133300000013000
062011051350129900142400000001000
062011051350129900246000000034000
062011051350129900266500000088000
062011051350129900277700000452000
062011051350129900289800000010000
062011051350129900307700003368000
062011051350129900318600000903000
062011051350129900353400000009000
062011051350129900362600000008000
062011051350129900378400000019000
062011051350129900388200000004000
062011051350139900067600000017000
062011051350139900072900000011000
062011051350139900114300000001000
062011051350139900119000000010000
062011051350139900125600000830000
062011051350139900133300000009000
062011051350139900142400000002000
062011051350139900246000000025000
062011051350139900266500000103000
062011051350139900277700000855000
062011051350139900289800000002000
062011051350139900307700002179000
062011051350139900318600001181000
062011051350139900353400000005000
062011051350139900362600000006000
062011051350139900378400000004000
062011051350139900388200000002000
062011051350149900083900000125000
062011051350149900125600001856000
062011051350149900246000000135000
062011051350149900266500000122000
062011051350149900277900000255000
062011051350149900307700001331000
062011051350149900312000001314000
062011051350149900318600000601000
062011051350149900378400000029000
062011051350159900083900000562000
062011051350159900125600001735000
062011051350159900246000000026000
062011051350159900266500000143000
062011051350159900277900000236000
062011051350159900307700000759000
062011051350159900312000000414000
062011051350159900318600001673000
062011051350159900378400000035000
062011051350169900067600001608000
062011051350169900072900000913000
062011051350169900114300000300000
062011051350169900119000000588000
062011051350169900125600008579000
062011051350169900133300005559000
062011051350169900142400000225000
062011051350169900246000003108000
062011051350169900266500005703000
062011051350169900277700012576000
062011051350169900289800000673000
062011051350169900307700068116000
062011051350169900318600037765000
062011051350169900353400002391000
062011051350169900362600000349000
062011051350169900378400002815000
062011051350169900388200001004000
062011051350179900083900000720000
062011051350179900125600005300000
062011051350179900246000000128000
062011051350179900266500000286000
062011051350179900277900000453000
062011051350179900307700002836000
062011051350179900312000001424000
062011051350179900318600001320000
062011051350179900378400000074000
062011051350189900066400000309000
062011051350189900125600001592000
062011051350189900179800000069000
062011051350189900246000000194000
062011051350189900273600000019000
062011051350189900291200000632000
062011051350189900305500000155000
062011051350189900307700001543000
062011051350189900318600001112000
062011051350189900378400000074000
062011051350199900067600000041000
062011051350199900072900000017000
062011051350199900114300000014000
062011051350199900119000000039000
062011051350199900125600001160000
062011051350199900133300001004000
062011051350199900142400000013000
062011051350199900246000000139000
062011051350199900266500000379000
062011051350199900277700003727000
062011051350199900289800000036000
062011051350199900307700008214000
062011051350199900318600003010000
062011051350199900353400000047000
062011051350199900362600000132000
062011051350199900378400000121000
062011051350199900388200000013000
062011051350209900067600000020000
062011051350209900072900000006000
062011051350209900114300000000000
062011051350209900119000000000000
062011051350209900125600000954000
062011051350209900133300000002000
062011051350209900142400000004000
062011051350209900246000000011000
062011051350209900266500000011000
062011051350209900277700001186000
062011051350209900289800000004000
062011051350209900307700000831000
062011051350209900318600001870000
062011051350209900353400000002000
062011051350209900362600000005000
062011051350209900378400000011000
062011051350209900388200000001000
062011051350219900067600000114000
062011051350219900072900000017000
062011051350219900114300000008000
062011051350219900119000000015000
062011051350219900125600000411000
062011051350219900133300000122000
062011051350219900142400000008000
062011051350219900246000000153000
062011051350219900266500000365000
062011051350219900277700001167000
062011051350219900289800000036000
062011051350219900307700004485000
062011051350219900318600001914000
062011051350219900353400000025000
062011051350219900362600000008000
062011051350219900378400000241000
062011051350219900388200000017000
062011051350229900067600000059000
062011051350229900072900000055000
062011051350229900114300000023000
062011051350229900119000000112000
062011051350229900125600002721000
062011051350229900133300000057000
062011051350229900142400000024000
062011051350229900246000000221000
062011051350229900266500000595000
062011051350229900277700009404000
062011051350229900289800000049000
062011051350229900307700007621000
062011051350229900318600003045000
062011051350229900353400000038000
062011051350229900362600000385000
062011051350229900378400000160000
062011051350229900388200000086000
062011051350239900067600000033000
062011051350239900072900000014000
062011051350239900114300000003000
062011051350239900119000000007000
062011051350239900125600004287000
062011051350239900133300000031000
062011051350239900142400000003000
062011051350239900246000000048000
062011051350239900266500000074000
062011051350239900277700000669000
062011051350239900289800000013000
062011051350239900307700002202000
062011051350239900318600000881000
062011051350239900353400000013000
062011051350239900362600000006000
062011051350239900378400000278000
062011051350239900388200000011000
062011051350249900066400000307000
062011051350249900125600002347000
062011051350249900179800000048000
062011051350249900246000000174000
062011051350249900273600000014000
062011051350249900291200001149000
062011051350249900305500000131000
062011051350249900307700001262000
062011051350249900318600000853000
062011051350249900378400000093000
062011051350259900067600000007000
062011051350259900072900000010000
062011051350259900114300000000000
062011051350259900119000000001000
062011051350259900125600000083000
062011051350259900133300000014000
062011051350259900142400000004000
062011051350259900246000000019000
062011051350259900266500000019000
062011051350259900277700000228000
062011051350259900289800000007000
062011051350259900307700000887000
062011051350259900318600000355000
062011051350259900353400000002000
062011051350259900362600000001000
062011051350259900378400000019000
062011051350259900388200000009000
062011051350269900067600000190000
062011051350269900072900000231000
062011051350269900114300000049000
062011051350269900119000004476000
062011051350269900125600003203000
062011051350269900133300000507000
062011051350269900142400000064000
062011051350269900246000000705000
062011051350269900266500001217000
062011051350269900277700009574000
062011051350269900289800000132000
062011051350269900307700016335000
062011051350269900318600006164000
062011051350269900353400001715000
062011051350269900362600000076000
062011051350269900378400000481000
062011051350269900388200000094000
062011051350279900067600000028000
062011051350279900072900000104000
062011051350279900114300000006000
062011051350279900119000000008000
062011051350279900125600000736000
062011051350279900133300000130000
062011051350279900142400000007000
062011051350279900246000000056000
062011051350279900266500000109000
062011051350279900277700000474000
062011051350279900289800000020000
062011051350279900307700003145000
062011051350279900318600002753000
062011051350279900353400000015000
062011051350279900362600000007000
062011051350279900378400000024000
062011051350279900388200000020000
062011051350289900066400000143000
062011051350289900125600001068000
062011051350289900179800000041000
062011051350289900246000000060000
062011051350289900273600000019000
062011051350289900291200000359000
062011051350289900305500000127000
062011051350289900307700001781000
062011051350289900318600001004000
062011051350289900378400000044000
062011051350299900066400000049000
062011051350299900125600001433000
062011051350299900179800000014000
062011051350299900246000000034000
062011051350299900273600000002000
062011051350299900291200000196000
062011051350299900305500000072000
062011051350299900307700000397000
062011051350299900318600000315000
062011051350299900378400000005000
062011051350309900083900000877000
062011051350309900125600002039000
062011051350309900246000000035000
062011051350309900266500000068000
062011051350309900277900000100000
062011051350309900307700000679000
062011051350309900312000000806000
062011051350309900318600001022000
062011051350309900378400000162000
062011051350319900067600000039000
062011051350319900072900000028000
062011051350319900114300000000000
062011051350319900119000000041000
062011051350319900125600000693000
062011051350319900133300000008000
062011051350319900142400000002000
062011051350319900246000000059000
062011051350319900266500000084000
062011051350319900277700001820000
062011051350319900289800000015000
062011051350319900307700001873000
062011051350319900318600000598000
062011051350319900353400000007000
062011051350319900362600000008000
062011051350319900378400000031000
062011051350319900388200000001000
062011051350329900067600000016000
062011051350329900072900000008000
062011051350329900114300000001000
062011051350329900119000000003000
062011051350329900125600000105000
062011051350329900133300000013000
062011051350329900142400000004000
062011051350329900246000000026000
062011051350329900266500000028000
062011051350329900277700000128000
062011051350329900289800000007000
062011051350329900307700001637000
062011051350329900318600000683000
062011051350329900353400000008000
062011051350329900362600000005000
062011051350329900378400000008000
062011051350329900388200000003000
062011051350339900067600000036000
062011051350339900072900000014000
062011051350339900114300000024000
062011051350339900119000000008000
062011051350339900125600000446000
062011051350339900133300000025000
062011051350339900142400000006000
062011051350339900246000000056000
062011051350339900266500000054000
062011051350339900277700001123000
062011051350339900289800000012000
062011051350339900307700001891000
062011051350339900318600000959000
062011051350339900353400000014000
062011051350339900362600000008000
062011051350339900378400000023000
062011051350339900388200000011000
062011051350349900066400000096000
062011051350349900125600001041000
062011051350349900179800000073000
062011051350349900246000000041000
062011051350349900273600000004000
062011051350349900291200000934000
062011051350349900305500000370000
062011051350349900307700000418000
062011051350349900318600000305000
062011051350349900378400000030000
062011051380019900072900000045000
062011051380019900078200000083000
062011051380019900114000000108000
062011051380019900115000000031000
062011051380019900115500000010000
062011051380019900125600003301000
062011051380019900266500000144000
062011051380019900289700000037000
062011051380019900298700000019000
062011051380019900307600001709000
062011051380019900318600003471000
062011051380019900342900000273000
062011051380019900378000000056000
062011051380029900125600000156000
062011051380029900266500000008000
062011051380029900277400000017000
062011051380029900307600000126000
062011051380029900318600000526000
062011051380039900125600000098000
062011051380039900266500000028000
062011051380039900277400000009000
062011051380039900307600000473000
062011051380039900318600000578000
062011051380049900072900000017000
062011051380049900078200000079000
062011051380049900114000000002000
062011051380049900115000000014000
062011051380049900115500000002000
062011051380049900125600001203000
062011051380049900266500000044000
062011051380049900289700000011000
062011051380049900298700000008000
062011051380049900307600001143000
062011051380049900318600000644000
062011051380049900342900000184000
062011051380049900378000000016000
062011051380059900072900000096000
062011051380059900078200000045000
062011051380059900114000000003000
062011051380059900115000000012000
062011051380059900115500000003000
062011051380059900125600001632000
062011051380059900266500000032000
062011051380059900289700000008000
062011051380059900298700000003000
062011051380059900307600000550000
062011051380059900318600001159000
062011051380059900342900000163000
062011051380059900378000000008000
062011051380069900072900000282000
062011051380069900078200000492000
062011051380069900114000000029000
062011051380069900115000000072000
062011051380069900115500000037000
062011051380069900125600007978000
062011051380069900266500000341000
062011051380069900289700000051000
062011051380069900298700000038000
062011051380069900307600004457000
062011051380069900318600003264000
062011051380069900342900000477000
062011051380069900378000000097000
062011051380079900125600000470000
062011051380079900245900000021000
062011051380079900266500000024000
062011051380079900277400000133000
062011051380079900307600000365000
062011051380079900318600000416000
062011051380079900378000000002000
062011051380089900125600001587000
062011051380089900245900000046000
062011051380089900266500000106000
062011051380089900277400000054000
062011051380089900307600000950000
062011051380089900318600001139000
062011051380089900378000000028000
062011051380099900125600001121000
062011051380099900245900000031000
062011051380099900266500000054000
062011051380099900277400000036000
062011051380099900307600000885000
062011051380099900318600000459000
062011051380099900378000000021000
062011051380109900072900000009000
062011051380109900078200000520000
062011051380109900114000000000000
062011051380109900115000000004000
062011051380109900115500000002000
062011051380109900125600000804000
062011051380109900266500000016000
062011051380109900289700000002000
062011051380109900298700000001000
062011051380109900307600000389000
062011051380109900318600001241000
062011051380109900342900000014000
062011051380109900378000000004000
062011051380119900072900000098000
062011051380119900078200000687000
062011051380119900114000000008000
062011051380119900115000000045000
062011051380119900115500000004000
062011051380119900125600004090000
062011051380119900266500000262000
062011051380119900289700000033000
062011051380119900298700000027000
062011051380119900307600002697000
062011051380119900318600003140000
062011051380119900342900000349000
062011051380119900378000000112000
062011051380129900072900000075000
062011051380129900078200000057000
062011051380129900114000000001000
062011051380129900115000000000000
062011051380129900115500000003000
062011051380129900125600000850000
062011051380129900266500000025000
062011051380129900289700000009000
062011051380129900298700000002000
062011051380129900307600000302000
062011051380129900318600000641000
062011051380129900342900000078000
062011051380129900378000000007000
062011051380139900035800000810000
062011051380139900171900000039000
062011051380139900241400000017000
062011051380139900305300000041000
062011051380139900307600000400000
062011051380139900318600000821000
062011051380149900125600000543000
062011051380149900245900000009000
062011051380149900266500000010000
062011051380149900277400000311000
062011051380149900307600000140000
062011051380149900318600000155000
062011051380149900378000000001000
062011051380159900072900000078000
062011051380159900078200000046000
062011051380159900114000000000000
062011051380159900115000000004000
062011051380159900115500000002000
062011051380159900125600001682000
062011051380159900266500000013000
062011051380159900289700000001000
062011051380159900298700000002000
062011051380159900307600000694000
062011051380159900318600000761000
062011051380159900342900000034000
062011051380159900378000000010000
062011051380169900125600000382000
062011051380169900245900000012000
062011051380169900266500000019000
062011051380169900277400000046000
062011051380169900307600000137000
062011051380169900318600000269000
062011051380169900378000000008000
062011051380179900072900000191000
062011051380179900078200000477000
062011051380179900114000000013000
062011051380179900115000000176000
062011051380179900115500000013000
062011051380179900125600005467000
062011051380179900266500000192000
062011051380179900289700000036000
062011051380179900298700000022000
062011051380179900307600003367000
062011051380179900318600003907000
062011051380179900342900000249000
062011051380179900378000000110000
062011051380189900072900000009000
062011051380189900078200000043000
062011051380189900114000000002000
062011051380189900115000000018000
062011051380189900115500000000000
062011051380189900125600001701000
062011051380189900266500000042000
062011051380189900289700000003000
062011051380189900298700000006000
062011051380189900307600000892000
062011051380189900318600000622000
062011051380189900342900000085000
062011051380189900378000000005000
062011051380199900072900000018000
062011051380199900078200000048000
062011051380199900114000000004000
062011051380199900115000000015000
062011051380199900115500000011000
062011051380199900125600003447000
062011051380199900266500000081000
062011051380199900289700000016000
062011051380199900298700000010000
062011051380199900307600001564000
062011051380199900318600003235000
062011051380199900342900000106000
062011051380199900378000000021000
062011051380209900072900000244000
062011051380209900078200000437000
062011051380209900114000000010000
062011051380209900115000000011000
062011051380209900115500000007000
062011051380209900125600004479000
062011051380209900266500000092000
062011051380209900289700000048000
062011051380209900298700000013000
062011051380209900307600002001000
062011051380209900318600001630000
062011051380209900342900000197000
062011051380209900378000000034000
062011051380219900125600000565000
062011051380219900266500000021000
062011051380219900277400000144000
062011051380219900307600000279000
062011051380219900318600000403000
062011051380229900072900000029000
062011051380229900078200000089000
062011051380229900114000000016000
062011051380229900115000000471000
062011051380229900115500000011000
062011051380229900125600004998000
062011051380229900266500000161000
062011051380229900289700000018000
062011051380229900298700000008000
062011051380229900307600002786000
062011051380229900318600004394000
062011051380229900342900000672000
062011051380229900378000000021000
062011051380239900072900001076000
062011051380239900078200004278000
062011051380239900114000000161000
062011051380239900115000000396000
062011051380239900115500000108000
062011051380239900125600024364000
062011051380239900266500001740000
062011051380239900289700000248000
062011051380239900298700000212000
062011051380239900307600016858000
062011051380239900318600010497000
062011051380239900342900005278000
062011051380239900378000000799000
062011051380249900125600004241000
062011051380249900245900000112000
062011051380249900266500000210000
062011051380249900277400000128000
062011051380249900307600003573000
062011051380249900318600001515000
062011051380249900378000000112000
062011051380259900072900000020000
062011051380259900078200000074000
062011051380259900114000000003000
062011051380259900115000000009000
062011051380259900115500000002000
062011051380259900125600001840000
062011051380259900266500000066000
062011051380259900289700000006000
062011051380259900298700000005000
062011051380259900307600000895000
062011051380259900318600001963000
062011051380259900342900000130000
062011051380259900378000000017000
062011051380269900072900000485000
062011051380269900078200000523000
062011051380269900114000000021000
062011051380269900115000000031000
062011051380269900115500000017000
062011051380269900125600012936000
062011051380269900266500000365000
062011051380269900289700000038000
062011051380269900298700000043000
062011051380269900307600004481000
062011051380269900318600003249000
062011051380269900342900001021000
062011051380269900378000000076000
062011051380279900125600001587000
062011051380279900245900000039000
062011051380279900266500000075000
062011051380279900277400000045000
062011051380279900307600001055000
062011051380279900318600000900000
062011051380279900378000000034000
062011051380289900072900000170000
062011051380289900078200000569000
062011051380289900114000000008000
062011051380289900115000000126000
062011051380289900115500000005000
062011051380289900125600005577000
062011051380289900266500000242000
062011051380289900289700000032000
062011051380289900298700000020000
062011051380289900307600003163000
062011051380289900318600004029000
062011051380289900342900000436000
062011051380289900378000000080000
062011051380299900125600000276000
062011051380299900245900000020000
062011051380299900266500000018000
062011051380299900277400000001000
062011051380299900307600000154000
062011051380299900318600000395000
062011051380299900378000000006000
062011051380309900125600000684000
062011051380309900245900000015000
062011051380309900266500000033000
062011051380309900277400000005000
062011051380309900307600000229000
062011051380309900318600000549000
062011051380309900378000000006000
062011051380319900072900000338000
062011051380319900078200000259000
062011051380319900114000000027000
062011051380319900115000000040000
062011051380319900115500000020000
062011051380319900125600008052000
062011051380319900266500000314000
062011051380319900289700000037000
062011051380319900298700000038000
062011051380319900307600007702000
062011051380319900318600003495000
062011051380319900342900000641000
062011051380319900378000000059000
062011051380329900072900000059000
062011051380329900078200000517000
062011051380329900114000000015000
062011051380329900115000000025000
062011051380329900115500000011000
062011051380329900125600002078000
062011051380329900266500000336000
062011051380329900289700000021000
062011051380329900298700000011000
062011051380329900307600002017000
062011051380329900318600002170000
062011051380329900342900000515000
062011051380329900378000000131000
062011051380339900125600001125000
062011051380339900245900000024000
062011051380339900266500000038000
062011051380339900277400000050000
062011051380339900307600000544000
062011051380339900318600001167000
062011051380339900378000000018000
062011051380349900072900000011000
062011051380349900078200000052000
062011051380349900114000000026000
062011051380349900115000000122000
062011051380349900115500000001000
062011051380349900125600001627000
062011051380349900266500000017000
062011051380349900289700000007000
062011051380349900298700000006000
062011051380349900307600000500000
062011051380349900318600000870000
062011051380349900342900000073000
062011051380349900378000000005000
062011051380359900072900000043000
062011051380359900078200000069000
062011051380359900114000000008000
062011051380359900115000000081000
062011051380359900115500000005000
062011051380359900125600002401000
062011051380359900266500000079000
062011051380359900289700000021000
062011051380359900298700000006000
062011051380359900307600001132000
062011051380359900318600001042000
062011051380359900342900000109000
062011051380359900378000000018000
062011051380369900125600000487000
062011051380369900266500000212000
062011051380369900277400000187000
062011051380369900307600001130000
062011051380369900318600002757000
062011051380379900125600002685000
062011051380379900245900000226000
062011051380379900266500000188000
062011051380379900277400000098000
062011051380379900307600002931000
062011051380379900318600002187000
062011051380379900378000000042000
062011051380389900072900001548000
062011051380389900078200006227000
062011051380389900114000000190000
062011051380389900115000000530000
062011051380389900115500000161000
062011051380389900125600028072000
062011051380389900266500002647000
062011051380389900289700000398000
062011051380389900298700000324000
062011051380389900307600026173000
062011051380389900318600013269000
062011051380389900342900005699000
062011051380389900378000001469000
062011051380399900072900000069000
062011051380399900078200000111000
062011051380399900114000000002000
062011051380399900115000000008000
062011051380399900115500000007000
062011051380399900125600003637000
062011051380399900266500000069000
062011051380399900289700000008000
062011051380399900298700000007000
062011051380399900307600002624000
062011051380399900318600000552000
062011051380399900342900000267000
062011051380399900378000000043000
062011051380409900072900000011000
062011051380409900078200000019000
062011051380409900114000000004000
062011051380409900115000000022000
062011051380409900115500000002000
062011051380409900125600001269000
062011051380409900266500000030000
062011051380409900289700000005000
062011051380409900298700000005000
062011051380409900307600001474000
062011051380409900318600000406000
062011051380409900342900000078000
062011051380409900378000000006000
062011051380419900072900000052000
062011051380419900078200000140000
062011051380419900114000000012000
062011051380419900115000000008000
062011051380419900115500000000000
062011051380419900125600003135000
062011051380419900266500000067000
062011051380419900289700000008000
062011051380419900298700000006000
062011051380419900307600000753000
062011051380419900318600000398000
062011051380419900342900000222000
062011051380419900378000000032000
062011051380429900072900000013000
062011051380429900078200000055000
062011051380429900114000000001000
062011051380429900115000000002000
062011051380429900115500000000000
062011051380429900125600001019000
062011051380429900266500000011000
062011051380429900289700000004000
062011051380429900298700000002000
062011051380429900307600000352000
062011051380429900318600001466000
062011051380429900342900000044000
062011051380429900378000000003000
062011051380439900072900000169000
062011051380439900078200000750000
062011051380439900114000000012000
062011051380439900115000000025000
062011051380439900115500000011000
062011051380439900125600005182000
062011051380439900266500000166000
062011051380439900289700000026000
062011051380439900298700000018000
062011051380439900307600003133000
062011051380439900318600002005000
062011051380439900342900000595000
062011051380439900378000000084000
062011051380449900072900000003000
062011051380449900078200000007000
062011051380449900114000000000000
062011051380449900115000000002000
062011051380449900115500000000000
062011051380449900125600000980000
062011051380449900266500000007000
062011051380449900289700000000000
062011051380449900298700000000000
062011051380449900307600000326000
062011051380449900318600000475000
062011051380449900342900000013000
062011051380449900378000000001000
062011051380459900125600001274000
062011051380459900245900000067000
062011051380459900266500000024000
062011051380459900277400000025000
062011051380459900307600000570000
062011051380459900318600000827000
062011051380459900378000000016000
062011051380469900072900000041000
062011051380469900078200000411000
062011051380469900114000000004000
062011051380469900115000000009000
062011051380469900115500000006000
062011051380469900125600002598000
062011051380469900266500000113000
062011051380469900289700000015000
062011051380469900298700000009000
062011051380469900307600001386000
062011051380469900318600001057000
062011051380469900342900000399000
062011051380469900378000000036000
062011051380479900125600000627000
062011051380479900245900000010000
062011051380479900266500000016000
062011051380479900277400000013000
062011051380479900307600000424000
062011051380479900318600000330000
062011051380479900378000000010000
062011051380489900035800001123000
062011051380489900171900000036000
062011051380489900241400000045000
062011051380489900305300000012000
062011051380489900307600000678000
062011051380489900318600000974000
062011051380499900125600000151000
062011051380499900266500000130000
062011051380499900277400000095000
062011051380499900307600000808000
062011051380499900318600000893000
062011051380509900125600000107000
062011051380509900266500000032000
062011051380509900277400000062000
062011051380509900307600000466000
062011051380509900318600001293000
062011051380519900072900000013000
062011051380519900078200000029000
062011051380519900114000000001000
062011051380519900115000000041000
062011051380519900115500000000000
062011051380519900125600002782000
062011051380519900266500000027000
062011051380519900289700000006000
062011051380519900298700000002000
062011051380519900307600001177000
062011051380519900318600001532000
062011051380519900342900000120000
062011051380519900378000000014000
062011051380529900072900000003000
062011051380529900078200000184000
062011051380529900114000000000000
062011051380529900115000000004000
062011051380529900115500000000000
062011051380529900125600000301000
062011051380529900266500000002000
062011051380529900289700000001000
062011051380529900298700000003000
062011051380529900307600000242000
062011051380529900318600000336000
062011051380529900342900000007000
062011051380529900378000000002000
062011051380539900125600001159000
062011051380539900245900000019000
062011051380539900266500000038000
062011051380539900277400000039000
062011051380539900307600000688000
062011051380539900318600000659000
062011051380539900378000000019000
062011051389019900035800000465000
062011051389019900171900000005000
062011051389019900241400000042000
062011051389019900305300000007000
062011051389019900307600000116000
062011051389019900318600000392000
