061979041053850000110000621800000
061979041053870000050000002300000
061979041059990000020000508500000
061979041053510000120011921700000
061979041053530000110000057500000
061979041053860000130000009300000
061979041059990000040001563000000
061979041059990000110009284300000
061979041053510000040001563000000
061979041053520000130000066900000
061979041053850000120001978500000
061979041053860000110000291200000
061979041059990000010000168000000
061979041053530000050000092100000
061979041059990000130007769200000
061979041053860000080000098700000
061979041053870000120000140100000
061979041059990000090000122600000
061979041053520000090000122600000
061979041053840000110004625800000
061979041053870000010000168000000
061979041059990000070000248200000
061979041053510000100000697000000
061979041053510000130005099800000
061979041053530000120000367700000
061979041053840000070000248200000
061979041053840000120008910400000
061979041059990000030001091000000
061979041053510000030001091000000
061979041053840000080000987700000
061979041053850000080000389000000
061979041059990000080002801500000
061979041053840000130002593200000
061979041059990000050001550700000
061979041053510000110003273900000
061979041053530000020000508500000
061979041059990000120024685300000
061979041053520000120000977700000
061979041053860000120000389200000
061979041059990000100000697000000
061979041053520000080000060800000
061979041053510000080001265300000
061979041053520000110000414100000
061979041053840000050001333700000
061979041053870000110000000000000
061979041053510000050000122600000
061979041053520000060000087800000
061979041059990000060000087800000
