101999061040139900000100061204008
101999061040139900000200060017007
101999061040139900085500011775001
101999061040299900000100018017003
101999061040299900000200016471002
101999061040539900000100018096002
101999061040539900000200018212002
101999061041009900000100010414001
101999061041009900000200012122001
101999061110049900000100010651001
101999061110049900001300017757002
101999061110049900086900016425001
101999061110069900000100017588001
101999061110069900086900030936002
101999061110129900000100041062003
101999061110129900086900014271001
101999061110159900000100008530001
101999061110159900086900021096002
101999061110209900000100020648001
101999061110209900001300032730003
101999061110209900086900018878001
101999061110279900000100012514001
101999061110279900085500011531001
101999061110279900086900013977001
101999061110279900089500011424001
101999061110319900001300020716002
101999061110319900086900015832001
101999061110329900000100009232001
101999061110329900086900011162001
101999061110339900002000022176002
101999061110339900086900012463001
101999061140029900085500011090001
101999061140029900086900008424001
101999061140079900086900007327001
101999061140139900086900006549001
101999061140219900000100078261006
101999061140219900085500055078004
101999061140219900086900046145003
101999061140389900000100009016001
101999061140389900086900014580001
101999061140429900085500014650001
101999061140429900086900009731001
101999061140529900086900010406001
101999061140539900086900018812002
101999061140549900000100009592001
101999061140549900086900014478001
101999061140559900086900009525001
101999061180239900000100009588001
101999061180239900086900017052001
101999061180879900000100093960007
101999061180879900085500030996002
101999061180879900086900104712007
101999061180899900000100009383001
101999061180899900086900012289001
101999061181229900000100013376001
101999061181229900086900019477002
101999061181409900000100015600001
101999061181409900086900018105002
101999061181479900086900013707001
101999061210079900085500005846001
101999061210079900086900011407001
101999061210109900001300007513001
101999061210109900086900012569002
101999061210419900000100051496006
101999061210419900086900037362005
101999061210509900000100006678001
101999061210509900086900008399001
101999061210549900000100010958001
101999061210549900085500006780001
101999061210549900086900015799002
101999061210729900085500005513001
101999061210729900086900016180002
101999061230029900000100007710001
101999061230029900086900013033001
101999061230059900000100013041001
101999061230059900086900021633002
101999061230099900086900008656001
101999061230249900000100009009001
101999061230249900086900015047001
101999061230289900000100006376001
101999061230289900086900010882001
101999061230509900000100038616003
101999061230509900085500010458001
101999061230509900086900040299003
101999061230559900000100010211001
101999061230559900086900011776001
101999061230609900000100008429001
101999061230609900086900014654001
101999061230929900000100012055001
101999061230929900085500007865001
101999061230929900086900014154001
101999061230959900000100011472001
101999061230959900086900020448002
101999061290159900085500015300001
101999061290159900086900031823002
101999061290679900000100159380009
101999061290679900001300016403001
101999061290679900085500035841002
101999061290679900086900090605005
101999061290699900000100024536002
101999061290699900002000038830003
101999061290699900086900033840002
101999061290849900086900012465001
101999061290949900000100015729001
101999061290949900086900021663002
101999061410249900085500010883001
101999061410249900086900012318001
101999061410329900086900007852001
101999061410399900001300010649001
101999061410559900086900014293001
101999061410609900086900009339001
101999061410659900086900013014001
101999061410689900085500013852001
101999061410689900086900024303001
101999061410919900000100165821006
101999061410919900001300075965002
101999061410919900085500058308002
101999061410919900086900212674008
101999061410959900085500016942001
101999061410959900086900052583003
101999061220489900000100014095004
101999061220489900000200013699003
101999061220489900001200005793001
101999061220669900000100002472001
101999061220669900000200003034001
101999061221129900000100004523001
101999061221129900000200006361002
101999061221259900000100013888003
101999061221259900000200014706004
101999061221259900001200006553001
101999061221259900047300004215001
101999061221309900000100004765001
101999061221309900000200006359002
101999061440139900000100014603005
101999061440139900000200010844003
101999061440139900001200005481002
101999061440509900000100004288001
101999061440509900000200004095001
101999061440509900001200004423002
101999061442169900000100013767005
101999061442169900000200010336003
101999061442169900001200008225003
101999061500679900000100014892003
101999061500679900000200009190001
101999061500749900000200005153001
101999061500949900000100005025001
101999061500959900000100005073001
101999061500959900000200009430002
101999061502519900000100005200001
101999061502519900000200004858001
101999061502979900000100144225007
101999061502979900000200113816006
101999061502979900001200037191001
101999061502979900047300042050002
101999061020039900000100042386006
101999061020039900011800047025006
101999061020039900011900007529001
101999061020089900011800006372001
101999061020099900000100010904001
101999061020099900011800012562002
101999061020379900000100012693002
101999061020379900011800016074002
101999061020699900000100015082002
101999061020699900011800017509002
101999061130059900000100027360002
101999061130059900011800028058003
101999061130349900000100037829004
101999061130349900011800035631003
101999061130399900000100005461001
101999061130399900011800009571001
101999061130539900000100008534001
101999061130539900011800014694001
101999061130719900000100017944002
101999061130719900011800026952003
101999061130879900000100010537001
101999061130879900011800013020001
101999061130939900000100007892001
101999061130939900011800008516001
101999061160789900000100023457005
101999061160789900011800023829005
101999061161349900000100010616002
101999061161349900011800012580003
101999061161909900000100012209003
101999061161909900011800011808002
101999061162039900000100012708002
101999061162039900011800013130003
101999061191309900000100036570007
101999061191309900011800034848007
101999061191309900011900005240001
101999061191909900000100002979002
101999061191909900011800003260002
101999061192579900000100003964003
101999061192579900011800003891003
101999061451219900000100011752001
101999061451219900001900013296001
101999061451249900000100017881001
101999061451249900001900020328002
101999061451429900000100012496002
101999061451429900001900010981001
101999061451659900000100032270003
101999061451659900001900036821004
101999061451689900000100045677005
101999061451689900001900044213004
101999061451739900000100019490002
101999061451739900001900017976001
101999061050149900000100012351004
101999061050149900000200006004001
101999061050169900000100008617003
101999061050169900000200005207001
101999061050199900000100027400009
101999061050199900000200012110003
101999061050199900030400004485001
101999061051869900000100009322003
101999061090189900000100011226002
101999061090189900000200008750001
101999061090569900000100004223001
101999061090599900000100043784007
101999061090599900000200031200004
101999061090599900012000010400001
101999061090599900030400007094001
101999061090599900060100009676001
101999061091949900000100005363001
101999061092199900000100008345002
101999061092199900000200006900001
101999061093309900000100004694001
101999061099039900000100007659001
101999061099039900000200006025001
101999061240089900000100012406001
101999061240089900000200011175001
101999061240109900000100012645001
101999061240109900000200007674001
101999061240569900000100004203001
101999061240899900000100054824006
101999061240899900000200041802004
101999061240899900012500025934003
101999061241159900000100037798004
101999061241159900000200030555003
101999061241159900030400008953001
101999061241399900000100003804001
101999061340179900000100002128001
101999061340229900000100003215001
101999061340479900000100003442001
101999061340479900000200002253001
101999061340569900000100008678002
101999061340569900000200006554002
101999061340729900000100003175001
101999061341209900000100022205006
101999061341209900000200025317007
101999061341209900030400003572001
101999061341579900000100005662002
101999061370469900000100012412002
101999061370469900000200008155001
101999061371079900000100011391002
101999061371079900000200007738001
101999061372469900000100007840001
101999061372469900000200006899001
101999061372749900000100066364009
101999061372749900000200042773006
101999061373769900000100009126001
101999061373769900000200005347001
101999061400639900000100007456002
101999061400639900000200005860002
101999061401709900000100001857001
101999061401859900000100005541002
101999061401859900000200003521001
101999061401949900000100020353008
101999061401949900000200014504005
101999061401949900030400004947002
101999061401959900000100005107002
101999061420209900000100004858003
101999061420209900000200003335002
101999061420439900000100005668004
101999061420439900000200002719001
101999061421739900000100015269009
101999061421739900000200008789005
101999061421739900097700002671001
101999061470859900000100014989004
101999061470859900000200009696003
101999061470869900000100008091002
101999061470869900000200005087001
101999061471869900000100108863008
101999061471869900000200085177006
101999061471869900030400016692001
101999061490219900000100013405003
101999061490219900000200009308002
101999061491669900000100004501001
101999061491669900000200003048001
101999061492199900000100004357001
101999061492199900000200003739001
101999061492509900000100004032001
101999061492759900000100034222008
101999061492759900000200022881006
101999061492759900003800006720001
101999061080069900048000020835001
101999061080199900000400168560004
101999061080199900029100122311003
101999061080199900048000383343011
101999061080199900054400050064001
101999061080199900055700061237001
101999061080229900000400012902001
101999061080969900000400035676001
101999061080969900048000049973002
101999061081019900000400029448001
101999061081019900029100033998001
101999061081019900048000125130004
101999061081019900055700031559001
101999061081029900048000019040001
101999061081139900000400026309001
101999061081139900048000026470001
101999061081219900000400032600001
101999061081219900048000037817002
101999061081879900000400029216001
101999061081879900048000061118002
101999061081879900055700038381001
101999061082119900000400026615001
101999061082119900048000049166002
101999061082799900000400028418001
101999061082799900048000051177002
101999061082989900000400027971001
101999061083059900048000015837001
101999061083079900048000016659001
101999061170229900000400019541003
101999061170229900048000012701002
101999061170669900000400018259002
101999061170669900048000012519002
101999061170799900000400030621004
101999061170799900048000024416003
101999061170799900054400011130001
101999061171149900000400011848002
101999061171149900048000007809001
101999061171419900000400008283001
101999061171419900054400004802001
101999061171809900000400020261003
101999061171809900048000013614002
101999061250409900000400016751002
101999061250409900048000007228001
101999061250409900054400005662001
101999061250589900000400005859001
101999061250729900000400009477003
101999061251209900000400027506004
101999061251209900029100009660001
101999061251209900048000034235006
101999061251209900054400007549001
101999061252039900000400003935001
101999061252079900000400005920001
101999061252099900000400002427001
101999061252349900000400003176001
101999061252439900200500001915001
101999061431239900000400027740003
101999061431239900029100008503001
101999061431239900048000024744003
101999061431239900054400008650001
101999061431489900000400026696004
101999061431489900029100010249001
101999061431489900048000018483002
101999061431559900000400030783003
101999061431559900029100013076001
101999061431559900048000021141002
101999061431619900000400011698002
101999061431619900048000006772001
101999061431639900000400016296002
101999061431639900048000013822001
101999061060119900000100014396001
101999061060119900000200017571002
101999061060159900000100040396005
101999061060159900000200029558003
101999061060369900000200012419001
101999061060449900000100011958001
101999061060449900000200012475001
101999061060509900000200005305001
101999061060639900000200007928001
101999061060709900000200010480001
101999061060749900000200011595001
101999061060839900000100025713002
101999061060839900000200025978002
101999061060959900000200008696001
101999061061539900000100009268001
101999061061539900000200013290001
101999061061589900000100013789001
101999061061589900000200018326001
101999061100379900000100034292004
101999061100379900000200034327005
101999061100679900000100012371001
101999061100679900000200014762002
101999061101319900000100012980001
101999061101319900000200015453002
101999061101489900000100026364003
101999061101489900000200027484003
101999061101959900000100011925001
101999061101959900000200017080002
101999061102039900000200003418001
101999061150099900000100024139001
101999061150099900002400013960001
101999061150199900000100024691002
101999061150289900000100011766001
101999061150289900002400011476001
101999061150309900000100046450003
101999061150309900000800020650001
101999061150309900002400084756005
101999061150369900000100037791003
101999061150369900000800026952002
101999061150369900002400018870001
101999061150579900000100031391002
101999061150579900002400015741001
101999061150789900000100075553004
101999061150789900000800025256001
101999061150789900002400037437002
101999061270169900000100012369002
101999061270189900000100003859001
101999061270289900000100045280006
101999061270289900000800017462002
101999061270289900002400019548003
101999061270309900000100030693004
101999061270309900000800009173001
101999061270309900002400011727001
101999061270319900000100015563002
101999061270319900002400006211001
101999061270659900000100015258002
101999061320069900000100007369001
101999061320099900000100006123001
101999061320099900002400004828001
101999061320199900000100011278001
101999061320199900002400006781001
101999061320549900000100065165009
101999061320549900000800025553003
101999061320549900002400021048002
101999061320639900000100007224001
101999061320699900000100008403002
101999061320859900000100012340002
101999061320859900002400006124001
101999061360069900000100024650002
101999061360069900002400017595001
101999061360179900000100011308001
101999061360249900000100018536002
101999061360389900000100055533003
101999061360389900000800037397002
101999061360389900002400029971002
101999061360429900000100017178002
101999061360559900000100023802002
101999061360579900000100066612004
101999061360579900000800040863003
101999061360579900002400042136003
101999061030099900000100028277002
101999061030099900000200025029001
101999061030149900000100082678004
101999061030149900000200067016004
101999061030639900000100022204001
101999061030639900000200014764001
101999061030639900208100011784001
101999061030659900000100060357003
101999061030659900000200064598003
101999061030669900000100032310001
101999061030669900000200036100002
101999061030999900000100047419002
101999061030999900000200031944002
101999061031399900000100029014002
101999061031399900000200020467001
101999061031409900000100017670001
101999061120039900000100004019001
101999061120409900000100059990007
101999061120409900000200037725004
101999061120409900208100008548001
101999061120729900000100005325001
101999061120809900000200002608001
101999061120829900000100028454003
101999061120829900000200025392002
101999061121009900000100004877001
101999061121049900000100006261001
101999061121389900000100012996001
101999061121389900000200008797001
101999061121409900000100003288001
101999061460179900000200030740001
101999061460179900208700029135001
101999061461319900000200030529001
101999061461319900208700030438001
101999061461459900000200026480001
101999061461459900208700037871001
101999061461479900000200020472001
101999061461479900208700029897001
101999061461849900208700016866001
101999061462139900208700025008001
101999061462209900000200023450001
101999061462209900208700023986001
101999061462359900208700015814001
101999061462509900000200244446007
101999061462509900001100046057001
101999061462509900016000046629001
101999061462509900208700326994009
