062015051350019900092500000008000
062015051350019900125100000027000
062015051350019900142800000006000
062015051350019900145600000040000
062015051350019900150900000222000
062015051350019900389300000003000
062015051350019900403600000919000
062015051350019900425200001259000
062015051350019900431800000927000
062015051350019900436000000025000
062015051350019900454300000184000
062015051350019900504600000101000
062015051350019900516300000008000
062015051350019900537300000006000
062015051350029900092500000010000
062015051350029900125100000127000
062015051350029900142800000028000
062015051350029900145600000191000
062015051350029900150900000597000
062015051350029900389300000009000
062015051350029900403600010653000
062015051350029900425200001004000
062015051350029900431800000706000
062015051350029900436000000081000
062015051350029900454300000767000
062015051350029900504600000479000
062015051350029900516300000031000
062015051350029900537300000016000
062015051350039900092500000084000
062015051350039900107900000239000
062015051350039900125100000031000
062015051350039900145600000087000
062015051350039900150900000955000
062015051350039900403900000168000
062015051350039900404300000050000
062015051350039900425200000376000
062015051350039900427600000150000
062015051350039900431800000559000
062015051350039900454300000295000
062015051350039900516300000027000
062015051350049900125100000316000
062015051350049900145600001021000
062015051350049900150900003666000
062015051350049900403600000890000
062015051350049900416000001344000
062015051350049900425200002145000
062015051350049900431800003354000
062015051350049900454300002431000
062015051350049900468600000446000
062015051350049900487200001428000
062015051350049900516300000077000
062015051350059900092500000001000
062015051350059900125100000000000
062015051350059900142800000004000
062015051350059900145600000010000
062015051350059900150900000004000
062015051350059900389300000000000
062015051350059900403600000283000
062015051350059900425200000318000
062015051350059900431800000228000
062015051350059900436000000005000
062015051350059900454300000030000
062015051350059900504600000050000
062015051350059900516300000003000
062015051350059900537300000001000
062015051350069900092500000036000
062015051350069900125100000263000
062015051350069900142800000113000
062015051350069900145600000788000
062015051350069900150900002292000
062015051350069900389300000007000
062015051350069900403600003688000
062015051350069900425200002897000
062015051350069900431800004550000
062015051350069900436000000255000
062015051350069900454300002444000
062015051350069900504600001302000
062015051350069900516300000292000
062015051350069900537300000049000
062015051350079900092500000013000
062015051350079900107900000014000
062015051350079900125100000000000
062015051350079900145600000002000
062015051350079900150900000150000
062015051350079900403900000026000
062015051350079900404300000004000
062015051350079900425200000048000
062015051350079900427600000019000
062015051350079900431800000141000
062015051350079900454300000015000
062015051350079900516300000001000
062015051350089900092500000002000
062015051350089900125100000034000
062015051350089900142800000013000
062015051350089900145600000103000
062015051350089900150900000877000
062015051350089900389300000007000
062015051350089900403600001155000
062015051350089900425200000649000
062015051350089900431800000517000
062015051350089900436000000036000
062015051350089900454300000476000
062015051350089900504600000540000
062015051350089900516300000012000
062015051350089900537300000012000
062015051350099900092500000031000
062015051350099900125100000116000
062015051350099900142800000043000
062015051350099900145600000177000
062015051350099900150900002027000
062015051350099900389300000009000
062015051350099900403600005128000
062015051350099900425200001830000
062015051350099900431800002048000
062015051350099900436000000108000
062015051350099900454300001024000
062015051350099900504600001446000
062015051350099900516300000064000
062015051350099900537300000012000
062015051350109900125100000032000
062015051350109900145600000063000
062015051350109900150900000902000
062015051350109900403600000344000
062015051350109900416000000218000
062015051350109900425200000154000
062015051350109900431800000346000
062015051350109900454300000163000
062015051350109900468600000004000
062015051350109900487200000306000
062015051350109900516300000004000
062015051350119900092500000031000
062015051350119900125100000195000
062015051350119900142800000045000
062015051350119900145600000508000
062015051350119900150900000770000
062015051350119900389300000009000
062015051350119900403600007108000
062015051350119900425200001270000
062015051350119900431800002652000
062015051350119900436000000084000
062015051350119900454300001277000
062015051350119900504600001123000
062015051350119900516300000044000
062015051350119900537300000032000
062015051350129900092500000007000
062015051350129900125100000026000
062015051350129900142800000033000
062015051350129900145600000118000
062015051350129900150900000249000
062015051350129900389300000004000
062015051350129900403600001059000
062015051350129900425200002045000
062015051350129900431800000616000
062015051350129900436000000049000
062015051350129900454300000350000
062015051350129900504600002389000
062015051350129900516300000022000
062015051350129900537300000009000
062015051350139900092500000004000
062015051350139900125100000036000
062015051350139900142800000018000
062015051350139900145600000075000
062015051350139900150900000370000
062015051350139900389300000000000
062015051350139900403600000596000
062015051350139900425200002014000
062015051350139900431800000754000
062015051350139900436000000024000
062015051350139900454300000299000
062015051350139900504600000631000
062015051350139900516300000017000
062015051350139900537300000002000
062015051350149900092500000077000
062015051350149900107900000161000
062015051350149900125100000079000
062015051350149900145600000168000
062015051350149900150900001664000
062015051350149900403900000391000
062015051350149900404300000128000
062015051350149900425200000605000
062015051350149900427600001240000
062015051350149900431800000646000
062015051350149900454300000821000
062015051350149900516300000065000
062015051350159900092500000140000
062015051350159900107900000299000
062015051350159900125100000063000
062015051350159900145600000162000
062015051350159900150900001271000
062015051350159900403900000395000
062015051350159900404300000079000
062015051350159900425200000459000
062015051350159900427600000291000
062015051350159900431800001861000
062015051350159900454300000481000
062015051350159900516300000020000
062015051350169900092500000383000
062015051350169900125100002896000
062015051350169900142800001413000
062015051350169900145600011308000
062015051350169900150900005051000
062015051350169900389300000234000
062015051350169900403600028610000
062015051350169900425200033553000
062015051350169900431800026906000
062015051350169900436000002775000
062015051350169900454300032230000
062015051350169900504600018076000
062015051350169900516300001806000
062015051350169900537300000626000
062015051350179900092500000299000
062015051350179900107900000661000
062015051350179900125100000215000
062015051350179900145600000521000
062015051350179900150900005034000
062015051350179900403900000727000
062015051350179900404300000238000
062015051350179900425200001706000
062015051350179900427600000751000
062015051350179900431800001741000
062015051350179900454300001693000
062015051350179900516300000156000
062015051350189900125100000193000
062015051350189900145600000416000
062015051350189900150900001138000
062015051350189900403600000323000
062015051350189900416000000451000
062015051350189900425200000826000
062015051350189900431800001527000
062015051350189900454300001058000
062015051350189900468600000054000
062015051350189900487200000491000
062015051350189900516300000032000
062015051350199900092500000037000
062015051350199900125100000151000
062015051350199900142800000084000
062015051350199900145600000470000
062015051350199900150900000715000
062015051350199900389300000014000
062015051350199900403600004871000
062015051350199900425200005722000
062015051350199900431800002188000
062015051350199900436000000211000
062015051350199900454300001900000
062015051350199900504600001817000
062015051350199900516300000086000
062015051350199900537300000030000
062015051350209900092500000011000
062015051350209900125100000048000
062015051350209900142800000003000
062015051350209900145600000032000
062015051350209900150900000408000
062015051350209900389300000005000
062015051350209900403600001144000
062015051350209900425200000430000
062015051350209900431800002160000
062015051350209900436000000012000
062015051350209900454300000182000
062015051350209900504600000161000
062015051350209900516300000135000
062015051350209900537300000004000
062015051350219900092500000008000
062015051350219900125100000096000
062015051350219900142800000128000
062015051350219900145600000629000
062015051350219900150900000323000
062015051350219900389300000007000
062015051350219900403600002628000
062015051350219900425200001754000
062015051350219900431800000896000
062015051350219900436000000109000
062015051350219900454300001068000
062015051350219900504600001699000
062015051350219900516300000063000
062015051350219900537300000031000
062015051350229900092500000084000
062015051350229900125100000668000
062015051350229900142800000179000
062015051350229900145600000582000
062015051350229900150900001878000
062015051350229900389300000014000
062015051350229900403600011986000
062015051350229900425200003160000
062015051350229900431800002599000
062015051350229900436000000262000
062015051350229900454300002729000
062015051350229900504600001634000
062015051350229900516300000104000
062015051350229900537300000056000
062015051350239900092500000015000
062015051350239900125100000020000
062015051350239900142800000016000
062015051350239900145600000108000
062015051350239900150900002061000
062015051350239900389300000004000
062015051350239900403600003250000
062015051350239900425200001035000
062015051350239900431800000780000
062015051350239900436000000041000
062015051350239900454300000515000
062015051350239900504600000608000
062015051350239900516300000146000
062015051350239900537300000016000
062015051350249900125100000156000
062015051350249900145600000514000
062015051350249900150900002780000
062015051350249900403600000303000
062015051350249900416000000633000
062015051350249900425200000649000
062015051350249900431800001043000
062015051350249900454300000934000
062015051350249900468600000041000
062015051350249900487200000497000
062015051350249900516300000023000
062015051350259900092500000000000
062015051350259900125100000004000
062015051350259900142800000008000
062015051350259900145600000022000
062015051350259900150900000034000
062015051350259900389300000007000
062015051350259900403600000697000
062015051350259900425200000318000
062015051350259900431800000099000
062015051350259900436000000007000
062015051350259900454300000095000
062015051350259900504600000162000
062015051350259900516300000002000
062015051350259900537300000002000
062015051350269900092500000097000
062015051350269900125100000899000
062015051350269900142800000468000
062015051350269900145600001457000
062015051350269900150900003097000
062015051350269900389300002716000
062015051350269900403600013873000
062015051350269900425200005027000
062015051350269900431800005131000
062015051350269900436000000533000
062015051350269900454300005391000
062015051350269900504600009266000
062015051350269900516300000332000
062015051350269900537300000081000
062015051350279900092500000016000
062015051350279900125100000044000
062015051350279900142800000023000
062015051350279900145600000137000
062015051350279900150900000513000
062015051350279900389300000006000
062015051350279900403600001774000
062015051350279900425200001834000
062015051350279900431800001726000
062015051350279900436000000051000
062015051350279900454300000576000
062015051350279900504600000687000
062015051350279900516300000018000
062015051350279900537300000006000
062015051350289900125100000080000
062015051350289900145600000230000
062015051350289900150900000544000
062015051350289900403600000257000
062015051350289900416000000167000
062015051350289900425200001233000
062015051350289900431800001540000
062015051350289900454300000516000
062015051350289900468600000222000
062015051350289900487200000157000
062015051350289900516300000021000
062015051350299900125100000026000
062015051350299900145600000055000
062015051350299900150900001062000
062015051350299900403600000177000
062015051350299900416000000082000
062015051350299900425200000240000
062015051350299900431800000466000
062015051350299900454300000157000
062015051350299900468600000018000
062015051350299900487200000132000
062015051350299900516300000006000
062015051350309900092500000163000
062015051350309900107900000295000
062015051350309900125100000055000
062015051350309900145600000092000
062015051350309900150900001689000
062015051350309900403900000332000
062015051350309900404300000065000
062015051350309900425200000989000
062015051350309900427600000458000
062015051350309900431800001235000
062015051350309900454300000434000
062015051350309900516300000040000
062015051350319900092500000009000
062015051350319900125100000071000
062015051350319900142800000020000
062015051350319900145600000116000
062015051350319900150900000118000
062015051350319900389300000011000
062015051350319900403600002227000
062015051350319900425200000950000
062015051350319900431800000547000
062015051350319900436000000058000
062015051350319900454300000495000
062015051350319900504600000619000
062015051350319900516300000024000
062015051350319900537300000009000
062015051350329900092500000001000
062015051350329900125100000009000
062015051350329900142800000009000
062015051350329900145600000023000
062015051350329900150900000056000
062015051350329900389300000003000
062015051350329900403600000450000
062015051350329900425200001107000
062015051350329900431800000591000
062015051350329900436000000018000
062015051350329900454300000155000
062015051350329900504600000171000
062015051350329900516300000014000
062015051350329900537300000001000
062015051350339900092500000015000
062015051350339900125100000012000
062015051350339900142800000020000
062015051350339900145600000077000
062015051350339900150900000145000
062015051350339900389300000005000
062015051350339900403600001660000
062015051350339900425200000538000
062015051350339900431800000394000
062015051350339900436000000024000
062015051350339900454300000309000
062015051350339900504600001408000
062015051350339900516300000075000
062015051350339900537300000014000
062015051350349900125100000097000
062015051350349900145600000153000
062015051350349900150900001056000
062015051350349900403600000738000
062015051350349900416000000180000
062015051350349900425200000262000
062015051350349900431800000529000
062015051350349900454300000490000
062015051350349900468600000171000
062015051350349900487200000146000
062015051350349900516300000026000
062015051380019900092500000045000
062015051380019900125000000185000
062015051380019900140200000156000
062015051380019900142800000069000
062015051380019900145600000505000
062015051380019900150900002160000
062015051380019900415300000029000
062015051380019900424200000020000
062015051380019900425200000895000
062015051380019900431800004318000
062015051380019900454300001032000
062015051380019900457200000111000
062015051380019900494300000057000
062015051380019900516300000082000
062015051380029900073200000512000
062015051380029900150900000053000
062015051380029900403300000033000
062015051380029900425200000055000
062015051380029900431800000114000
062015051380029900473800000033000
062015051380029900516300000002000
062015051380039900073200000404000
062015051380039900150900000067000
062015051380039900403300000032000
062015051380039900425200000217000
062015051380039900431800000318000
062015051380039900473800000097000
062015051380039900516300000001000
062015051380049900092500000025000
062015051380049900125000000234000
062015051380049900140200000039000
062015051380049900142800000016000
062015051380049900145600000088000
062015051380049900150900001026000
062015051380049900415300000010000
062015051380049900424200000004000
062015051380049900425200000550000
062015051380049900431800000597000
062015051380049900454300000292000
062015051380049900457200000022000
062015051380049900494300000021000
062015051380049900516300000021000
062015051380059900092500000055000
062015051380059900125000000045000
062015051380059900140200000336000
062015051380059900142800000016000
062015051380059900145600000056000
062015051380059900150900001040000
062015051380059900415300000009000
062015051380059900424200000002000
062015051380059900425200000374000
062015051380059900431800001177000
062015051380059900454300000233000
062015051380059900457200000093000
062015051380059900494300000040000
062015051380059900516300000008000
062015051380069900092500000201000
062015051380069900125000000333000
062015051380069900140200000664000
062015051380069900142800000129000
062015051380069900145600000900000
062015051380069900150900004009000
062015051380069900415300000056000
062015051380069900424200000019000
062015051380069900425200003030000
062015051380069900431800005606000
062015051380069900454300002088000
062015051380069900457200000493000
062015051380069900494300000124000
062015051380069900516300000125000
062015051380079900125300000020000
062015051380079900145600000019000
062015051380079900150900000259000
062015051380079900403600000107000
062015051380079900425200000403000
062015051380079900431800000375000
062015051380079900454300000047000
062015051380079900516300000003000
062015051380089900125300000055000
062015051380089900145600000078000
062015051380089900150900001122000
062015051380089900403600000110000
062015051380089900425200000641000
062015051380089900431800001583000
062015051380089900454300000170000
062015051380089900516300000025000
062015051380099900125300000049000
062015051380099900145600000150000
062015051380099900150900000660000
062015051380099900403600000042000
062015051380099900425200000767000
062015051380099900431800000740000
062015051380099900454300000223000
062015051380099900516300000036000
062015051380109900092500000014000
062015051380109900125000000031000
062015051380109900140200000085000
062015051380109900142800000003000
062015051380109900145600000030000
062015051380109900150900000391000
062015051380109900415300000008000
062015051380109900424200000002000
062015051380109900425200000264000
062015051380109900431800001399000
062015051380109900454300000616000
062015051380109900457200000011000
062015051380109900494300000004000
062015051380109900516300000009000
062015051380119900092500000097000
062015051380119900125000000374000
062015051380119900140200000076000
062015051380119900142800000080000
062015051380119900145600000704000
062015051380119900150900003473000
062015051380119900415300000026000
062015051380119900424200000011000
062015051380119900425200001946000
062015051380119900431800002768000
062015051380119900454300001815000
062015051380119900457200000099000
062015051380119900494300000097000
062015051380119900516300000254000
062015051380129900092500000016000
062015051380129900125000000013000
062015051380129900140200000126000
062015051380129900142800000008000
062015051380129900145600000034000
062015051380129900150900000556000
062015051380129900415300000001000
062015051380129900424200000001000
062015051380129900425200000103000
062015051380129900431800000737000
062015051380129900454300000167000
062015051380129900457200000007000
062015051380129900494300000052000
062015051380129900516300000007000
062015051380139900150500000866000
062015051380139900311100000020000
062015051380139900403500000330000
062015051380139900425200000306000
062015051380139900431800000488000
062015051380139900454300000092000
062015051380149900125300000018000
062015051380149900145600000024000
062015051380149900150900000394000
062015051380149900403600000027000
062015051380149900425200000202000
062015051380149900431800000378000
062015051380149900454300000042000
062015051380149900516300000007000
062015051380159900092500000069000
062015051380159900125000000022000
062015051380159900140200000005000
062015051380159900142800000004000
062015051380159900145600000037000
062015051380159900150900001571000
062015051380159900415300000006000
062015051380159900424200000002000
062015051380159900425200000373000
062015051380159900431800000612000
062015051380159900454300000164000
062015051380159900457200000010000
062015051380159900494300000009000
062015051380159900516300000010000
062015051380169900125300000056000
062015051380169900145600000008000
062015051380169900150900000168000
062015051380169900403600000109000
062015051380169900425200000093000
062015051380169900431800000281000
062015051380169900454300000048000
062015051380169900516300000000000
062015051380179900092500000103000
062015051380179900125000000287000
062015051380179900140200000031000
062015051380179900142800000081000
062015051380179900145600000797000
062015051380179900150900004461000
062015051380179900415300000032000
062015051380179900424200000020000
062015051380179900425200002035000
062015051380179900431800004115000
062015051380179900454300001609000
062015051380179900457200000131000
062015051380179900494300000086000
062015051380179900516300000157000
062015051380189900092500000007000
062015051380189900125000000030000
062015051380189900140200000004000
062015051380189900142800000019000
062015051380189900145600000043000
062015051380189900150900001182000
062015051380189900415300000001000
062015051380189900424200000003000
062015051380189900425200000968000
062015051380189900431800000543000
062015051380189900454300000138000
062015051380189900457200000133000
062015051380189900494300000007000
062015051380189900516300000005000
062015051380199900092500000020000
062015051380199900125000000107000
062015051380199900140200000010000
062015051380199900142800000023000
062015051380199900145600000124000
062015051380199900150900002849000
062015051380199900415300000006000
062015051380199900424200000005000
062015051380199900425200001016000
062015051380199900431800003855000
062015051380199900454300000320000
062015051380199900457200000050000
062015051380199900494300000020000
062015051380199900516300000016000
062015051380209900092500000090000
062015051380209900125000000191000
062015051380209900140200000033000
062015051380209900142800000049000
062015051380209900145600000299000
062015051380209900150900003017000
062015051380209900415300000024000
062015051380209900424200000017000
062015051380209900425200002173000
062015051380209900431800001828000
062015051380209900454300001209000
062015051380209900457200000178000
062015051380209900494300000069000
062015051380209900516300000089000
062015051380219900073200000522000
062015051380219900150900000080000
062015051380219900403300000307000
062015051380219900425200000092000
062015051380219900431800000118000
062015051380219900473800000068000
062015051380219900516300000006000
062015051380229900092500000150000
062015051380229900125000000064000
062015051380229900140200000014000
062015051380229900142800000047000
062015051380229900145600000711000
062015051380229900150900004114000
062015051380229900415300000042000
062015051380229900424200000014000
062015051380229900425200002301000
062015051380229900431800002582000
062015051380229900454300000566000
062015051380229900457200000844000
062015051380229900494300000047000
062015051380229900516300000036000
062015051380239900092500000746000
062015051380239900125000002490000
062015051380239900140200000433000
062015051380239900142800000462000
062015051380239900145600004448000
062015051380239900150900019308000
062015051380239900415300000212000
062015051380239900424200000196000
062015051380239900425200009894000
062015051380239900431800010741000
062015051380239900454300013667000
062015051380239900457200002661000
062015051380239900494300000993000
062015051380239900516300000929000
062015051380249900125300000343000
062015051380249900145600000286000
062015051380249900150900002721000
062015051380249900403600000226000
062015051380249900425200003022000
062015051380249900431800001852000
062015051380249900454300000448000
062015051380249900516300000151000
062015051380259900092500000024000
062015051380259900125000000063000
062015051380259900140200000011000
062015051380259900142800000030000
062015051380259900145600000125000
062015051380259900150900000934000
062015051380259900415300000002000
062015051380259900424200000011000
062015051380259900425200000820000
062015051380259900431800002238000
062015051380259900454300000352000
062015051380259900457200000069000
062015051380259900494300000031000
062015051380259900516300000035000
062015051380269900092500000307000
062015051380269900125000000421000
062015051380269900140200000122000
062015051380269900142800000079000
062015051380269900145600000512000
062015051380269900150900010354000
062015051380269900415300000035000
062015051380269900424200000033000
062015051380269900425200004820000
062015051380269900431800003529000
062015051380269900454300002284000
062015051380269900457200000080000
062015051380269900494300000087000
062015051380269900516300000171000
062015051380279900125300000067000
062015051380279900145600000063000
062015051380279900150900001215000
062015051380279900403600000028000
062015051380279900425200000936000
062015051380279900431800001000000
062015051380279900454300000181000
062015051380279900516300000024000
062015051380289900092500000113000
062015051380289900125000000341000
062015051380289900140200000018000
062015051380289900142800000081000
062015051380289900145600000403000
062015051380289900150900002658000
062015051380289900415300000032000
062015051380289900424200000008000
062015051380289900425200004570000
062015051380289900431800003945000
062015051380289900454300001321000
062015051380289900457200000061000
062015051380289900494300000086000
062015051380289900516300000076000
062015051380299900125300000047000
062015051380299900145600000022000
062015051380299900150900000082000
062015051380299900403600000012000
062015051380299900425200000120000
062015051380299900431800000508000
062015051380299900454300000055000
062015051380299900516300000007000
062015051380309900125300000021000
062015051380309900145600000020000
062015051380309900150900000562000
062015051380309900403600000016000
062015051380309900425200000151000
062015051380309900431800000661000
062015051380309900454300000058000
062015051380309900516300000009000
062015051380319900092500000162000
062015051380319900125000000690000
062015051380319900140200000019000
062015051380319900142800000079000
062015051380319900145600000535000
062015051380319900150900002815000
062015051380319900415300000019000
062015051380319900424200000023000
062015051380319900425200010813000
062015051380319900431800003544000
062015051380319900454300001398000
062015051380319900457200000103000
062015051380319900494300000068000
062015051380319900516300000073000
062015051380329900092500000044000
062015051380329900125000000220000
062015051380329900140200000069000
062015051380329900142800000052000
062015051380329900145600000729000
062015051380329900150900001739000
062015051380329900415300000026000
062015051380329900424200000018000
062015051380329900425200001281000
062015051380329900431800001776000
062015051380329900454300001278000
062015051380329900457200000430000
062015051380329900494300000142000
062015051380329900516300000091000
062015051380339900125300000034000
062015051380339900145600000042000
062015051380339900150900000812000
062015051380339900403600000068000
062015051380339900425200000354000
062015051380339900431800001105000
062015051380339900454300000088000
062015051380339900516300000012000
062015051380349900092500000005000
062015051380349900125000000026000
062015051380349900140200000018000
062015051380349900142800000244000
062015051380349900145600000049000
062015051380349900150900000824000
062015051380349900415300000005000
062015051380349900424200000003000
062015051380349900425200000779000
062015051380349900431800000785000
062015051380349900454300000255000
062015051380349900457200000090000
062015051380349900494300000005000
062015051380349900516300000017000
062015051380359900092500000034000
062015051380359900125000000070000
062015051380359900140200000412000
062015051380359900142800000022000
062015051380359900145600000196000
062015051380359900150900001972000
062015051380359900415300000009000
062015051380359900424200000008000
062015051380359900425200000672000
062015051380359900431800001241000
062015051380359900454300000422000
062015051380359900457200000028000
062015051380359900494300000032000
062015051380359900516300000042000
062015051380369900073200002665000
062015051380369900150900000240000
062015051380369900403300000533000
062015051380369900425200000327000
062015051380369900431800000569000
062015051380369900473800000574000
062015051380369900516300000018000
062015051380379900125300000282000
062015051380379900145600000416000
062015051380379900150900001658000
062015051380379900403600000332000
062015051380379900425200001735000
062015051380379900431800002670000
062015051380379900454300000481000
062015051380379900516300000140000
062015051380389900092500001726000
062015051380389900125000003297000
062015051380389900140200001216000
062015051380389900142800000606000
062015051380389900145600008285000
062015051380389900150900022990000
062015051380389900415300000283000
062015051380389900424200000243000
062015051380389900425200014861000
062015051380389900431800011912000
062015051380389900454300016924000
062015051380389900457200001194000
062015051380389900494300001496000
062015051380389900516300001059000
062015051380399900092500000033000
062015051380399900125000000092000
062015051380399900140200000006000
062015051380399900142800000031000
062015051380399900145600000220000
062015051380399900150900002808000
062015051380399900415300000015000
062015051380399900424200000011000
062015051380399900425200002716000
062015051380399900431800000674000
062015051380399900454300000442000
062015051380399900457200000281000
062015051380399900494300000060000
062015051380399900516300000052000
062015051380409900092500000006000
062015051380409900125000000026000
062015051380409900140200000001000
062015051380409900142800000009000
062015051380409900145600000036000
062015051380409900150900001195000
062015051380409900415300000006000
062015051380409900424200000001000
062015051380409900425200001336000
062015051380409900431800000402000
062015051380409900454300000141000
062015051380409900457200000016000
062015051380409900494300000010000
062015051380409900516300000005000
062015051380419900092500000011000
062015051380419900125000000089000
062015051380419900140200000010000
062015051380419900142800000026000
062015051380419900145600000149000
062015051380419900150900002175000
062015051380419900415300000008000
062015051380419900424200000007000
062015051380419900425200000671000
062015051380419900431800000532000
062015051380419900454300000629000
062015051380419900457200000034000
062015051380419900494300000149000
062015051380419900516300000056000
062015051380429900092500000016000
062015051380429900125000000021000
062015051380429900140200000000000
062015051380429900142800000007000
062015051380429900145600000022000
062015051380429900150900000771000
062015051380429900415300000003000
062015051380429900424200000002000
062015051380429900425200000286000
062015051380429900431800001456000
062015051380429900454300000144000
062015051380429900457200000003000
062015051380429900494300000003000
062015051380429900516300000003000
062015051380439900092500000104000
062015051380439900125000000362000
062015051380439900140200000010000
062015051380439900142800000046000
062015051380439900145600000604000
062015051380439900150900003435000
062015051380439900415300000025000
062015051380439900424200000017000
062015051380439900425200002073000
062015051380439900431800001988000
062015051380439900454300001670000
062015051380439900457200000648000
062015051380439900494300000116000
062015051380439900516300000200000
062015051380449900092500000008000
062015051380449900125000000000000
062015051380449900140200000002000
062015051380449900142800000011000
062015051380449900145600000017000
062015051380449900150900000479000
062015051380449900415300000000000
062015051380449900424200000001000
062015051380449900425200000201000
062015051380449900431800000691000
062015051380449900454300000040000
062015051380449900457200000166000
062015051380449900494300000006000
062015051380449900516300000002000
062015051380459900125300000155000
062015051380459900145600000041000
062015051380459900150900001204000
062015051380459900403600000017000
062015051380459900425200000446000
062015051380459900431800000775000
062015051380459900454300000066000
062015051380459900516300000010000
062015051380469900092500000059000
062015051380469900125000000202000
062015051380469900140200000069000
062015051380469900142800000050000
062015051380469900145600000253000
062015051380469900150900002157000
062015051380469900415300000013000
062015051380469900424200000005000
062015051380469900425200000803000
062015051380469900431800000827000
062015051380469900454300001220000
062015051380469900457200000168000
062015051380469900494300000064000
062015051380469900516300000046000
062015051380479900125300000032000
062015051380479900145600000016000
062015051380479900150900000456000
062015051380479900403600000005000
062015051380479900425200000340000
062015051380479900431800000416000
062015051380479900454300000056000
062015051380479900516300000007000
062015051380489900150500001347000
062015051380489900311100000057000
062015051380489900403500000043000
062015051380489900425200000405000
062015051380489900431800000701000
062015051380489900454300000264000
062015051380499900073200000848000
062015051380499900150900000260000
062015051380499900403300000100000
062015051380499900425200000215000
062015051380499900431800000246000
062015051380499900473800000218000
062015051380499900516300000004000
062015051380509900073200001021000
062015051380509900150900000044000
062015051380509900403300000066000
062015051380509900425200000195000
062015051380509900431800000451000
062015051380509900473800000103000
062015051380509900516300000003000
062015051380519900092500000019000
062015051380519900125000000039000
062015051380519900140200000001000
062015051380519900142800000025000
062015051380519900145600000071000
062015051380519900150900002160000
062015051380519900415300000005000
062015051380519900424200000002000
062015051380519900425200001191000
062015051380519900431800001578000
062015051380519900454300000304000
062015051380519900457200000068000
062015051380519900494300000024000
062015051380519900516300000013000
062015051380529900092500000002000
062015051380529900125000000010000
062015051380529900140200000000000
062015051380529900142800000001000
062015051380529900145600000023000
062015051380529900150900000349000
062015051380529900415300000000000
062015051380529900424200000001000
062015051380529900425200000137000
062015051380529900431800000259000
062015051380529900454300000146000
062015051380529900457200000010000
062015051380529900494300000002000
062015051380529900516300000002000
062015051380539900125300000044000
062015051380539900145600000051000
062015051380539900150900001027000
062015051380539900403600000037000
062015051380539900425200000407000
062015051380539900431800000842000
062015051380539900454300000152000
062015051380539900516300000021000
062015051389019900150500000495000
062015051389019900311100000043000
062015051389019900403500000026000
062015051389019900425200000109000
062015051389019900431800000309000
062015051389019900454300000049000
