062019051053590010130007747400014
062019051059990010120000048600000
062019051059990010710000544300001
062019051053860010130000054100000
062019051053890010100000151300004
062019051053860010590000155500002
062019051053890010700000043500000
062019051053860010060000067300001
062019051053870010130000064500001
062019051053870010180000169500004
062019051059990010050000276100000
062019051059990010060019682700041
062019051053530010030000176900000
062019051053840010460003621600003
062019051053890010030002534400002
062019051053890010240000032100000
062019051053890010370000032000000
062019051053890010710000544300001
062019051053840010220000268500000
062019051053840010740000162400000
062019051053870010030000009500000
062019051053870010160000017900000
062019051053890010690000118500000
062019051059990010100000151300004
062019051053890010180013491400025
062019051059990010470000041700000
062019051053530010130000520000004
062019051053530010330000172500000
062019051053890010850000015200000
062019051059990010240000032100000
062019051059990010600000043400000
062019051053840010340000127300000
062019051053860010180000179900003
062019051059990010330000172500000
062019051053590010060006219900018
062019051053860010380000696900011
062019051059990010410000118500000
062019051053510010500000221900000
062019051053520010130000678400004
062019051053510010270000068600000
062019051053850010240000032100000
062019051059990010540002074200000
062019051053530010180000848200007
062019051053840010540000867700000
062019051053590010050000276100000
062019051053840010720000040800000
062019051053890010480000030000000
062019051053510010700000058700000
062019051053520010460000371400002
062019051053890010450000532400000
062019051053530010410000118500000
062019051053590010140000052100000
062019051053590010600000043400000
062019051059990010130013821700025
062019051053590010120000048600000
062019051053590010410000118500000
062019051053840010030002421500002
062019051053590010430000071300000
062019051053860010840000050800000
062019051059990010340000286800000
062019051059990010160011031600011
062019051059990010460007046900009
062019051059990010720000040800000
062019051053850010850000015200000
062019051059990010310000223900000
062019051053520010030000239400000
062019051053520010540000117700000
062019051053520010430000071300000
062019051053510010480000030900000
062019051053520010180001390500009
062019051053590010460003269600006
062019051053890010720000040800000
062019051059990010140000052100000
062019051053530010120000048600000
062019051059990010590000155500002
062019051059990010740000162400000
062019051053520010300000031600000
062019051053520010600000043400000
062019051053530010460000256700002
062019051053890010220000268500000
062019051059990010180024743400049
062019051053850010460000155700000
062019051053850010710000089600000
062019051053590010540001134800000
062019051059990010700000102200000
062019051053510010460002641500002
062019051059990010370000032000000
062019051053510010540000912700000
062019051053590010310000223900000
062019051053590010340000159500000
062019051053850010060001282400008
062019051053850010540000071700000
062019051053890010770000063300000
062019051053510010140000052100000
062019051053520010480000004600000
062019051053890010340000127300000
062019051053520010500000064100000
062019051053870010170000132100003
062019051059990010850000015200000
062019051053520010310000223900000
062019051053850010130001092800006
062019051053890010060013462800023
062019051059990010220000268500000
062019051053510010450000426100000
062019051053520010060001363500008
062019051053520010490000233600000
062019051059990010480000111600000
062019051053510010030002547400002
062019051053510010160009457600008
062019051053840010450000532400000
062019051053890010130006074300011
062019051053890010380000696900011
062019051053510010340000147100000
062019051053520010340000012400000
062019051053870010370000032000000
062019051059990010690000118500000
062019051053510010470000041700000
062019051053530010060000932100007
062019051053590010480000081600000
062019051053840010060011981000011
062019051053870010790000047200001
062019051053890010540000939400000
062019051059990010030005498100004
062019051053890010460003777300003
062019051053890010750000003600000
062019051059990010380000696900011
062019051053590010500000286000000
062019051053590010700000058700000
062019051053590010270000068600000
062019051053840010180011890100011
062019051053510010020003924300003
062019051053510010180009013300008
062019051053590010450000426100000
062019051059990010450000958500000
062019051053590010330000172500000
062019051053840010700000043500000
062019051059990010500000286000000
062019051053590010470000041700000
062019051053510010050000276100000
062019051053840010130004862900004
062019051053840010160000723900000
062019051053890010740000162400000
062019051053530010540000104400000
062019051053590010300000031600000
062019051053850010180001251900007
062019051053870010750000003600000
062019051053590010180011252000024
062019051059990010430000071300000
062019051053590010160010089500011
062019051053510010130006549000006
062019051053530010480000046100000
062019051059990010270000068600000
062019051053890010590000155500002
062019051053840010480000030000000
062019051053850010030000103400000
062019051053850010160000149500000
062019051059990010300000031600000
062019051053530010080000398300003
062019051053840010710000407500000
062019051053840010770000063300000
062019051059990010750000003600000
062019051053840010690000118500000
062019051053870010100000151300004
062019051053590010030002963700002
062019051053890010160000942100000
062019051059990010770000063300000
