072009061011190000070000057500000
072009061011190000150000023700000
072009061011190000340000006800000
072009061011490000040000086200000
072009061011490000170000571200000
072009061011890000030000016800000
072009061011890000140000004700000
072009061012190000200000016000000
072009061012190000300000002000000
072009061012990000200000049800000
072009061014190000040000175500000
072009061014190000760000765500000
072009061019990000250000827500000
072009061019990000350000175100000
072009061019990000360000020700000
072009061022290000180000006600000
072009061024490000050000006200000
072009061024490000270000008100000
072009061025090000040000008200000
072009061025090000070000048400000
072009061025090000090000006800000
072009061025090000350000035300000
072009061029990000280020671300000
072009061029990000440001335300000
072009061039990000080018093600000
072009061039990000190000008800000
072009061040790000370000014700000
072009061049990000010000018500000
072009061049990000350000025000000
072009061049990000370000014700000
072009061053590000250000255800000
072009061053590000340000008500000
072009061053590000650000425400000
072009061053890000010000021600000
072009061053890000050000013300000
072009061063990000010000018800000
072009061063990000030000020500000
072009061063990000370000009400000
072009061069990000100000005200000
072009061069990000130000003200000
072009061069990000170000800100000
072009061069990000250000085600000
072009061069990000280009890700000
072009061070290000290000004600000
072009061071390000170000430100000
072009061071390000270000037800000
072009061071690000020000001100000
072009061071690000080004883900000
072009061071690000340000001000000
072009061071690000370000003200000
072009061071990000310000012400000
072009061074590000180000045100000
072009061079990000220000008500000
072009061010490000090000002200000
072009061010490000740000036400000
072009061011190000040000279900000
072009061011190000200000051400000
072009061011490000080011660100000
072009061011490000130000001800000
072009061011490000290000005900000
072009061011890000150000030300000
072009061011890000230000014200000
072009061012190000230000004800000
072009061012190000260000002700000
072009061012390000100000004500000
072009061012390000130000002500000
072009061012390000150000026300000
072009061012390000270000030800000
072009061014190000090000011900000
072009061014190000140000008200000
072009061014190000260000047400000
072009061022290000150000007300000
072009061022290000170000246500000
072009061022290000350000004400000
072009061024490000080002479800000
072009061024490000250000028900000
072009061024490000300000000100000
072009061024490000340000000400000
072009061025090000130000003500000
072009061025090000220000004100000
072009061025090000270000084000000
072009061029990000170001495600000
072009061029990000340000011100000
072009061029990000350000042700000
072009061033390000100000008800000
072009061033390000270000102900000
072009061039990000340000005900000
072009061040790000080011266600000
072009061040790000340000007600000
072009061040790000360000004000000
072009061040790000540000765100000
072009061049990000080011266600000
072009061049990000270000090100000
072009061053590000110000005400000
072009061053590000260000020800000
072009061053590000320000013900000
072009061053590000740000165500000
072009061053890000120000015800000
072009061053890000200000031500000
072009061059990000140000014800000
072009061059990000250000505300000
072009061059990000320000028900000
072009061059990000740000299100000
072009061063990000260000059400000
072009061063990000300000005200000
072009061069990000350000013200000
072009061010490000070000019800000
072009061010490000120000008200000
072009061011190000010000015100000
072009061011190000310000039300000
072009061011490000200000049400000
072009061011890000040000105700000
072009061011890000710001595200000
072009061012190000080005255900000
072009061012190000090000002900000
072009061012190000130000001200000
072009061012190000360000001500000
072009061012190000710000625800000
072009061012390000260000005800000
072009061012990000140000005200000
072009061012990000280019082500000
072009061014190000300000005700000
072009061019990000230000115300000
072009061022290000050000007000000
072009061024490000020000004400000
072009061024490000070000005100000
072009061024490000110000000500000
072009061024490000440000115700000
072009061033390000140000006100000
072009061039990000050000019400000
072009061039990000120000017900000
072009061039990000280018978300000
072009061049990000050000022900000
072009061049990000220000008200000
072009061049990000280009957400000
072009061053890000190000011700000
072009061053890000250000249500000
072009061053890000360000004800000
072009061053890000370000017900000
072009061063990000070000021900000
072009061063990000190000007700000
072009061063990000250000085600000
072009061069990000010000018800000
072009061069990000090000005900000
072009061069990000320000010000000
072009061071390000070000008900000
072009061071390000120000007000000
072009061071690000070000002700000
072009061071690000220000001000000
072009061071690000240000005700000
072009061071690000350000003200000
072009061071990000110000000500000
072009061071990000200000010000000
072009061071990000350000005900000
072009061074590000010000008000000
072009061074590000290000005200000
072009061079990000140000009600000
072009061079990000720002381300000
072009061080590000070000004000000
072009061010490000010000013300000
072009061010490000170000329000000
072009061010490000220000001300000
072009061011190000100000010100000
072009061011190000710001605200000
072009061011890000270000053900000
072009061012390000370000009800000
072009061012990000030000013400000
072009061012990000070000021400000
072009061012990000150000051200000
072009061012990000290000021600000
072009061019990000120000130700000
072009061022290000010000005000000
072009061022290000220000000900000
072009061022290000280003644500000
072009061025090000180000057500000
072009061025090000300000003100000
072009061029990000230000039700000
072009061033390000020000012000000
072009061033390000080018093600000
072009061040790000140000019100000
072009061040790000200000046700000
072009061049990000140000019100000
072009061053590000070000032600000
072009061053590000080013881500000
072009061053590000190000009200000
072009061053590000450002538400000
072009061053890000140000007800000
072009061053890000450007091300000
072009061053890000740000133600000
072009061063990000020000034900000
072009061063990000100000005200000
072009061063990000150000027800000
072009061063990000230000019000000
072009061063990000270000054100000
072009061069990000140000020300000
072009061069990000150000027800000
072009061069990000220000004700000
072009061070290000100000003400000
072009061071390000080009961700000
072009061071390000280008308300000
072009061071690000250000025700000
072009061071690000310000005300000
072009061071990000040000001900000
072009061071990000100000002700000
072009061074590000050000021700000
072009061074590000320000013400000
072009061079990000080040785100000
072009061079990000090000012300000
072009061079990000230000056900000
072009061080590000230000014100000
072009061080590000240000009400000
072009061080990000050000010400000
072009061010490000100000028700000
072009061011190000300000005200000
072009061011490000090000004600000
072009061011890000170000829600000
072009061011890000250000099000000
072009061012190000180000009100000
072009061012190000290000002500000
072009061012190000760000172600000
072009061012390000030000026200000
072009061012390000200000017400000
072009061012390000220000002300000
072009061012390000360000002600000
072009061012990000040000141200000
072009061012990000240000062300000
072009061014190000100000010900000
072009061014190000170002021400000
072009061014190000240000048700000
072009061019990000340000046600000
072009061019990000760002655600000
072009061022290000090000000600000
072009061022290000300000001100000
072009061024490000230000004600000
072009061024490000240000005600000
072009061024490000360000001000000
072009061025090000200000054100000
072009061025090000280014662100000
072009061029990000040000012500000
072009061029990000050000044100000
072009061033390000110000001400000
072009061033390000280018978300000
072009061039990000010000022600000
072009061039990000020000012000000
072009061040790000230000016900000
072009061040790000480000265700000
072009061049990000480000265700000
072009061053590000230000024500000
072009061053590000350000027200000
072009061053890000240000024900000
072009061053890000270000076200000
072009061053890000300000005200000
072009061053890000320000015000000
072009061059990000120000031200000
072009061059990000280021896800000
072009061059990000310000111100000
072009061063990000040000005400000
072009061063990000110000002100000
072009061063990000280009890700000
072009061069990000190000007700000
072009061070290000190000004700000
072009061070290000310000006600000
072009061070290000340000003000000
072009061071690000030000000800000
072009061071690000110000000300000
072009061010490000110000003900000
072009061010490000140000004400000
072009061010490000150000016900000
072009061011190000120000024100000
072009061011190000260000009600000
072009061011190000280015489600000
072009061011190000320000013100000
072009061011190000350000027600000
072009061011490000100000008500000
072009061011490000180000019900000
072009061011890000070000048500000
072009061012190000100000002800000
072009061012190000150000014400000
072009061012390000010000009700000
072009061012390000050000011600000
072009061012390000240000019200000
072009061012990000320000017700000
072009061012990000710002396000000
072009061014190000030000043600000
072009061014190000110000001800000
072009061014190000190000013100000
072009061014190000250000188700000
072009061014190000280032858300000
072009061014190000290000056800000
072009061014190000710003578700000
072009061019990000010000125300000
072009061019990000070000268100000
072009061019990000190000076200000
072009061019990000200000353800000
072009061022290000040000002200000
072009061024490000010000003100000
072009061024490000090000000600000
072009061024490000670000181200000
072009061025090000250000246300000
072009061025090000360000002300000
072009061029990000140000010900000
072009061029990000220000006000000
072009061033390000010000022600000
072009061033390000030000017800000
072009061033390000190000008800000
072009061033390000220000010600000
072009061033390000290000009100000
072009061033390000340000005900000
072009061033390000370000010800000
072009061039990000180000025200000
072009061039990000250000208900000
072009061039990000350000023800000
072009061049990000130000004200000
072009061053590000050000012700000
072009061053590000100000008600000
072009061053590000180000012100000
072009061053590000220000006400000
072009061053590000310000054800000
072009061010490000040000063600000
072009061011190000050000015800000
072009061011190000240000034900000
072009061011190000250000118800000
072009061011190000740000080500000
072009061011490000030000013700000
072009061011490000230000013200000
072009061011490000760000337800000
072009061011890000010000018000000
072009061012990000100000024100000
072009061012990000110000002600000
072009061012990000170001296600000
072009061012990000740000126500000
072009061014190000050000031300000
072009061014190000320000022800000
072009061022290000230000006500000
072009061024490000030000000600000
072009061025090000030000013200000
072009061025090000230000028600000
072009061029990000090000008000000
072009061029990000100000019100000
072009061029990000260000035400000
072009061033390000120000017900000
072009061033390000150000081600000
072009061033390000300000115500000
072009061039990000140000006100000
072009061039990000310000084300000
072009061040790000130000004200000
072009061040790000150000024600000
072009061040790000270000090100000
072009061040790000290000004300000
072009061049990000170000712600000
072009061049990000300000004900000
072009061049990000360000004000000
072009061053590000120000015400000
072009061059990000050000026000000
072009061059990000070000055300000
072009061059990000260000027000000
072009061063990000200000028000000
072009061069990000120000011000000
072009061069990000310000050200000
072009061070290000320000006000000
072009061070290000720000503400000
072009061071390000040000003100000
072009061071390000180000013200000
072009061071390000310000007100000
072009061071690000100000012500000
072009061071690000180000006900000
072009061071990000140000001700000
072009061074590000230000019500000
072009061074590000360000002200000
072009061079990000130000010100000
072009061080590000050000008200000
072009061010490000180000010500000
072009061010490000190000008500000
072009061010490000200000018300000
072009061010490000310000009100000
072009061011190000030000007800000
072009061011190000080013175400000
072009061011190000290000009400000
072009061011490000110000003700000
072009061011490000250000082800000
072009061011490000710002020000000
072009061011890000280015277700000
072009061011890000340000008500000
072009061011890000370000011900000
072009061011890000740000065800000
072009061012190000740000028000000
072009061012390000140000003300000
072009061012990000120000018700000
072009061012990000250000193000000
072009061014190000120000030200000
072009061014190000130000003700000
072009061014190000150000047700000
072009061014190000230000023600000
072009061019990000150000259200000
072009061019990000240000254300000
072009061019990000310000220100000
072009061019990000320000103400000
072009061022290000080003387400000
072009061022290000110000001000000
072009061022290000190000004800000
072009061022290000340000001200000
072009061022290000670000245000000
072009061024490000170000083800000
072009061024490000350000003000000
072009061029990000360000004200000
072009061033390000090000004400000
072009061033390000180000025200000
072009061033390000250000208900000
072009061033390000350000023800000
072009061039990000060000071800000
072009061039990000130000004500000
072009061039990000150000081600000
072009061039990000200000046100000
072009061039990000300000115500000
072009061040790000100000007500000
072009061040790000240000031100000
072009061040790000550000675600000
072009061040790000790000025800000
072009061053590000270000067100000
072009061053890000030000019500000
072009061053890000150000029400000
072009061053890000180000059200000
072009061053890000220000004400000
072009061059990000150000085800000
072009061010490000050000011400000
072009061010490000260000008300000
072009061010490000320000009800000
072009061010490000350000014700000
072009061011490000190000006900000
072009061011490000260000014500000
072009061011490000350000022400000
072009061011490000740000038500000
072009061011890000080013574900000
072009061011890000220000003900000
072009061011890000310000019400000
072009061012190000110000001400000
072009061012190000310000013000000
072009061012390000120000008700000
072009061012390000290000004200000
072009061012390000310000013100000
072009061014190000180000053900000
072009061019990000100000096900000
072009061022290000140000004200000
072009061022290000270000024600000
072009061024490000310000006200000
072009061025090000100000013300000
072009061025090000120000027300000
072009061025090000290000014200000
072009061029990000010000027400000
072009061029990000290000018600000
072009061029990000300000004300000
072009061029990000320000039400000
072009061033390000060000071800000
072009061039990000240000029400000
072009061039990000290000009100000
072009061040790000050000022900000
072009061040790000110000007800000
072009061040790000300000004900000
072009061049990000150000024600000
072009061049990000340000007600000
072009061049990000550000675600000
072009061049990000620000156100000
072009061053590000370000022700000
072009061053890000100000031200000
072009061053890000350000024800000
072009061059990000100000039800000
072009061059990000290000030400000
072009061063990000050000022700000
072009061063990000090000005900000
072009061063990000360000002400000
072009061069990000260000059400000
072009061069990000270000054100000
072009061070290000150000017200000
072009061070290000170000406400000
072009061070290000260000005200000
072009061071390000090000001000000
072009061071390000110000000900000
072009061010490000230000010800000
072009061010490000370000009500000
072009061011490000070000034500000
072009061011490000280014040300000
072009061011890000360000001100000
072009061012190000220000002300000
072009061012390000080010541900000
072009061012390000760000232400000
072009061012990000760000366900000
072009061014190000310000066500000
072009061019990000370000110900000
072009061019990000710013691600000
072009061022290000020000027500000
072009061025090000050000030900000
072009061025090000190000016400000
072009061025090000370000012300000
072009061033390000230000026400000
072009061033390000320000053100000
072009061039990000170001772100000
072009061040790000010000018500000
072009061040790000030000004600000
072009061040790000350000025000000
072009061049990000190000011300000
072009061049990000290000004300000
072009061053590000240000029800000
072009061053590000280011771900000
072009061053590000360000005300000
072009061053890000090000005900000
072009061053890000260000006200000
072009061059990000010000059500000
072009061059990000180000071300000
072009061059990000200000101300000
072009061063990000120000011000000
072009061069990000020000034900000
072009061069990000180000026900000
072009061069990000720000493800000
072009061069990000740000066800000
072009061070290000090000001700000
072009061070290000200000032600000
072009061070290000280006357900000
072009061071390000010000005900000
072009061071390000350000015200000
072009061071390000370000005100000
072009061071690000090000000200000
072009061071690000200000006000000
072009061071690000740000009600000
072009061071990000120000005000000
072009061079990000320000042500000
072009061080590000020000001700000
072009061080590000300000000700000
072009061080990000190000005100000
072009061082490000280009478300000
072009061082490000720000430600000
072009061010490000080010026700000
072009061010490000340000003300000
072009061011190000110000003300000
072009061011190000130000005800000
072009061011190000230000017800000
072009061011190000360000003800000
072009061011490000240000024200000
072009061011490000310000022000000
072009061011490000360000002600000
072009061011890000190000010100000
072009061011890000260000007500000
072009061012190000140000002500000
072009061012390000250000047800000
072009061012390000350000016300000
072009061012390000710001336600000
072009061012990000050000025200000
072009061012990000230000019100000
072009061014190000200000106200000
072009061014190000270000164200000
072009061014190000350000029300000
072009061019990000050000135700000
072009061019990000130000025300000
072009061019990000140000040600000
072009061019990000170006667600000
072009061019990000220000030900000
072009061019990000290000121500000
072009061022290000100000004000000
072009061022290000250000066300000
072009061024490000130000000600000
072009061024490000190000002100000
072009061024490000200000005200000
072009061024490000260000001800000
072009061025090000110000002200000
072009061025090000150000025000000
072009061029990000080019605600000
072009061029990000120000034900000
072009061029990000370000018600000
072009061033390000130000004500000
072009061039990000090000004400000
072009061039990000320000053100000
072009061040790000090000004700000
072009061040790000220000008200000
072009061049990000030000004600000
072009061049990000090000004700000
072009061049990000120000047700000
072009061049990000200000046700000
072009061049990000240000031100000
072009061049990000320000017000000
072009061053590000130000005500000
072009061053590000150000056400000
072009061053590000290000014800000
072009061053890000110000005000000
072009061059990000080024786900000
072009061011190000170000966400000
072009061011490000150000048700000
072009061011890000200000045300000
072009061012190000120000006500000
072009061012190000270000044600000
072009061012190000320000010100000
072009061012390000090000002300000
072009061012390000180000016600000
072009061012990000010000022400000
072009061012990000090000004200000
072009061014190000010000029300000
072009061019990000260000107800000
072009061022290000030000001900000
072009061022290000440000206700000
072009061024490000100000001800000
072009061024490000120000002700000
072009061024490000140000001200000
072009061024490000180000007400000
072009061024490000320000005300000
072009061025090000010000019300000
072009061025090000020000014600000
072009061025090000240000048700000
072009061025090000670001231100000
072009061029990000020000046500000
072009061029990000150000035500000
072009061029990000250000341500000
072009061039990000230000026400000
072009061039990000260000033100000
072009061039990000360000080600000
072009061039990000680002433700000
072009061049990000260000005600000
072009061049990000790000025800000
072009061053590000040000010900000
072009061053590000300000005200000
072009061053890000130000005100000
072009061053890000340000006400000
072009061059990000030000037400000
072009061059990000110000010400000
072009061063990000130000003200000
072009061063990000170000800100000
072009061069990000340000003400000
072009061070290000350000006700000
072009061071390000140000001400000
072009061071390000250000054600000
072009061071390000260000013200000
072009061071690000140000001000000
072009061071690000270000014500000
072009061071990000300000001200000
072009061074590000090000006900000
072009061074590000110000000600000
072009061074590000170000654200000
072009061079990000120000040100000
072009061079990000360000004800000
072009061010490000270000036000000
072009061011890000050000016000000
072009061011890000110000002200000
072009061011890000120000017400000
072009061011890000130000002600000
072009061011890000300000003100000
072009061012190000250000038200000
072009061012190000280008000100000
072009061012190000370000007100000
072009061012390000040000068200000
072009061012390000190000006600000
072009061012990000190000017000000
072009061012990000220000004800000
072009061012990000270000140100000
072009061012990000310000037700000
072009061014190000080020983600000
072009061014190000340000007300000
072009061014190000360000003400000
072009061019990000040000964900000
072009061019990000110000020200000
072009061019990000180000190800000
072009061022290000240000011900000
072009061024490000290000001600000
072009061025090000080013738400000
072009061025090000260000030800000
072009061025090000340000009500000
072009061029990000070000061400000
072009061033390000200000046100000
072009061033390000260000033100000
072009061039990000030000017800000
072009061039990000270000102900000
072009061040790000280009957400000
072009061049990000040000009600000
072009061049990000180000014400000
072009061053590000010000037900000
072009061053890000170000337300000
072009061053890000310000056300000
072009061059990000090000011400000
072009061059990000350000052000000
072009061069990000070000021900000
072009061070290000010000005900000
072009061070290000220000001300000
072009061070290000270000034700000
072009061071390000050000012200000
072009061071390000130000003500000
072009061071390000150000008400000
072009061071390000200000020500000
072009061071690000360000000100000
072009061071990000260000005500000
072009061071990000270000020700000
072009061074590000120000016900000
072009061074590000260000011600000
072009061074590000340000003200000
072009061010490000300000002100000
072009061010490000710000534100000
072009061010490000760000087600000
072009061011190000090000012900000
072009061011190000140000006600000
072009061011190000190000010500000
072009061011190000220000005800000
072009061011190000370000020100000
072009061011490000050000018100000
072009061011490000140000005700000
072009061011490000270000048000000
072009061011490000300000002600000
072009061011490000370000011900000
072009061011890000090000002400000
072009061011890000100000007300000
072009061011890000240000028700000
072009061011890000320000011200000
072009061012190000040000044600000
072009061012190000070000013900000
072009061012190000350000017500000
072009061012390000280013868100000
072009061012990000180000031000000
072009061012990000360000003400000
072009061014190000070000057700000
072009061014190000220000006600000
072009061019990000030000138100000
072009061019990000090000043400000
072009061022290000070000007900000
072009061022290000130000001300000
072009061022290000260000002800000
072009061022290000320000007600000
072009061022290000370000004000000
072009061024490000040000002100000
072009061024490000150000003200000
072009061024490000220000001000000
072009061024490000280002364700000
072009061024490000370000002300000
072009061029990000110000003700000
072009061029990000200000074200000
072009061029990000310000095700000
072009061033390000050000019400000
072009061033390000240000029400000
072009061033390000680002433700000
072009061039990000100000008800000
072009061039990000110000001400000
072009061039990000370000010800000
072009061040790000170000712600000
072009061049990000100000007500000
072009061049990000800000981900000
072009061053590000030000017900000
072009061053590000170000388300000
072009061059990000130000010600000
072009061059990000170000725600000
072009061010490000240000027200000
072009061010490000360000002300000
072009061011190000180000024400000
072009061011190000270000099700000
072009061011490000010000010900000
072009061011490000340000004900000
072009061011890000180000025400000
072009061011890000290000009000000
072009061011890000350000016300000
072009061011890000760000178600000
072009061012190000010000006600000
072009061012190000050000006300000
072009061012190000170000277500000
072009061012390000110000001300000
072009061012390000300000003700000
072009061012390000320000009000000
072009061012390000340000005700000
072009061012990000130000005000000
072009061012990000260000012000000
072009061012990000340000007900000
072009061014190000370000020000000
072009061019990000080104211400000
072009061019990000270000617300000
072009061019990000300000028500000
072009061022290000120000004900000
072009061022290000290000002800000
072009061025090000170001165300000
072009061025090000320000026500000
072009061025090000440001012900000
072009061029990000030000015700000
072009061029990000190000023300000
072009061033390000070000038900000
072009061033390000170001772100000
072009061033390000310000084300000
072009061033390000360000080600000
072009061039990000220000010600000
072009061040790000040000009600000
072009061040790000320000017000000
072009061049990000110000007800000
072009061049990000230000016900000
072009061053590000090000005500000
072009061053590000200000069800000
072009061053890000070000022700000
072009061053890000280010124900000
072009061053890000290000015600000
072009061059990000190000020900000
072009061059990000650000966900000
072009061063990000180000026900000
072009061063990000350000013200000
072009061069990000110000002100000
072009061069990000200000028000000
072009061069990000360000002400000
072009061069990000370000009400000
072009061079990000260000037900000
072009061080590000090000001100000
072009061080590000110000000700000
072009061080590000260000002400000
072009061080590000290000001900000
072009061080590000360000000500000
072009061080990000080007979100000
072009061080990000120000014400000
072009061080990000130000003500000
072009061082490000010000011700000
072009061083490000040000001900000
072009061083490000050000008000000
072009061083490000300000001000000
072009061083490000310000010900000
072009061083790000170000507100000
072009061083790000240000057300000
072009061083790000300000001900000
072009061084090000030000001300000
072009061084090000080003744500000
072009061084090000200000012600000
072009061084090000260000002500000
072009061084290000110000000300000
072009061084290000120000002100000
072009061084790000130000003800000
072009061084790000150000023300000
072009061084790000310000063400000
072009061084990000010000005700000
072009061084990000180000002500000
072009061089990000130000020600000
072009061089990000200000149900000
072009061089990000250000467200000
072009061089990000280042227200000
072009061090890000200000224100000
072009061090890000340000043400000
072009061090890000360000017600000
072009061090890000790000378400000
072009061091790000010000015100000
072009061091790000080002272700000
072009061091790000200000023600000
072009061091790000220000002700000
072009061092590000220000003000000
072009061092590000340000001200000
072009061092590000790000015000000
072009061094390000050000024600000
072009061094390000130000002900000
072009061094390000620000171600000
072009061099990000300000045300000
072009061100690000050000013200000
072009061100690000130000002200000
072009061100690000180000009000000
072009061100690000740000049700000
072009061101090000010000005400000
072009061101090000050000009300000
072009061101090000070000008000000
072009061070290000020000002400000
072009061070290000230000010600000
072009061070290000250000060400000
072009061070290000370000006900000
072009061071690000050000006700000
072009061071690000720000210900000
072009061074590000100000005600000
072009061074590000720000794100000
072009061079990000020000014100000
072009061079990000150000056600000
072009061079990000300000006700000
072009061079990000340000011000000
072009061080590000030000000600000
072009061080590000190000004000000
072009061080590000340000001000000
072009061080990000250000087400000
072009061082490000090000011200000
072009061082490000100000004100000
072009061082490000230000013400000
072009061082490000240000019200000
072009061083490000250000033400000
072009061083790000040000003500000
072009061083790000340000002100000
072009061083790000350000019000000
072009061084090000280002361400000
072009061084290000230000003800000
072009061084290000280001362500000
072009061084290000310000004000000
072009061084790000300000002000000
072009061084990000250000027000000
072009061084990000360000001200000
072009061089990000350000082100000
072009061089990000360000012200000
072009061090890000050000100600000
072009061090890000300000033100000
072009061090890000520012396200000
072009061091790000120000014600000
072009061091790000190000006300000
072009061091790000340000004700000
072009061091790000790000032800000
072009061092590000040000006800000
072009061092590000050000006200000
072009061092590000110000006100000
072009061092590000470000071900000
072009061092590000620000085700000
072009061092590000630000396200000
072009061094390000080003770400000
072009061094390000270000090400000
072009061094390000290000006400000
072009061099990000030000065700000
072009061099990000200000288100000
072009061099990000270001077100000
072009061099990000350000313700000
072009061099990000460044181000000
072009061080590000100000002700000
072009061082490000030000002300000
072009061082490000080009730600000
072009061083490000010000005600000
072009061083490000090000000600000
072009061083490000320000004700000
072009061083790000200000024600000
072009061083790000290000004100000
072009061083790000310000015000000
072009061084090000320000007000000
072009061084290000070000002200000
072009061084290000130000000400000
072009061084290000140000000800000
072009061084290000250000016600000
072009061084790000050000020200000
072009061084790000120000015100000
072009061084990000040000001500000
072009061084990000050000004800000
072009061084990000090000000500000
072009061084990000190000003400000
072009061084990000220000059900000
072009061089990000030000077500000
072009061089990000080057125200000
072009061089990000170004042000000
072009061090890000780055877600000
072009061092590000030000001100000
072009061092590000180000004700000
072009061094390000140000056000000
072009061094390000150000027300000
072009061094390000170000139200000
072009061099990000050000146400000
072009061099990000780070888800000
072009061100690000010000008700000
072009061100690000150000023400000
072009061100690000260000004900000
072009061101090000130000001600000
072009061109990000370000013300000
072009061111590000140000004900000
072009061112790000030000003500000
072009061112790000040000004400000
072009061112790000120000004900000
072009061112790000190000004500000
072009061112790000750000048300000
072009061113290000020000004000000
072009061113290000120000003600000
072009061113290000150000007700000
072009061113290000230000005100000
072009061113290000270000036100000
072009061113690000350000026500000
072009061113690000360000004000000
072009061119990000040000033700000
072009061119990000610000346000000
072009061122890000260000229800000
072009061133190000130000002600000
072009061080990000090000001900000
072009061082490000040000003900000
072009061083490000110000000500000
072009061083490000140000000800000
072009061083490000170000214200000
072009061083490000260000002600000
072009061083790000010000007700000
072009061084290000010000001700000
072009061084290000720000073900000
072009061084790000290000006400000
072009061084990000310000007500000
072009061089990000020000035300000
072009061090890000190000050300000
072009061090890000320000098600000
072009061091790000370000008400000
072009061092590000260000003200000
072009061094390000030000014400000
072009061094390000090000013200000
072009061099990000090000068100000
072009061099990000100000032300000
072009061099990000140000489100000
072009061099990000290000067000000
072009061100690000100000005000000
072009061100690000350000016000000
072009061101090000120000005800000
072009061101090000150000013300000
072009061109990000110000004200000
072009061109990000200000062700000
072009061109990000270000056300000
072009061109990000340000005600000
072009061109990000740000083500000
072009061111590000030000022500000
072009061111590000040000012200000
072009061111590000080021395400000
072009061111590000100000006500000
072009061111590000430004172500000
072009061112790000180000003200000
072009061113290000140000001900000
072009061113290000170000113000000
072009061113690000040000012500000
072009061113690000230000016100000
072009061113690000240000033300000
072009061113690000260000019900000
072009061119990000100000023200000
072009061119990000170001414800000
072009061119990000200000161300000
072009061122890000170015683900000
072009061122890000360000015500000
072009061129990000010000149300000
072009061129990000200000546100000
072009061129990000320000227200000
072009061139990000080007662900000
072009061140190000270000024100000
072009061142090000120000018500000
072009061071690000300000000400000
072009061071990000020000003300000
072009061071990000070000007000000
072009061071990000180000017400000
072009061071990000240000010700000
072009061071990000740000022700000
072009061079990000070000033000000
072009061079990000100000028100000
072009061079990000170002074800000
072009061079990000740000161300000
072009061080990000020000011200000
072009061080990000110000001400000
072009061080990000140000002900000
072009061080990000340000003400000
072009061080990000360000001600000
072009061080990000720000406000000
072009061083490000740000017500000
072009061083790000090000004000000
072009061083790000140000001700000
072009061083790000190000006000000
072009061084090000050000007800000
072009061084090000180000005800000
072009061084290000040000001300000
072009061084290000080001944200000
072009061084790000030000021700000
072009061084790000220000011400000
072009061084990000140000000800000
072009061089990000010000062200000
072009061089990000070000096800000
072009061089990000190000038900000
072009061089990000240000166200000
072009061089990000320000116200000
072009061089990000340000015900000
072009061091790000360000003000000
072009061092590000350000014800000
072009061094390000120000014900000
072009061094390000180000010300000
072009061099990000240000699900000
072009061099990000260000064700000
072009061100690000140000003800000
072009061100690000240000025600000
072009061100690000720000742200000
072009061101090000110000001500000
072009061109990000320000016500000
072009061111590000010000020500000
072009061112790000020000004300000
072009061112790000430001307100000
072009061113290000220000002000000
072009061113290000300000001600000
072009061113290000370000008800000
072009061113690000110000002800000
072009061113690000190000007900000
072009061122890000020000114700000
072009061122890000050000168300000
072009061053890000040000010400000
072009061053890000230000026000000
072009061053890000650000541500000
072009061059990000300000010400000
072009061059990000360000010100000
072009061063990000080012569100000
072009061063990000220000004700000
072009061063990000290000006300000
072009061069990000080012569100000
072009061070290000030000002600000
072009061070290000130000002300000
072009061071390000240000013700000
072009061071390000290000004000000
072009061071390000360000001300000
072009061071690000170000153000000
072009061071690000190000002600000
072009061071690000230000005900000
072009061074590000030000003000000
072009061074590000040000004400000
072009061074590000150000019500000
072009061074590000280009898800000
072009061080590000120000003800000
072009061080590000170000268000000
072009061080590000280002468800000
072009061080990000200000025400000
072009061080990000350000011200000
072009061082490000180000008400000
072009061082490000260000005100000
072009061083490000130000001600000
072009061083490000190000003900000
072009061083490000220000004400000
072009061083790000100000005200000
072009061084090000310000015200000
072009061084090000370000003100000
072009061084290000190000001200000
072009061084290000320000002900000
072009061084790000090000002500000
072009061089990000040000021800000
072009061089990000220000231000000
072009061090890000180000069900000
072009061090890000230000052600000
072009061090890000240000590800000
072009061090890000260000045000000
072009061090890000370000079000000
072009061090890000630010017900000
072009061091790000110000011000000
072009061091790000520002300300000
072009061091790000630000812600000
072009061092590000130000001600000
072009061092590000200000012900000
072009061094390000110000008400000
072009061094390000190000009200000
072009061094390000260000010200000
072009061100690000070000008000000
072009061080590000140000001800000
072009061080590000200000007300000
072009061080590000220000002900000
072009061080590000250000023400000
072009061080990000010000011000000
072009061080990000150000011800000
072009061080990000290000005100000
072009061080990000370000008600000
072009061082490000310000021100000
072009061082490000350000011400000
072009061083490000270000010200000
072009061083790000250000065000000
072009061084090000040000001300000
072009061084090000130000001500000
072009061084290000020000001400000
072009061084790000070000015200000
072009061084990000100000002600000
072009061084990000240000005300000
072009061084990000350000007700000
072009061089990000150000090100000
072009061091790000100000003500000
072009061092590000230000005100000
072009061092590000300000001600000
072009061094390000230000009900000
072009061099990000150000275500000
072009061100690000020000006200000
072009061100690000170000549000000
072009061101090000200000018300000
072009061109990000140000007200000
072009061109990000220000004500000
072009061111590000300000005900000
072009061112790000220000001300000
072009061113690000080018437400000
072009061113690000130000005000000
072009061113690000280013475600000
072009061119990000150000061600000
072009061119990000190000024100000
072009061119990000260000030100000
072009061119990000280040314100000
072009061119990000360000011400000
072009061119990000370000065400000
072009061122890000070000432200000
072009061122890000190000082900000
072009061122890000220000046300000
072009061122890000240000392900000
072009061129990000020000114700000
072009061129990000050000168300000
072009061129990000140000026700000
072009061129990000240000392900000
072009061133190000360000002800000
072009061133190000640002315400000
072009061139990000240000032000000
072009061139990000770000021100000
072009061140190000080002524200000
072009061059990000240000054700000
072009061059990000270000143300000
072009061063990000140000020300000
072009061063990000320000010000000
072009061063990000740000066800000
072009061070290000070000004700000
072009061070290000110000001400000
072009061070290000180000005400000
072009061071390000230000013300000
072009061071690000150000005000000
072009061071690000280003861200000
072009061071990000010000005000000
072009061071990000030000002000000
072009061071990000050000009800000
072009061071990000150000006500000
072009061071990000280003227600000
072009061074590000080013787500000
072009061074590000140000003400000
072009061074590000200000021900000
072009061079990000030000010100000
072009061079990000110000003700000
072009061079990000250000266600000
072009061079990000270000149700000
072009061080590000150000006200000
072009061082490000050000013500000
072009061082490000070000036500000
072009061082490000270000053200000
072009061082490000290000003500000
072009061082490000740000043800000
072009061083790000220000060600000
072009061083790000360000001300000
072009061084090000120000004500000
072009061084090000170000265900000
072009061084090000720000192300000
072009061084290000260000002000000
072009061084290000270000007200000
072009061084290000340000000700000
072009061084790000180000028800000
072009061084790000200000035200000
072009061084790000280008966500000
072009061084990000130000001800000
072009061089990000110000008800000
072009061089990000120000067100000
072009061090890000040000135800000
072009061090890000080027573000000
072009061091790000090000007900000
072009061091790000300000004900000
072009061092590000460003398300000
072009061094390000320000012000000
072009061094390000360000003000000
072009061099990000360000025300000
072009061100690000120000008600000
072009061100690000270000031700000
072009061101090000170000289200000
072009061071390000220000001500000
072009061071390000340000002600000
072009061071690000010000003200000
072009061071690000120000003300000
072009061071990000080004574100000
072009061071990000340000001200000
072009061074590000130000002700000
072009061074590000220000003100000
072009061074590000240000020000000
072009061079990000350000039900000
072009061080590000010000003500000
072009061080590000040000002300000
072009061080590000310000008800000
072009061080590000720000196100000
072009061080990000260000006800000
072009061080990000310000052200000
072009061082490000200000018700000
072009061083490000150000006300000
072009061083490000240000009300000
072009061083490000290000001500000
072009061083790000050000008700000
072009061083790000130000003200000
072009061084290000300000000400000
072009061084790000270000045600000
072009061084790000370000010400000
072009061084990000080004720400000
072009061084990000280003369900000
072009061084990000290000003100000
072009061089990000140000015600000
072009061091790000180000006200000
072009061091790000290000004200000
072009061092590000090000002200000
072009061092590000120000009000000
072009061094390000240000053700000
072009061099990000130000025800000
072009061100690000300000001500000
072009061101090000080007799200000
072009061101090000140000003400000
072009061101090000260000002900000
072009061101090000300000002200000
072009061101090000350000015300000
072009061101090000370000005200000
072009061109990000050000022500000
072009061109990000090000172000000
072009061109990000130000003800000
072009061109990000290000008600000
072009061109990000360000002900000
072009061111590000020000011800000
072009061111590000050000018400000
072009061111590000120000015100000
072009061111590000500000648100000
072009061112790000130000001500000
072009061112790000170000133000000
072009061112790000270000038100000
072009061083490000020000002900000
072009061083490000180000006500000
072009061083490000340000001600000
072009061084090000150000006200000
072009061084090000350000006000000
072009061084090000360000001400000
072009061084090000740000017800000
072009061084290000180000003800000
072009061084790000040000002800000
072009061084790000100000010700000
072009061084790000110000002000000
072009061084790000350000009900000
072009061084990000260000003500000
072009061089990000290000029800000
072009061089990000310000198100000
072009061090890000150000211300000
072009061091790000240000033000000
072009061091790000780005088600000
072009061092590000100000002100000
072009061092590000520001331000000
072009061094390000100000003200000
072009061094390000350000036700000
072009061099990000110000070600000
072009061099990000630011975500000
072009061100690000200000044400000
072009061100690000230000014300000
072009061100690000280013324500000
072009061101090000090000104800000
072009061101090000230000008500000
072009061101090000360000001200000
072009061109990000720001149800000
072009061111590000150000023400000
072009061111590000490000032500000
072009061113290000090000001500000
072009061113290000200000035800000
072009061113290000490000027700000
072009061113690000140000004600000
072009061113690000370000021600000
072009061113690000610000164000000
072009061119990000120000039600000
072009061119990000240000086200000
072009061119990000350000088600000
072009061119990000490000107200000
072009061119990000750000478000000
072009061122890000140000026700000
072009061129990000280081569900000
072009061133190000140000006100000
072009061133190000280006384800000
072009061133190000300000009600000
072009061133190000320000011300000
072009061133190000340000005500000
072009061139990000100000004800000
072009061140190000220000003300000
072009061142090000030000014300000
072009061059990000220000010800000
072009061063990000310000050200000
072009061069990000040000005400000
072009061069990000300000005200000
072009061070290000050000011300000
072009061070290000140000002100000
072009061070290000360000000300000
072009061070290000740000037700000
072009061071690000290000001600000
072009061071990000130000000800000
072009061071990000220000001600000
072009061071990000250000044700000
072009061079990000200000091000000
072009061079990000240000066800000
072009061079990000280031653800000
072009061079990000370000025600000
072009061080590000130000002400000
072009061080990000030000042100000
072009061082490000110000001300000
072009061082490000220000083100000
072009061083790000070000006500000
072009061083790000080008592700000
072009061083790000120000009700000
072009061083790000150000011900000
072009061083790000270000023600000
072009061083790000740000030100000
072009061084090000010000003500000
072009061084090000250000038900000
072009061084090000270000014100000
072009061084290000050000003200000
072009061084290000360000000400000
072009061084790000010000011800000
072009061084790000720000668400000
072009061084990000200000009400000
072009061089990000270000224200000
072009061090890000470001525500000
072009061091790000350000029700000
072009061092590000010000008600000
072009061092590000080001871500000
072009061092590000150000015200000
072009061092590000360000001700000
072009061094390000040000020200000
072009061094390000220000003900000
072009061094390000460004616000000
072009061094390000790000026200000
072009061099990000080035487600000
072009061099990000180000091100000
072009061099990000370000102600000
072009061099990000520018121300000
072009061099990000790000452400000
072009061100690000030000004000000
072009061100690000090000067200000
072009061100690000290000004600000
072009061101090000250000050900000
072009061080590000320000006100000
072009061080990000220000006400000
072009061080990000230000018800000
072009061080990000280005534400000
072009061082490000120000009000000
072009061083490000080004155600000
072009061083490000350000008000000
072009061083490000720000194600000
072009061083790000020000003400000
072009061083790000230000016200000
072009061083790000280005534000000
072009061084090000090000001100000
072009061084290000240000009700000
072009061084290000290000001600000
072009061084290000370000001800000
072009061084790000230000028800000
072009061084790000320000028900000
072009061084790000740000054900000
072009061084990000020000002000000
072009061084990000030000001800000
072009061084990000230000007200000
072009061089990000300000012600000
072009061089990000370000046400000
072009061090890000090000044800000
072009061090890000120000164000000
072009061090890000130000018200000
072009061090890000460031032000000
072009061090890000620001252200000
072009061091790000030000003600000
072009061094390000470000162200000
072009061099990000010000170700000
072009061099990000470001938100000
072009061100690000080012138200000
072009061100690000110000002700000
072009061100690000320000010400000
072009061101090000100000004000000
072009061101090000220000002200000
072009061109990000190000011100000
072009061111590000090000003900000
072009061111590000190000009000000
072009061111590000280015751600000
072009061111590000360000004600000
072009061112790000230000007500000
072009061113290000040000004600000
072009061113290000190000002700000
072009061119990000130000012400000
072009061119990000340000021700000
072009061122890000230000202500000
072009061129990000290000104100000
072009061133190000090000004900000
072009061133190000220000006100000
072009061133190000270000047700000
072009061139990000030000045500000
072009061139990000040000007000000
072009061079990000010000028000000
072009061079990000180000088000000
072009061080990000040000003300000
072009061080990000070000014700000
072009061080990000170000703900000
072009061080990000240000015300000
072009061080990000270000044200000
072009061080990000300000002400000
072009061082490000150000015600000
072009061082490000250000079900000
072009061082490000300000002800000
072009061082490000320000013400000
072009061082490000360000002200000
072009061083490000100000002700000
072009061083490000200000011300000
072009061083790000720000269600000
072009061084090000020000001900000
072009061084090000070000004800000
072009061084090000100000004300000
072009061084090000110000000900000
072009061084090000190000002800000
072009061084090000220000001800000
072009061084090000240000009600000
072009061084290000090000001200000
072009061084290000150000002200000
072009061084790000020000006400000
072009061084790000140000003800000
072009061084790000260000007600000
072009061084990000120000003700000
072009061084990000270000014300000
072009061084990000370000002900000
072009061089990000230000121500000
072009061089990000740000244100000
072009061090890000030000046600000
072009061090890000100000023500000
072009061090890000290000046800000
072009061091790000040000022500000
072009061091790000140000077400000
072009061091790000260000006300000
072009061092590000140000033700000
072009061092590000190000004700000
072009061092590000370000006400000
072009061092590000780003081300000
072009061094390000010000014900000
072009061099990000190000070500000
072009061099990000340000054000000
072009061100690000310000011200000
072009061101090000270000024600000
072009061101090000720000407600000
072009061109990000040000010200000
072009061109990000150000036700000
072009061112790000090000000900000
072009061112790000110000001400000
072009061112790000370000009600000
072009061063990000240000025000000
072009061063990000340000003400000
072009061069990000050000022700000
072009061069990000240000025000000
072009061070290000040000003200000
072009061070290000240000016700000
072009061070290000300000001200000
072009061071390000100000003900000
072009061071390000300000002300000
072009061071390000720000558200000
072009061071690000130000000800000
072009061071690000260000002400000
072009061071690000320000003600000
072009061071990000290000002800000
072009061074590000020000003600000
072009061074590000070000009700000
072009061074590000190000009400000
072009061074590000270000042000000
072009061074590000740000049700000
072009061079990000050000061700000
072009061079990000190000026400000
072009061080590000080004792000000
072009061080590000270000011800000
072009061080590000350000005400000
072009061080590000740000011300000
072009061080990000100000005500000
072009061080990000180000017800000
072009061082490000130000002400000
072009061082490000170000617700000
072009061082490000190000005400000
072009061082490000340000001700000
072009061083490000230000008100000
072009061083490000360000001400000
072009061083490000370000004000000
072009061083790000320000019200000
072009061083790000370000005700000
072009061084090000140000001100000
072009061084090000290000002600000
072009061084290000170000101400000
072009061084790000080011466100000
072009061084790000170001195800000
072009061084990000070000003600000
072009061084990000110000000500000
072009061084990000150000006600000
072009061089990000050000084800000
072009061089990000180000090600000
072009061091790000130000003100000
072009061091790000150000021700000
072009061091790000170000072100000
072009061091790000320000009900000
072009061091790000620000169700000
072009061092590000270000048800000
072009061092590000320000005800000
072009061094390000340000004700000
072009061070290000120000007900000
072009061071390000320000005500000
072009061071690000040000000900000
072009061071990000090000002500000
072009061071990000230000007600000
072009061074590000350000008900000
072009061080590000370000002900000
072009061080990000740000046300000
072009061082490000020000004400000
072009061082490000370000007000000
072009061083490000120000004800000
072009061083790000030000003800000
072009061083790000110000001200000
072009061083790000180000007600000
072009061083790000260000003800000
072009061084090000230000011100000
072009061084090000300000000500000
072009061084090000340000000600000
072009061084290000100000001000000
072009061084290000200000005400000
072009061084290000220000000500000
072009061084290000740000006000000
072009061084790000190000007100000
072009061084790000240000031100000
072009061084790000340000003400000
072009061084790000360000002200000
072009061084990000170000168000000
072009061084990000300000000900000
072009061084990000740000016400000
072009061089990000720002584900000
072009061090890000140000322000000
072009061090890000220000036300000
072009061090890000270000854000000
072009061091790000230000007600000
072009061091790000470000178500000
072009061092590000240000022400000
072009061094390000300000005700000
072009061099990000120000202500000
072009061099990000170001572000000
072009061099990000220000045900000
072009061099990000320000126300000
072009061099990000620001679200000
072009061100690000190000006800000
072009061100690000340000003700000
072009061101090000240000015900000
072009061111590000110000004200000
072009061112790000100000003300000
072009061112790000200000021900000
072009061112790000260000002500000
072009061113290000430001264100000
072009061119990000140000013100000
072009061119990000180000032500000
072009061119990000430010372400000
072009061129990000740000739100000
072009061109990000230000022800000
072009061109990000240000041500000
072009061111590000170000708300000
072009061111590000200000051700000
072009061111590000270000099800000
072009061111590000320000013900000
072009061112790000010000008500000
072009061112790000140000001700000
072009061112790000150000008000000
072009061112790000240000006700000
072009061112790000280005489800000
072009061112790000490000021400000
072009061113290000110000001100000
072009061113690000090000004400000
072009061113690000300000003700000
072009061119990000300000013200000
072009061119990000500001495600000
072009061122890000030000047700000
072009061122890000250001206500000
072009061129990000080111267000000
072009061129990000110000012300000
072009061129990000660010398700000
072009061133190000050000012200000
072009061133190000100000004800000
072009061133190000230000022000000
072009061140190000170000230300000
072009061140190000350000011500000
072009061140190000370000005700000
072009061140190000770000010200000
072009061142090000590000370500000
072009061144890000190000003600000
072009061144890000230000012800000
072009061144890000360000003000000
072009061149990000120000075700000
072009061149990000200000155100000
072009061149990000240000049100000
072009061149990000270000159900000
072009061149990000360000006900000
072009061153090000050000028500000
072009061153090000070000021700000
072009061153090000100000039700000
072009061159990000200000051500000
072009061162690000010000005400000
072009061162690000050000007100000
072009061162690000130000001000000
072009061162690000730000225100000
072009061171290000480000125400000
072009061179990000220000019600000
072009061179990000360000017000000
072009061179990000530000980700000
072009061179990000560005274200000
072009061189990000070000000500000
072009061189990000190000001200000
072009061189990000200000002100000
072009061100690000220000002300000
072009061101090000180000007900000
072009061101090000340000001900000
072009061109990000100000009000000
072009061109990000300000003700000
072009061112790000290000002200000
072009061112790000340000001800000
072009061113290000260000001700000
072009061113290000290000015200000
072009061113690000170000460500000
072009061119990000090000010700000
072009061119990000220000014300000
072009061122890000150000176600000
072009061122890000200000546100000
072009061129990000130000026300000
072009061129990000180000959300000
072009061133190000200000071200000
072009061133190000580000040300000
072009061133190000770000021100000
072009061139990000050000012200000
072009061139990000300000009600000
072009061140190000120000010100000
072009061140190000280003067400000
072009061144890000180000013500000
072009061144890000280011347500000
072009061144890000300000005600000
072009061149990000050000019600000
072009061149990000110000004500000
072009061149990000300000009200000
072009061149990000570020843200000
072009061153090000130000006300000
072009061153090000240000050200000
072009061153090000280013989700000
072009061153090000350000013900000
072009061159990000040000009800000
072009061159990000070000021700000
072009061159990000090000003000000
072009061159990000320000029100000
072009061162690000080006109800000
072009061162690000120000007300000
072009061162690000230000009900000
072009061169990000010000005400000
072009061169990000110000000600000
072009061169990000280004889800000
072009061170390000010000031500000
072009061170390000170001495300000
072009061170390000230000053000000
072009061170390000420000401200000
072009061171290000180000017500000
072009061171290000270000052300000
072009061171290000350000015500000
072009061174690000090000010700000
072009061174690000140000028400000
072009061174690000300000009100000
072009061133190000350000024200000
072009061139990000340000005500000
072009061140190000140000001900000
072009061140190000180000003200000
072009061140190000300000002000000
072009061142090000640005324100000
072009061144890000010000042500000
072009061144890000090000007300000
072009061144890000270000094500000
072009061144890000290000014900000
072009061153090000040000009800000
072009061153090000320000029100000
072009061162690000310000022800000
072009061162690000360000001100000
072009061169990000090000002000000
072009061170390000220000006100000
072009061170390000360000008000000
072009061171290000010000013100000
072009061171290000100000006500000
072009061174690000170002181800000
072009061174690000270000236300000
072009061179990000140000057100000
072009061179990000340000071400000
072009061179990000620000360700000
072009061189990000180000002800000
072009061195290000120000000500000
072009061199990000250000002600000
072009061199990000290000000200000
072009061199990000370000000700000
072009061144890000170000605800000
072009061144890000370000012200000
072009061144890000640005287600000
072009061149990000090000016900000
072009061149990000190000008600000
072009061149990000280020288500000
072009061162690000150000015200000
072009061162690000270000022500000
072009061169990000050000007100000
072009061169990000370000003900000
072009061170390000560001531700000
072009061171290000150000022600000
072009061171290000200000021700000
072009061171290000620000051400000
072009061174690000110000366400000
072009061174690000150000085500000
072009061179990000120000120600000
072009061179990000150000183700000
072009061179990000280070824400000
072009061179990000300000021800000
072009061179990000480001344100000
072009061189990000100000000700000
072009061189990000110000000300000
072009061189990000250000009600000
072009061189990000310000001500000
072009061195290000150000001400000
072009061195290000260000000500000
072009061199990000010000000600000
072009061199990000030000000100000
072009061199990000340000000800000
072009061199990000740000002600000
072009061999990000250008914700000
072009061122890000740000739100000
072009061129990000030000047700000
072009061129990000040000036300000
072009061129990000150000176600000
072009061129990000300000022500000
072009061133190000010000019900000
072009061133190000240000032000000
072009061139990000110000003500000
072009061139990000350000024200000
072009061140190000100000002000000
072009061140190000360000001700000
072009061140190000410000073500000
072009061142090000040000006400000
072009061142090000140000003700000
072009061142090000770000014000000
072009061144890000320000013800000
072009061144890000340000010000000
072009061149990000100000011200000
072009061149990000230000025500000
072009061153090000200000051500000
072009061159990000030000010200000
072009061159990000290000008100000
072009061162690000280004889800000
072009061162690000300000001000000
072009061169990000300000001000000
072009061170390000050000040700000
072009061170390000530000233600000
072009061170390000620000085600000
072009061171290000040000004300000
072009061171290000130000003700000
072009061171290000190000013000000
072009061171290000260000028100000
072009061185190000080001095200000
072009061185190000270000004000000
072009061185190000310000001500000
072009061189990000220000000200000
072009061189990000240000002500000
072009061195290000340000000800000
072009061195290000350000001900000
072009061195290000370000000700000
072009061195290000720000008800000
072009061199990000040000001500000
072009061199990000110000000000000
072009061199990000230000000700000
072009061999990000040001399300000
072009061999990000190000516500000
072009061999990000300000318300000
072009061100690000250000067300000
072009061100690000370000008100000
072009061101090000030000002000000
072009061101090000040000003900000
072009061109990000010000014100000
072009061109990000260000007800000
072009061112790000350000022500000
072009061113290000030000002100000
072009061113290000050000011600000
072009061113290000130000001600000
072009061113290000240000007500000
072009061113690000120000016000000
072009061113690000150000022500000
072009061113690000180000009500000
072009061113690000320000013600000
072009061119990000080057132000000
072009061119990000110000009500000
072009061119990000270000258000000
072009061129990000100000064700000
072009061129990000190000082900000
072009061129990000220000046300000
072009061129990000260000229800000
072009061129990000360000015500000
072009061133190000170000430200000
072009061133190000260000013400000
072009061139990000260000013400000
072009061139990000280006384800000
072009061139990000290000030000000
072009061140190000010000009300000
072009061140190000040000002300000
072009061140190000340000003900000
072009061140190000570001913100000
072009061140190000640001071000000
072009061142090000290000005100000
072009061144890000590000766300000
072009061149990000010000066500000
072009061149990000770000054700000
072009061153090000180000053200000
072009061153090000190000016500000
072009061153090000250000187000000
072009061153090000340000010000000
072009061159990000150000030400000
072009061159990000280013989700000
072009061169990000080006109800000
072009061169990000120000007300000
072009061169990000130000001000000
072009061169990000240000010400000
072009061169990000320000008400000
072009061169990000730000225100000
072009061170390000100000109000000
072009061170390000140000018300000
072009061170390000180000059300000
072009061170390000320000028500000
072009061170390000480000513300000
072009061140190000190000003500000
072009061140190000230000006700000
072009061142090000360000002200000
072009061144890000100000006900000
072009061144890000410000219900000
072009061149990000030000029600000
072009061153090000020000008400000
072009061153090000080028846000000
072009061159990000230000027400000
072009061159990000350000013900000
072009061162690000260000004400000
072009061162690000320000008400000
072009061162690000340000001700000
072009061169990000040000001400000
072009061169990000290000003400000
072009061169990000310000022800000
072009061171290000080011084600000
072009061171290000110000040200000
072009061171290000230000015900000
072009061171290000300000003100000
072009061171290000530000150700000
072009061171290000560000438200000
072009061174690000030000013000000
072009061174690000190000034600000
072009061174690000280038850300000
072009061174690000290000018900000
072009061174690000510000060600000
072009061174690000620000223700000
072009061179990000030000025300000
072009061179990000100000141000000
072009061179990000200000204300000
072009061179990000270000440700000
072009061185190000030000000200000
072009061185190000070000000500000
072009061185190000100000000700000
072009061185190000220000000200000
072009061185190000280000601400000
072009061185190000300000000100000
072009061189990000080001095200000
072009061195290000040000001500000
072009061195290000200000001000000
072009061999990000240002290300000
072009061109990000030000006000000
072009061109990000170000838200000
072009061111590000290000016300000
072009061111590000340000006700000
072009061112790000050000006900000
072009061112790000080008409800000
072009061112790000360000001600000
072009061112790000500000139000000
072009061113290000080008889400000
072009061113290000280005597100000
072009061113290000320000005600000
072009061113290000350000010400000
072009061113290000500000124400000
072009061113290000750000047900000
072009061113690000010000020100000
072009061113690000270000084000000
072009061113690000290000016500000
072009061113690000750000180100000
072009061122890000280081569900000
072009061122890000290000104100000
072009061122890000300000022500000
072009061129990000090000086600000
072009061129990000120000142600000
072009061129990000170015683900000
072009061133190000600001406000000
072009061133190000700000677500000
072009061139990000370000009200000
072009061139990000600001406000000
072009061139990000700000677500000
072009061140190000240000012000000
072009061140190000590000186100000
072009061142090000100000002300000
072009061142090000170000260200000
072009061144890000120000047100000
072009061144890000260000006200000
072009061144890000580000059800000
072009061149990000590001322900000
072009061149990000600004114000000
072009061153090000170001344700000
072009061153090000290000008100000
072009061159990000250000187000000
072009061162690000200000016300000
072009061169990000740000039900000
072009061170390000080032787900000
072009061170390000190000031800000
072009061170390000280023346400000
072009061170390000340000022100000
072009061171290000240000027600000
072009061174690000040000014300000
072009061174690000100000025500000
072009061174690000220000010500000
072009061179990000110000439800000
072009061185190000140000000100000
072009061185190000260000000800000
072009061112790000610000028500000
072009061113290000100000002900000
072009061113290000180000004700000
072009061113290000360000001200000
072009061113690000030000006100000
072009061113690000200000051900000
072009061113690000500000584100000
072009061119990000030000034200000
072009061119990000050000055900000
072009061119990000290000050200000
072009061122890000080111267000000
072009061122890000270000556800000
072009061122890000370000097200000
072009061129990000370000097200000
072009061133190000120000034600000
072009061133190000410000195400000
072009061133190000570000369100000
072009061140190000050000002100000
072009061140190000290000002700000
072009061142090000180000007500000
072009061142090000300000001600000
072009061142090000410000117500000
072009061142090000580000039500000
072009061144890000200000087900000
072009061149990000040000017700000
072009061149990000340000019000000
072009061149990000370000024700000
072009061153090000090000003000000
072009061159990000100000039700000
072009061159990000140000005800000
072009061162690000030000001500000
072009061162690000100000002400000
072009061169990000150000015200000
072009061169990000170000359300000
072009061169990000190000004000000
072009061169990000220000002200000
072009061169990000270000022500000
072009061170390000110000033200000
072009061170390000290000026700000
072009061174690000130000009300000
072009061174690000340000043400000
072009061179990000170004034400000
072009061179990000190000079400000
072009061179990000240000230400000
072009061185190000150000004000000
072009061185190000170000066800000
072009061185190000190000001200000
072009061189990000370000000600000
072009061195290000110000000000000
072009061199990000050000001000000
072009061199990000150000001400000
072009061199990000240000001500000
072009061199990000350000001900000
072009061999990000180001958300000
072009061142090000130000002300000
072009061142090000280005873600000
072009061142090000320000006300000
072009061144890000570013432200000
072009061144890000600001795600000
072009061144890000770000030500000
072009061149990000130000006400000
072009061149990000410000410900000
072009061153090000150000030400000
072009061153090000360000002900000
072009061159990000110000003800000
072009061159990000130000006300000
072009061159990000370000015400000
072009061162690000090000002000000
072009061162690000140000001800000
072009061162690000240000010400000
072009061162690000250000056000000
072009061169990000100000002400000
072009061169990000200000016300000
072009061170390000130000016800000
072009061170390000270000152100000
072009061170390000300000009600000
072009061174690000010000058000000
072009061174690000320000057700000
072009061179990000050000123300000
072009061179990000080098400500000
072009061179990000230000132400000
072009061179990000370000090900000
072009061185190000130000000500000
072009061185190000250000009600000
072009061189990000270000004000000
072009061195290000070000001200000
072009061199990000270000002000000
072009061999990000200002450700000
072009061999990000270004191300000
072009061999990000310017812100000
072009061101090000290000004000000
072009061109990000070000016000000
072009061109990000180000016900000
072009061111590000180000015100000
072009061111590000240000038700000
072009061111590000260000006000000
072009061111590000370000025400000
072009061113290000340000002400000
072009061113690000020000009300000
072009061113690000340000010800000
072009061113690000490000025600000
072009061119990000010000054500000
072009061119990000230000049400000
072009061122890000110000012300000
072009061122890000120000142600000
072009061122890000180000959300000
072009061122890000310000403100000
072009061122890000340000041600000
072009061122890000350000118000000
072009061122890000660010398700000
072009061129990000070000432200000
072009061129990000250001206500000
072009061133190000180000033000000
072009061139990000090000004900000
072009061139990000220000006100000
072009061139990000270000047700000
072009061140190000090000003400000
072009061142090000220000004300000
072009061142090000230000006000000
072009061144890000040000009000000
072009061144890000080006484400000
072009061144890000220000010100000
072009061149990000220000017700000
072009061149990000260000011800000
072009061149990000350000054900000
072009061153090000030000010200000
072009061153090000230000027400000
072009061153090000310000016800000
072009061159990000010000025500000
072009061159990000360000002900000
072009061159990000740000119700000
072009061162690000220000002200000
072009061162690000290000003400000
072009061170390000200000060600000
072009061170390000240000076600000
072009061170390000260000019200000
072009061171290000220000003000000
072009061171290000280008627700000
072009061171290000340000005900000
072009061171290000420000295600000
072009061174690000080054528000000
072009061174690000560003304300000
072009061185190000040000003300000
072009061189990000090000000000000
072009061139990000580000040300000
072009061140190000110000000700000
072009061142090000090000006200000
072009061142090000110000001700000
072009061149990000170001096300000
072009061149990000290000022700000
072009061153090000220000009200000
072009061153090000740000119700000
072009061159990000080028846000000
072009061159990000170001344700000
072009061159990000240000050200000
072009061159990000690001402400000
072009061162690000020000012600000
072009061162690000110000000600000
072009061162690000180000013000000
072009061162690000190000004000000
072009061162690000740000039900000
072009061169990000030000001500000
072009061169990000070000004400000
072009061169990000230000009900000
072009061169990000360000001100000
072009061170390000030000009100000
072009061171290000050000019700000
072009061171290000360000001500000
072009061174690000530000596400000
072009061179990000320000103000000
072009061185190000370000000600000
072009061189990000020000001200000
072009061189990000050000001000000
072009061189990000130000000500000
072009061189990000170000066800000
072009061189990000300000000100000
072009061195290000130000000300000
072009061199990000100000000100000
072009061199990000130000000300000
072009061999990000030000587700000
072009061999990000260000797000000
072009061999990000320000995000000
072009061113290000010000005400000
072009061113690000050000019000000
072009061113690000100000010500000
072009061119990000020000029400000
072009061122890000130000026300000
072009061122890000320000227200000
072009061129990000310000403100000
072009061129990000350000118000000
072009061133190000290000030000000
072009061139990000200000071200000
072009061139990000230000022000000
072009061142090000050000004700000
072009061142090000080002697100000
072009061142090000200000038300000
072009061142090000350000016200000
072009061144890000050000012800000
072009061149990000080011705700000
072009061149990000580000109400000
072009061153090000140000005800000
072009061153090000270000068000000
072009061153090000690001402400000
072009061159990000260000010200000
072009061159990000300000003600000
072009061159990000310000016800000
072009061170390000040000014300000
072009061170390000510000083800000
072009061171290000120000012700000
072009061174690000120000073600000
072009061174690000230000063500000
072009061174690000360000007500000
072009061179990000010000102600000
072009061179990000040000032900000
072009061179990000350000113900000
072009061185190000090000000000000
072009061185190000110000000300000
072009061189990000030000000200000
072009061189990000120000001500000
072009061189990000150000004000000
072009061189990000320000000900000
072009061195290000050000001000000
072009061999990000090000500700000
072009061999990000220000476700000
072009061094390000520002093800000
072009061094390000780006841300000
072009061099990000040000185300000
072009061100690000040000006300000
072009061100690000360000001700000
072009061101090000280008628600000
072009061101090000740000033800000
072009061109990000080019937400000
072009061109990000280021953100000
072009061109990000310000021800000
072009061109990000350000031300000
072009061111590000220000005800000
072009061111590000610000125600000
072009061111590000750000201700000
072009061112790000300000002000000
072009061112790000320000003200000
072009061113690000220000005200000
072009061119990000320000036300000
072009061122890000100000064700000
072009061133190000080007662900000
072009061139990000120000034600000
072009061139990000180000033000000
072009061139990000190000003900000
072009061139990000410000195400000
072009061140190000030000005400000
072009061140190000260000001900000
072009061140190000320000004500000
072009061140190000600000461300000
072009061142090000190000001500000
072009061142090000260000003700000
072009061142090000270000041300000
072009061142090000370000006800000
072009061142090000570005497900000
072009061144890000130000002900000
072009061149990000640011682700000
072009061153090000110000003800000
072009061153090000120000025700000
072009061159990000020000008400000
072009061159990000050000028500000
072009061159990000180000053200000
072009061159990000190000016500000
072009061159990000220000009200000
072009061162690000040000001400000
072009061162690000070000004400000
072009061162690000350000018200000
072009061169990000140000001800000
072009061169990000250000056000000
072009061170390000120000034300000
072009061170390000350000041200000
072009061171290000290000022500000
072009061171290000370000008800000
072009061171290000510000042600000
072009061174690000050000062900000
072009061174690000180000075200000
072009061133190000030000045500000
072009061133190000040000007000000
072009061133190000110000003500000
072009061133190000190000003900000
072009061133190000370000009200000
072009061139990000140000006100000
072009061139990000170000430200000
072009061139990000320000011300000
072009061139990000360000002800000
072009061139990000570000369100000
072009061140190000130000001200000
072009061140190000200000028900000
072009061142090000010000014700000
072009061142090000600001857100000
072009061144890000030000009900000
072009061144890000110000002100000
072009061144890000140000004200000
072009061144890000350000027200000
072009061149990000180000024200000
072009061149990000320000024600000
072009061153090000260000010200000
072009061153090000300000003600000
072009061159990000270000068000000
072009061162690000170000359300000
072009061162690000370000003900000
072009061169990000020000012600000
072009061169990000180000013000000
072009061170390000150000075600000
072009061170390000370000035300000
072009061171290000090000003500000
072009061174690000240000126200000
072009061185190000050000001000000
072009061189990000290000000300000
072009061189990000360000000300000
072009061189990000720000009200000
072009061195290000080000950100000
072009061195290000270000002000000
072009061195290000280000635100000
072009061195290000310000000600000
072009061199990000120000000500000
072009061199990000220000000000000
072009061999990000080667037700024
072009061999990000120001045600000
072009061195290000170000055600000
072009061195290000180000001600000
072009061195290000190000000800000
072009061195290000240000001500000
072009061195290000250000002600000
072009061199990000180000001600000
072009061199990000300000000200000
072009061199990000720000008800000
072009061999990000010000972100000
072009061999990000110000607200000
072009061999990000290000600900000
072009061174690000370000046800000
072009061174690000480000705400000
072009061185190000010000000700000
072009061185190000020000001200000
072009061185190000360000000300000
072009061189990000140000000100000
072009061189990000230000000400000
072009061189990000260000000800000
072009061999990000130000199100000
072009061999990000230001014400000
072009061171290000030000003200000
072009061171290000320000016800000
072009061174690000260000033700000
072009061179990000290000068100000
072009061179990000420001845800000
072009061185190000240000002500000
072009061189990000740000004800000
072009061195290000020000000600000
072009061195290000220000000000000
072009061199990000320000000900000
072009061199990000360000000400000
072009061999990000020080824600003
072009061999990000050001003100000
072009061999990000060039493800001
072009061999990000070001973500000
072009061999990000100000573300000
072009061999990000170045186600001
072009061999990000360000225500000
072009061185190000290000000300000
072009061185190000320000000900000
072009061185190000720000009200000
072009061189990000340000000600000
072009061195290000090000000300000
072009061195290000140000000900000
072009061195290000230000000700000
072009061195290000320000000900000
072009061199990000080000950100000
072009061199990000200000001000000
072009061199990000260000000500000
072009061199990000310000000600000
072009061999990000140000754700000
072009061999990000150001522100000
072009061999990000350001234400000
072009061195290000100000000100000
072009061199990000020000000600000
072009061199990000090000000300000
072009061199990000170000055600000
072009061199990000190000000800000
072009061999990000280614178400023
072009061179990000130000029800000
072009061179990000180000152000000
072009061179990000260000081000000
072009061185190000230000000400000
072009061185190000340000000600000
072009061189990000010000000700000
072009061189990000040000003300000
072009061189990000350000002000000
072009061195290000010000000600000
072009061195290000360000000400000
072009061199990000140000000900000
072009061999990000210058824800002
072009061999990000340000348300000
072009061010490000030000012400000
072009061010490000130000002700000
072009061010490000250000059200000
072009061010490000280007946700000
072009061010490000290000012100000
072009061011190000760000514200000
072009061011490000120000016900000
072009061011490000220000003900000
072009061011490000320000009700000
072009061012190000030000004200000
072009061012190000190000003500000
072009061012190000240000009100000
072009061012190000340000002200000
072009061012390000070000014800000
072009061012390000170000375900000
072009061012390000230000011800000
072009061012390000740000059200000
072009061012990000080018992900000
072009061012990000300000004100000
072009061012990000350000031000000
072009061012990000370000020600000
072009061014190000740000131400000
072009061019990000280126563300000
072009061019990000740000566300000
072009061022290000200000014900000
072009061022290000310000016200000
072009061022290000360000000900000
072009061025090000140000005500000
072009061025090000310000073300000
072009061029990000130000005400000
072009061029990000180000071500000
072009061029990000240000066200000
072009061029990000270000116700000
072009061029990000670001657300000
072009061033390000040000011200000
072009061039990000040000011200000
072009061039990000070000038900000
072009061040790000120000047700000
072009061040790000180000014400000
072009061040790000190000011300000
072009061040790000260000005600000
072009061040790000620000156100000
072009061040790000800000981900000
072009061049990000540000765100000
072009061053590000140000007000000
072009061053890000080010905400000
072009061059990000040000021300000
072009061059990000230000050500000
072009061059990000340000014900000
072009061059990000370000040600000
072009061059990000450009629700000
072009061063990000720000493800000
072009061069990000030000020500000
072009061069990000230000019000000
072009061069990000290000006300000
072009061070290000080007577900000
072009061071390000020000003700000
072009061071390000030000001700000
072009061071390000190000006100000
072009061071390000740000041600000
072009061071990000170000431100000
072009061071990000190000003600000
072009061071990000320000014000000
072009061071990000360000000900000
072009061071990000370000002800000
072009061071990000720000314700000
072009061074590000250000081200000
072009061074590000300000001600000
072009061074590000310000014500000
072009061074590000370000007600000
072009061079990000040000013500000
072009061079990000290000018200000
072009061079990000310000045900000
072009061080590000180000009400000
072009061080990000320000030600000
072009061082490000140000001900000
072009061083490000030000003100000
072009061083490000070000009300000
072009061083490000280003151400000
072009061084290000030000000800000
072009061084290000350000003500000
072009061084790000250000095600000
072009061084990000320000003400000
072009061084990000340000001400000
072009061084990000720000153400000
072009061089990000090000024100000
072009061089990000100000038800000
072009061089990000260000036300000
072009061090890000010000132100000
072009061090890000110000045100000
072009061090890000170001316700000
072009061090890000350000232500000
072009061091790000050000015000000
072009061091790000270000083900000
072009061091790000460005134700000
072009061092590000170000044000000
072009061092590000290000009600000
072009061094390000200000027500000
072009061094390000370000008800000
072009061094390000630000748800000
072009061099990000230000075200000
072009061101090000020000002400000
072009061101090000190000004300000
072009061101090000310000010600000
072009061101090000320000006100000
072009061109990000020000008600000
072009061109990000120000014400000
072009061109990000250000118200000
072009061111590000130000004300000
072009061111590000230000020700000
072009061111590000350000029200000
072009061113290000610000027900000
072009061113690000430003628700000
072009061122890000010000149300000
072009061122890000040000036300000
072009061122890000090000086600000
072009061129990000230000202500000
072009061129990000270000556800000
072009061129990000340000041600000
072009061139990000010000019900000
072009061139990000130000002600000
072009061139990000640002315400000
072009061140190000580000010100000
072009061142090000240000011500000
072009061142090000340000005100000
072009061144890000240000025600000
072009061149990000140000009800000
072009061153090000010000025500000
072009061153090000370000015400000
072009061159990000120000025700000
072009061159990000340000010000000
072009061169990000260000004400000
072009061169990000340000001700000
072009061169990000350000018200000
072009061170390000090000007800000
072009061171290000140000010400000
072009061171290000170000357300000
072009061174690000200000122000000
072009061174690000350000057200000
072009061174690000420001149000000
072009061179990000090000022000000
072009061179990000510000187000000
072009061185190000120000001500000
072009061185190000180000002800000
072009061185190000200000002100000
072009061185190000350000002000000
072009061185190000740000004800000
072009061189990000280000601400000
072009061195290000030000000100000
072009061195290000290000000200000
072009061195290000300000000200000
072009061195290000740000002600000
072009061199990000070000001200000
072009061199990000280000635100000
072009061999990000370000700900000
