032011111084994990100000481200000
032011111084994990110000088200000
032011111084994990120000062000000
032011111084994990130000048000000
032011111084994990140000087100000
032011111084994990150000128200000
032011111084994990160000100900000
032011111084994990170000077300000
032011111084994990180000080700000
032011111025095090010014613400001
032011111025095090020014030600000
032011111025095090030013888900000
032011111025095090040022765400001
032011111025095090050021747300001
032011111025095090060021722900001
032011111025095090070005417500000
032011111025095090080004828800000
032011111025095090090004183700000
032011111025095090100003217200000
032011111025095090110000475900000
032011111025095090120000282800000
032011111025095090130000256500000
032011111025095090140000280700000
032011111025095090150000120900000
032011111025095090160000078000000
032011111025095090170000538200000
032011111025095090180000374000000
032011111025095090190000270900000
032011111025095090200000104100000
032011111025095090210000690000000
032011111025095090220000595400000
032011111025095090230000102000000
032011111025095090240000042400000
032011111025095090250000044300000
032011111025095090260000182800000
032011111185195190010001929200001
032011111185195190020001872600001
032011111185195190030000576900000
032011111185195190040000535800000
032011111185195190050000085500000
032011111185195190060000041000000
032011111185195190070000032200000
032011111185195190080000029700000
032011111185195190090000010400000
032011111083493490120000058200000
032011111083493490130000059400000
032011111083493490140000036600000
032011111083493490150000020000000
032011111083493490160000018000000
032011111083493490170000021700000
032011111083493490180000013900000
032011111083493490190000008700000
032011111083493490200000005800000
032011111083493490210000115100000
032011111083493490220000076900000
032011111083493490230000062500000
032011111053513510010009516300001
032011111053513510020008927100000
032011111053513510030019037600001
032011111053513510040018605400001
032011111053513510050003956600000
032011111053513510060003651900000
032011111053513510070000991900000
032011111053513510080000141700000
032011111053513510090000092900000
032011111053513510100000154900000
032011111053513510110000122900000
032011111053513510120000095400000
032011111053513510130000079000000
032011111053513510140000027900000
032011111053513510150000021700000
032011111053513510160000111500000
032011111053513510170000489100000
032011111053513510180000377500000
032011111053513510190000122800000
032011111053513510200000100900000
032011111053513510210001258700000
032011111053513510220001104300000
032011111053523520010001097500000
032011111053523520020001036400000
032011111053523520030001547000001
032011111053523520040000021100000
032011111053523520050000078600000
032011111053523520060000060500000
032011111053523520070000135100000
032011111053533530010001208100001
032011111053533530020000536400000
032011111053533530030001000600000
032011111162692690050005001100000
032011111162692690060004835800000
032011111162692690070000760600000
032011111162692690080000628200000
032011111162692690090000525600000
032011111162692690100000970300000
032011111162692690110000149200000
032011111162692690120000059800000
032011111162692690130000037400000
032011111162692690140000029500000
032011111162692690150000124000000
032011111162692690160000089900000
032011111162692690170000020900000
032011111162692690180000220000000
032011111162692690190000163300000
032011111112792790010011321500001
032011111112792790020011133000001
032011111112792790030011101000001
032011111112792790040005487700001
032011111112792790050005230900000
032011111112792790060005140600000
032011111112792790070002226400000
032011111112792790080002057200000
032011111112792790090001931000000
032011111112792790100000590600000
032011111112792790110000472300000
032011111112792790120000389700000
032011111112792790130000239600000
032011111112792790140000235700000
032011111112792790150000052300000
032011111112792790160000053200000
032011111112792790170000028000000
032011111122892890010164931700001
032011111122892890020161929200001
032011111122892890030159689400001
032011111122892890040083697700001
032011111122892890050082020300000
032011111122892890060077997800000
032011111122892890070001307000000
032011111122892890080000782300000
032011111122892890090000694300000
032011111122892890100002768500000
032011111122892890110002394600000
032011111122892890120001572900000
032011111012192190170000236100000
032011111012192190180000207300000
032011111012192190190000171400000
032011111012192190200000256600000
032011111012192190210000169400000
032011111012192190220000138800000
032011111022292290010003807000001
032011111022292290020003710800000
032011111022292290030003590600000
032011111022292290040005457200001
032011111022292290050005272900001
032011111022292290060005269400001
032011111022292290070000903200000
032011111022292290080000791500000
032011111022292290090000704500000
032011111022292290100000579900000
032011111022292290110000135700000
032011111022292290120000108100000
032011111022292290130000216900000
032011111022292290140000140500000
032011111022292290150000110800000
032011111022292290160000035200000
032011111022292290170000071600000
032011111012392390010016114800001
032011111012392390020015854200000
032011111012392390030015625100000
032011111012392390040017676700001
032011111012392390050017312100001
032011111012392390060017060300001
032011111012392390070002457300000
032011111012392390080002207200000
032011111012392390090002065100000
032011111012392390100000749900000
032011111012392390110000599200000
032011111012392390120000516100000
032011111012392390130000079500000
032011111012392390140000060300000
032011111012392390150000043500000
032011111012392390160001241200000
032011111012392390170000075900000
032011111012392390180000330900000
032011111012392390190000108200000
032011111082492490010009348900001
032011111082492490020008964700000
032011111074594590100001670100000
032011111074594590110000151100000
032011111074594590120000114100000
032011111074594590130000072500000
032011111074594590140000302500000
032011111074594590150000102500000
032011111074594590160000322700000
032011111074594590170000232700000
032011111074594590180000132600000
032011111074594590190000106100000
032011111074594590200000077700000
032011111174694690010070369000001
032011111174694690020068922100001
032011111174694690030068534000001
032011111174694690040036763200001
032011111174694690050034461500000
032011111174694690060033704400000
032011111174694690070007878400000
032011111174694690080006701600000
032011111174694690090006101700000
032011111174694690100008360100000
032011111174694690110006899100000
032011111174694690120006273400000
032011111174694690130007135500000
032011111174694690140000716700000
032011111174694690150000817200000
032011111174694690160000602400000
032011111174694690170000509600000
032011111174694690180001129900000
032011111174694690190000758700000
032011111174694690200000613400000
032011111174694690210000304800000
032011111174694690220000273300000
032011111174694690230000118500000
032011111174694690240000094700000
032011111174694690250000291300000
032011111174694690260000184100000
032011111071991990090000655000000
032011111071991990100000958900000
032011111071991990110000162600000
032011111071991990120000103500000
032011111071991990130000160200000
032011111071991990140000038100000
032011111071991990150000219700000
032011111014194190050037718000000
032011111014194190060036725000000
032011111014194190070008779800000
032011111014194190080008307000000
032011111014194190090007587100000
032011111014194190100003248100000
032011111014194190110002862200000
032011111014194190120002333500000
032011111014194190130005266600000
032011111014194190140000353600000
032011111014194190150000202000000
032011111014194190160000166500000
032011111014194190170000102400000
032011111014194190180000084400000
032011111014194190190000060300000
032011111014194190200000173100000
032011111014194190210000122900000
032011111014194190220000078800000
032011111014194190230000209500000
032011111014194190240000150600000
032011111014194190250000133600000
032011111014194190260000183200000
032011111014194190270000809900000
032011111014194190280000111600000
032011111014194190290001332800000
032011111014194190300000972900000
032011111014194190310000786400000
032011111084294290010002621200001
032011111084294290020002615500001
032011111084294290030002569700001
032011111084294290040001474400001
032011111084294290050001435600000
032011111084294290060001395000000
032011111084294290070000224800000
032011111084294290080000223000000
032011111084294290090000183300000
032011111084294290100000143100000
032011111084294290110000042600000
032011111084294290120000042100000
032011111084294290130000036000000
032011111084294290140000019100000
032011111094394390010009225800001
032011111094394390020008822200001
032011111094394390030008641800000
032011111133193190080000298700000
032011111133193190090000142800000
032011111133193190100000101000000
032011111133193190110000078800000
032011111133193190120000090300000
032011111133193190130001632800000
032011111133193190140001472200000
032011111133193190150001245500000
032011111133193190160003509100000
032011111133193190170003156200000
032011111133193190180003032500000
032011111133193190190000337700000
032011111133193190200000228200000
032011111133193190210000424600000
032011111133193190220000265200000
032011111133193190230000174600000
032011111133193190240000060900000
032011111133193190250004960900000
032011111133193190260004733300000
032011111133193190270004623100000
032011111133193190280000050500000
032011111113293290010010733800001
032011111113293290020010585800001
032011111113293290030010526000001
032011111113293290040005121200001
032011111113293290050004918600000
032011111113293290060004730900000
032011111113293290070002172300000
032011111113293290080001932000000
032011111113293290090001825800000
032011111113293290100000535100000
032011111113293290110000365600000
032011111113293290120000307800000
032011111113293290130000191300000
032011111113293290140000144200000
032011111113293290150000089000000
032011111113293290160000072100000
032011111113293290170000159800000
032011111113293290180000043600000
032011111113293290190000151000000
032011111113293290200000091300000
032011111113293290210000075700000
032011111113293290220000044500000
032011111033393390010017935000001
032011111071691690150000061900000
032011111071691690160000031800000
032011111071691690170000018000000
032011111071691690180000013100000
032011111071691690190000028300000
032011111071691690200000017700000
032011111071691690210000015700000
032011111071691690220000063200000
032011111091791790010006670200001
032011111091791790020006302300000
032011111091791790030006230300000
032011111091791790040003188600000
032011111091791790050002591900000
032011111091791790060002385100000
032011111091791790070010862100001
032011111091791790080010272700001
032011111091791790090010031700001
032011111091791790100004276600000
032011111091791790110004070100000
032011111091791790120004003900000
032011111091791790130000529600000
032011111091791790140000185800000
032011111091791790150000421500000
032011111091791790160000227000000
032011111091791790170000428200000
032011111091791790180001089400000
032011111091791790190000924900000
032011111091791790200000829500000
032011111091791790210000071600000
032011111011891890010017812900001
032011111011891890020017516300000
032011111011891890030017273000000
032011111011891890040022320300001
032011111011891890050022080000001
032011111011891890060021935600001
032011111011891890070003437000000
032011111011891890080003088200000
032011111011891890090003005200000
032011111011891890100000597000000
032011111011891890110000499600000
032011111011891890120000391600000
032011111011891890130002411300000
032011111011891890140000283700000
032011111011891890150000186200000
032011111071391390010015760500001
032011111071391390020015608600001
032011111071391390030015467300001
032011111071391390040009318400001
032011111071391390050009152700000
032011111071391390060009010800000
032011111071391390070001366200000
032011111071391390080001203300000
032011111071391390090001114900000
032011111071391390100001120600000
032011111071391390110000188700000
032011111071391390120000117400000
032011111071391390130000073000000
032011111071391390140000252000000
032011111071391390150000065400000
032011111071391390160000035000000
032011111071391390170000023300000
032011111071391390180000275900000
032011111071391390190000222400000
032011111071391390200000190600000
032011111011491490010016353700001
032011111011491490020016027000000
032011111011491490030015866000000
032011111011491490040019773600001
032011111011491490050019450900001
032011111011491490060019181000001
032011111011491490070004048000000
032011111011491490080003800100000
032011111011491490090003537900000
032011111011491490100001241600000
032011111011491490110001125900000
032011111011491490120001028200000
032011111011491490130001613700000
032011111011491490140000157100000
032011111011491490150000050500000
032011111011491490160000025600000
032011111011491490170000020700000
032011111011491490180000096700000
032011111011491490190000069600000
032011111011491490200000462100000
032011111011491490210000367500000
032011111011491490220000283800000
032011111011491490230000119000000
032011111011491490240000343800000
032011111090890890280007046700000
032011111080990990010010898900001
032011111080990990020010650200001
032011111080990990030010508800001
032011111080990990040005627900001
032011111080990990050005449200000
032011111080990990060005217300000
032011111080990990070001673600000
032011111080990990080001149600000
032011111080990990090000909800000
032011111080990990100000832500000
032011111080990990110000346900000
032011111080990990120000264600000
032011111080990990130000203800000
032011111080990990140000207200000
032011111080990990150000074900000
032011111080990990160000060500000
032011111080990990170000051100000
032011111080990990180000175300000
032011111080990990190000292600000
032011111080990990200000199600000
032011111080990990210000144300000
032011111080990990220000067800000
032011111101091090010008819700001
032011111101091090020008660900000
032011111101091090030008633300000
032011111101091090040012597500001
032011111101091090050012493100001
032011111101091090060012279500001
032011111101091090070001129600000
032011111101091090080001018200000
032011111101091090090000892500000
032011111101091090100000819500000
032011111101091090110000199900000
032011111101091090120000161200000
032011111101091090130000091900000
032011111101091090140000047600000
032011111101091090150000037600000
032011111101091090160000011300000
032011111101091090170000237000000
032011111101091090180000166400000
032011111011191190010019050600001
032011111011191190020018499200000
032011111011191190030017967600000
032011111080590590050002224200000
032011111080590590060002137100000
032011111080590590070000511900000
032011111080590590080000381400000
032011111080590590090000331700000
032011111080590590100000754300000
032011111080590590110000066500000
032011111080590590120000044300000
032011111080590590130000052500000
032011111080590590140000033600000
032011111080590590150000055800000
032011111080590590160000114500000
032011111080590590170000077900000
032011111100690690010014856900001
032011111100690690020014624500000
032011111100690690030014444000000
032011111100690690040019802100001
032011111100690690050019520400001
032011111100690690060019364200001
032011111100690690070002076900000
032011111100690690080001904900000
032011111100690690090001700100000
032011111100690690100001418800000
032011111100690690110000247000000
032011111100690690120000302900000
032011111100690690130000276900000
032011111100690690140000134000000
032011111100690690150000075300000
032011111100690690160000058700000
032011111040710710010016448700001
032011111040710710020016067700001
032011111040710710030008940000001
032011111040710710040008504700000
032011111040710710050001444600000
032011111040710710060001209500000
032011111040710710070001290900000
032011111040710710080000359700000
032011111040710710090000327300000
032011111040710710100000092500000
032011111040710710110000071300000
032011111040710710120000117600000
032011111040710710130000087600000
032011111040710710140000516800000
032011111040710710150000454100000
032011111140190190010003604800001
032011111140190190020003446100000
032011111140190190030003391800000
032011111140190190040004419300001
032011111140190190050004281300001
032011111140190190060004236900001
032011111140190190070003081200000
032011111140190190080002976000000
032011111140190190090002934900000
032011111140190190100000647900000
032011111140190190110000563900000
032011111140190190120000499700000
032011111140190190130000107000000
032011111140190190140000093200000
032011111140190190150000066400000
032011111140190190160000451400000
032011111140190190170000189200000
032011111140190190180000053600000
032011111140190190190003055700000
032011111140190190200002985900000
032011111140190190210002904700000
032011111140190190220000379900000
032011111140190190230000306000000
032011111140190190240000279400000
032011111070290290010012039200001
032011111070290290020011990800001
032011111070290290030011823600001
032011111070290290040006738600001
032011111070290290050006574600000
032011111070290290060006435500000
032011111070290290070001306700000
032011111070290290080001175800000
032011111070290290090001025300000
032011111070290290100001070600000
032011111070290290110000208300000
032011111070290290120000144800000
032011111070290290130000085500000
032011111070290290140000070100000
032011111070290290150000068100000
032011111070290290160000317800000
032011111070290290170000276400000
032011111070290290180000233800000
032011111070290290190000035800000
032011111170390390010046016000001
032011111083793790170000135800000
032011111083793790180000291700000
032011111083793790190000172200000
032011111083793790200000120400000
032011111083793790210000031100000
032011111053843840010000407500000
032011111053843840020008379100001
032011111053843840030007868600000
032011111053843840040016699200001
032011111053843840050015858900001
032011111053843840060000943900000
032011111053843840070000090000000
032011111053843840080000070700000
032011111053843840090000996300000
032011111053843840100000867700000
032011111053843840110008235200000
032011111053843840120007400800000
032011111053843840130001588300000
032011111053843840140001360300000
032011111053843840150000195900000
032011111053843840160000114500000
032011111053853850010000989200000
032011111053853850020000010800000
032011111053853850030001733200001
032011111053853850040000050400000
032011111053853850050000882000000
032011111053853850060000058800000
032011111053853850070000129100000
032011111053863860010000462400001
032011111053863860020000372700000
032011111053863860030000011400000
032011111053863860040000133100000
032011111053863860050000012500000
032011111053863860060000033700000
032011111053873870010000169500000
032011111053873870020000141500000
032011111053873870030000004500000
032011111053873870040000001600000
032011111053873870050000183700001
032011111053873870060000018100000
032011111063993990010017553000001
032011111063993990020017297400001
032011111063993990030017033900001
032011111063993990040008820200001
032011111012992990240000154000000
032011111012992990250000059300000
032011111012992990260000030800000
032011111012992990270000029600000
032011111012992990280000049100000
032011111153093090010045315100001
032011111153093090020044621800001
032011111153093090030044137100001
032011111153093090040015540300001
032011111153093090050015093300000
032011111153093090060015028300000
032011111153093090070001063200000
032011111153093090080000989000000
032011111153093090090000924000000
032011111153093090100000283700000
032011111153093090110000187100000
032011111153093090120000166200000
032011111153093090130004575900000
032011111153093090140000750400000
032011111174694690270000135800000
032011111174694690280000139800000
032011111174694690290000075300000
032011111174694690300000066300000
032011111174694690310000503300000
032011111174694690320001199700000
032011111084794790010016246300001
032011111084794790020016074100001
032011111084794790030015909700001
032011111084794790040009110000001
032011111084794790050008897000000
032011111084794790060008661100000
032011111084794790070002251800000
032011111084794790080001927700000
032011111084794790090001696000000
032011111084794790100002179600000
032011111084794790110000064500000
032011111084794790120000042200000
032011111084794790130000034200000
032011111084794790140000132600000
032011111084794790150000092800000
032011111084794790160000061200000
032011111084794790170000267200000
032011111084794790180000185100000
032011111084794790190000110600000
032011111122892890130024585100000
032011111122892890140022657700000
032011111122892890150018671900000
032011111122892890160000641400000
032011111122892890170000454500000
032011111122892890180004146800000
032011111122892890190003394200000
032011111122892890200000656900000
032011111122892890210000515300000
032011111122892890220000263700000
032011111122892890230001304900000
032011111122892890240000854900000
032011111122892890250000578400000
032011111122892890260031146700000
032011111122892890270001442100000
032011111122892890280000889900000
032011111122892890290000597800000
032011111122892890300007931400000
032011111122892890310006198400000
032011111122892890320004714700000
032011111122892890330000289000000
032011111122892890340000159600000
032011111012992990010021897600001
032011111012992990020021074900000
032011111012992990030020630700000
032011111012992990040034232900001
032011111012992990050032644900001
032011111012992990060032309800001
032011111012992990070006168900000
032011111012992990080005401900000
032011111012992990090004817100000
032011111012992990100001267400000
032011111012992990110000888400000
032011111012992990120003715600000
032011111012992990130000618600000
032011111012992990140000382100000
032011111012992990150000325100000
032011111012992990160000926000000
032011111012992990170000143900000
032011111012992990180000100700000
032011111012992990190000075900000
032011111012992990200000546100000
032011111012992990210000454600000
032011111012992990220000308100000
032011111082492490030008871900000
032011111082492490040013833500001
032011111082492490050013749100001
032011111082492490060013648000001
032011111082492490070001040700000
032011111082492490080001322600000
032011111082492490090001131100000
032011111082492490100000931400000
032011111082492490110001307300000
032011111082492490120000258300000
032011111082492490130000186900000
032011111082492490140000108500000
032011111082492490150000058800000
032011111082492490160000104500000
032011111082492490170000162200000
032011111082492490180000351800000
032011111082492490190000040500000
032011111092592590010003959900001
032011111092592590020003793700000
032011111092592590030003704100000
032011111092592590040001528700000
032011111092592590050001309200000
032011111092592590060001225400000
032011111092592590070007073500001
032011111092592590080006770900001
032011111092592590090006507100001
032011111092592590100003219600000
032011111092592590110003130000000
032011111092592590120003109900000
032011111092592590130000210400000
032011111092592590140000518900000
032011111092592590150000465600000
032011111092592590160000119700000
032011111092592590170000071700000
032011111092592590180000048700000
032011111092592590190000149800000
032011111092592590200000113400000
032011111092592590210000092500000
032011111092592590220000121800000
032011111092592590230000210400000
032011111092592590240000028800000
032011111162692690010009064200001
032011111162692690020008967100001
032011111162692690030008869800001
032011111094394390040002367400000
032011111094394390050002022000000
032011111094394390060001821100000
032011111094394390070009662500001
032011111094394390080009256000001
032011111094394390090008681300000
032011111094394390100000777500000
032011111094394390110000397200000
032011111094394390120000297100000
032011111094394390130000286000000
032011111094394390140000128800000
032011111094394390150000094000000
032011111094394390160000444400000
032011111094394390170000409300000
032011111094394390180006969200000
032011111094394390190006717100000
032011111094394390200006600000000
032011111094394390210000535400000
032011111094394390220000066600000
032011111094394390230000094000000
032011111094394390240000314900000
032011111024494490010003781100001
032011111024494490020003584900001
032011111024494490030003700600001
032011111024494490040002372200001
032011111024494490050002322200000
032011111024494490060002299400000
032011111024494490070000510900000
032011111024494490080000509200000
032011111024494490090000415600000
032011111024494490100000276100000
032011111024494490110000067200000
032011111024494490120000022800000
032011111024494490130000050200000
032011111024494490140000122500000
032011111024494490150000044600000
032011111074594590010021143100001
032011111074594590020021028600001
032011111074594590030020758000001
032011111074594590040010969100001
032011111074594590050010775400000
032011111074594590060010685600000
032011111074594590070001932900000
032011111074594590080001764800000
032011111033393390020017531500000
032011111033393390030017278300000
032011111033393390040021065800001
032011111033393390050020860500001
032011111033393390060020544800001
032011111033393390070007789800000
032011111033393390080007212300000
032011111033393390090006915100000
032011111033393390100002257800000
032011111033393390110000210400000
032011111033393390120000145400000
032011111033393390130000118200000
032011111033393390140000170600000
032011111033393390150000107100000
032011111033393390160000096700000
032011111033393390170000376400000
032011111033393390180000294100000
032011111033393390190000225000000
032011111033393390200000178300000
032011111033393390210000050000000
032011111033393390220000031900000
032011111033393390230000024500000
032011111033393390240000100000000
032011111033393390250008895000000
032011111033393390260008637100000
032011111033393390270008369100000
032011111033393390280000731900000
032011111033393390290000549800000
032011111033393390300000497000000
032011111033393390310000149100000
032011111033393390320000612600000
032011111033393390330000535100000
032011111033393390340000496500000
032011111033393390350000035800000
032011111083493490010005449000001
032011111083493490020005449100001
032011111083493490030005352000001
032011111083493490040003178400001
032011111083493490050003098600000
032011111083493490060003028400000
032011111083493490070000539400000
032011111083493490080000455200000
032011111083493490090000387100000
032011111083493490100000450800000
032011111011491490250000284200000
032011111011491490260000248100000
032011111011491490270000030400000
032011111011491490280000021100000
032011111111591590010031117100001
032011111111591590020030661300001
032011111111591590030030428700001
032011111111591590040015757400001
032011111111591590050015393700000
032011111111591590060014836500000
032011111111591590070009323900000
032011111111591590080008498300000
032011111111591590090007880800000
032011111111591590100002899700000
032011111111591590110002184000000
032011111111591590120001848900000
032011111111591590130001031600000
032011111111591590140000540400000
032011111111591590150000346700000
032011111111591590160000351300000
032011111111591590170000303700000
032011111111591590180000152200000
032011111111591590190000087200000
032011111111591590200000057300000
032011111111591590210000088700000
032011111111591590220000049600000
032011111111591590230000041800000
032011111111591590240000085200000
032011111111591590250000092200000
032011111111591590260000727700000
032011111111591590270000133100000
032011111071691690010006685800001
032011111071691690020006625400001
032011111071691690030006588500001
032011111071691690040004026200001
032011111071691690050003969100000
032011111071691690060003945700000
032011111071691690070000473400000
032011111071691690080000428400000
032011111071691690090000397600000
032011111071691690100000417600000
032011111071691690110000049400000
032011111071691690120000018200000
032011111071691690130000110900000
032011111011191190040027270300001
032011111011191190050026207900001
032011111011191190060025683300001
032011111011191190070005050200000
032011111011191190080004410800000
032011111011191190090003976700000
032011111011191190100002299200000
032011111011191190110001961400000
032011111011191190120001690300000
032011111011191190130002726900000
032011111011191190140000545300000
032011111011191190150000344200000
032011111011191190160000306900000
032011111011191190170000242800000
032011111011191190180000175900000
032011111011191190190000625800000
032011111011191190200000061600000
032011111011191190210000121100000
032011111011191190220000085200000
032011111011191190230000551000000
032011111011191190240000451600000
032011111011191190250000413900000
032011111171291290010014766000001
032011111171291290020014491100001
032011111171291290030014433200001
032011111171291290040008269800001
032011111171291290050008030600000
032011111171291290060007787700000
032011111171291290070001454500000
032011111171291290080001285100000
032011111171291290090001106300000
032011111171291290100001204900000
032011111171291290110001019700000
032011111171291290120000823600000
032011111171291290130000252400000
032011111171291290140001098900000
032011111171291290150000418800000
032011111171291290160000339200000
032011111171291290170000305500000
032011111171291290180000271700000
032011111171291290190000085100000
032011111171291290200000054600000
032011111171291290210000043400000
032011111171291290220000233300000
032011111040710710160000047100000
032011111040710710170000036500000
032011111040710710180002512100000
032011111040710710190002311700000
032011111040710710200000402100000
032011111040710710210000321400000
032011111040720720010000209900000
032011111040720720020001060700000
032011111040720720030000173300000
032011111040720720040001722400001
032011111040720720050000074200000
032011111040720720060000088300000
032011111040720720070000063300000
032011111040730730010000277900000
032011111040730730020001638800000
032011111040730730030000082000000
032011111040730730040002327500001
032011111040730730050000199800000
032011111090890890010078728500001
032011111090890890020075211100001
032011111090890890030072975200001
032011111090890890040017776200000
032011111090890890050014901900000
032011111090890890060013139600000
032011111090890890070063033800001
032011111090890890080059508900000
032011111090890890090057366100000
032011111090890890100047968600000
032011111090890890110046256900000
032011111090890890120045883700000
032011111090890890130004087100000
032011111090890890140002589600000
032011111090890890150002265900000
032011111090890890160003365500000
032011111090890890170004671400000
032011111090890890180004014100000
032011111090890890190003549500000
032011111090890890200000891000000
032011111090890890210000550800000
032011111090890890220000452200000
032011111090890890230002965000000
032011111090890890240002305600000
032011111090890890250001912400000
032011111090890890260008743900000
032011111170390390020044906100001
032011111170390390030044936300001
032011111170390390040023190300001
032011111170390390050022272800000
032011111170390390060021673200000
032011111170390390070004653400000
032011111170390390080000523700000
032011111170390390090002623600000
032011111170390390100002187100000
032011111170390390110002085400000
032011111170390390120004834400000
032011111170390390130004372700000
032011111170390390140003665200000
032011111170390390150000871400000
032011111170390390160000513800000
032011111170390390170000497200000
032011111170390390180000467200000
032011111170390390190000322300000
032011111170390390200000160700000
032011111010490490010017198800001
032011111010490490020016737300001
032011111010490490030016535000001
032011111010490490040009022600001
032011111010490490050008746600000
032011111010490490060008644500000
032011111010490490070001460000000
032011111010490490080001304100000
032011111010490490090001135000000
032011111010490490100001214200000
032011111010490490110000440400000
032011111010490490120000348400000
032011111010490490130000295100000
032011111010490490140000060300000
032011111010490490150000046200000
032011111010490490160000029800000
032011111010490490170000095500000
032011111010490490180000393600000
032011111010490490190000300200000
032011111010490490200000261000000
032011111010490490210000043100000
032011111010490490220000091200000
032011111080590590010006278500001
032011111080590590020006236400001
032011111080590590030006155300001
032011111084794790200000071000000
032011111084794790210000080300000
032011111084794790220000078200000
032011111084794790230000049200000
032011111084794790240000042900000
032011111084794790250000376400000
032011111084794790260000029400000
032011111084794790270000066700000
032011111144894890010012831800001
032011111144894890020012545300000
032011111144894890030012423600000
032011111144894890040020456700001
032011111144894890050019779900001
032011111144894890060019622400001
032011111144894890070010761600000
032011111144894890080010573500000
032011111144894890090010400400000
032011111144894890100011771300000
032011111144894890110011647700000
032011111144894890120011353400000
032011111144894890130001097000000
032011111144894890140000265600000
032011111144894890150000168500000
032011111144894890160000145900000
032011111144894890170000426100000
032011111144894890180000327900000
032011111144894890190000293800000
032011111144894890200000980200000
032011111144894890210000749700000
032011111144894890220000698400000
032011111144894890230000550500000
032011111144894890240000472300000
032011111144894890250000110000000
032011111144894890260002089500000
032011111144894890270001851100000
032011111144894890280001664700000
032011111084994990010006333400001
032011111084994990020006323800001
032011111084994990030006254000001
032011111084994990040003465500001
032011111084994990050003269100000
032011111084994990060003168700000
032011111084994990070000522200000
032011111084994990080000438400000
032011111071991990160000061000000
032011111071991990170000033500000
032011111071991990180000028000000
032011111071991990190000025900000
032011111142092090010007224000000
032011111142092090020007026200000
032011111142092090030006932700000
032011111142092090040008154500001
032011111142092090050007998900000
032011111142092090060007867900000
032011111142092090070004903600000
032011111142092090080004807800000
032011111142092090090004783200000
032011111142092090100012671000001
032011111142092090110012366200001
032011111142092090120012261700001
032011111142092090130001160200000
032011111142092090140000998900000
032011111142092090150000898200000
032011111142092090160000564800000
032011111142092090170000145000000
032011111142092090180000074400000
032011111142092090190000059400000
032011111142092090200000024700000
032011111142092090210000304400000
032011111142092090220000502800000
032011111142092090230000408700000
032011111142092090240000337900000
032011111142092090250000068300000
032011111012192190010010130600001
032011111012192190020009891200000
032011111012192190030009662600000
032011111012192190040010674200001
032011111012192190050010424800001
032011111012192190060010180300001
032011111012192190070001709900000
032011111012192190080001492200000
032011111012192190090001316100000
032011111012192190100000698500000
032011111012192190110000576700000
032011111012192190120000474300000
032011111012192190130000884700000
032011111012192190140000127300000
032011111012192190150000217800000
032011111012192190160000055300000
032011111011891890160000164500000
032011111011891890170000186000000
032011111011891890180000042200000
032011111011891890190000034200000
032011111011891890200000025500000
032011111011891890210000456100000
032011111011891890220000340000000
032011111011891890230000198200000
032011111011891890240000085800000
032011111011891890250000112200000
032011111011891890260000035000000
032011111011891890270000276200000
032011111011891890280000249400000
032011111011891890290000207500000
032011111011891890300000188400000
032011111071991990010006745800001
032011111071991990020006673000001
032011111071991990030006628700001
032011111071991990040003480000001
032011111071991990050003334600000
032011111071991990060003295600000
032011111071991990070000874500000
032011111071991990080000736700000
032011111153093090150000634200000
032011111153093090160000444800000
032011111153093090170000801100000
032011111153093090180000702500000
032011111153093090190000619900000
032011111153093090200000493200000
032011111153093090210000092700000
032011111153093090220000048700000
032011111153093090230000049500000
032011111153093090240000019500000
032011111153093090250000144400000
032011111153093090260000076400000
032011111153093090270000066400000
032011111153093090280000028100000
032011111153093090290000249000000
032011111133193190010011864900001
032011111133193190020011681900001
032011111133193190030011515700001
032011111133193190040006845200001
032011111133193190050006528900000
032011111133193190060006348400000
032011111133193190070000783800000
032011111063993990050008550900000
032011111063993990060008423300000
032011111063993990070001379600000
032011111063993990080000262000000
032011111063993990090000084200000
032011111063993990100000055900000
032011111063993990110000051600000
032011111063993990120000052800000
032011111063993990130000032500000
032011111063993990140000028500000
032011111063993990150003600800000
032011111063993990160003383800000
032011111063993990170003226300000
032011111063993990180001212000000
032011111063993990190001024600000
032011111063993990200000869000000
032011111063993990210000057200000
032011111063993990220000034200000
032011111063993990230000021500000
032011111063993990240000089800000
032011111063993990250000059400000
032011111063993990260000040000000
032011111063993990270000020900000
032011111063993990280000068000000
032011111063993990290000043600000
032011111063993990300000313000000
032011111084094090010004932800001
032011111084094090020004851800001
032011111084094090030004761200001
032011111084094090040002450200001
032011111084094090050002356800000
032011111084094090060002257200000
032011111084094090070000466900000
032011111084094090080000402400000
032011111084094090090000328600000
032011111084094090100000628800000
032011111084094090110000083100000
032011111084094090120000082300000
032011111084094090130000050500000
032011111084094090140000168600000
032011111084094090150000020900000
032011111014194190010041516700001
032011111014194190020040529800001
032011111014194190030039990600001
032011111014194190040038454000001
032011111185195190100000044800000
032011111185195190110000041500000
032011111185195190120000167500000
032011111185195190130000155100000
032011111195295290010001710200001
032011111195295290020001628500001
032011111195295290030000628000000
032011111195295290040000592800000
032011111195295290050000083600000
032011111195295290060000014400000
032011111195295290070000023300000
032011111195295290080000054600000
032011111053533530040000052400000
032011111053533530050000033500000
032011111053533530060000089500000
032011111053533530070000011400000
032011111113693690010025971100001
032011111113693690020025596000001
032011111113693690030025385200001
032011111113693690040014041600001
032011111113693690050013421300000
032011111113693690060013040100000
032011111113693690070007716100000
032011111113693690080007014500000
032011111113693690090006729300000
032011111113693690100002236800000
032011111113693690110001712900000
032011111113693690120001620600000
032011111113693690130000778100000
032011111113693690140000507800000
032011111113693690150000334600000
032011111113693690160000292600000
032011111113693690170000060900000
032011111113693690180000037500000
032011111113693690190000026400000
032011111113693690200000535300000
032011111113693690210000369800000
032011111113693690220000307900000
032011111113693690230000081500000
032011111113693690240000084300000
032011111113693690250000116200000
032011111083793790010011927700001
032011111083793790020011282400001
032011111083793790030011591500001
032011111083793790040005363900001
032011111083793790050005253400000
032011111083793790060005062200000
032011111083793790070000874200000
032011111083793790080000696300000
032011111083793790090000564500000
032011111083793790100001406300000
032011111083793790110000188100000
032011111083793790120000130200000
032011111083793790130000112000000
032011111083793790140000114900000
032011111083793790150000073300000
032011111083793790160000054900000
032011111012992990230000167700000
032011111162692690040005117400001
032011111074594590090001497900000
032011111083493490110000075900000
032011111071691690140000076500000
032011111171291290230000035000000
032011111090890890270007909900000
032011111080590590040002377400001
032011111084994990090000376800000
